-1.50408136844635,0.27579617500305176,1.9111980199813843,-2.7204718589782715,-0.4942900538444519,2.5698819160461426,-1.511250615119934
-1.5007799863815308,0.26964300870895386,1.9080523252487183,-2.717012643814087,-0.4846932888031006,2.5717291831970215,-1.493775725364685
-1.4972410202026367,0.26352477073669434,1.904667615890503,-2.713531970977783,-0.4750899374485016,2.5735039710998535,-1.4763007164001465
-1.493450403213501,0.2574388086795807,1.9010298252105713,-2.7100298404693604,-0.4654799699783325,2.575207471847534,-1.4588258266448975
-1.4893970489501953,0.2513849139213562,1.897127628326416,-2.7065062522888184,-0.45586299896240234,2.5768396854400635,-1.4413509368896484
-1.4850584268569946,0.2453622967004776,1.8929377794265747,-2.70296049118042,-0.446239173412323,2.5784032344818115,-1.4238759279251099
-1.4804260730743408,0.23937006294727325,1.8884519338607788,-2.6993932723999023,-0.4366084039211273,2.579896926879883,-1.4064010381698608
-1.475474238395691,0.233407124876976,1.8836439847946167,-2.6958038806915283,-0.4269706606864929,2.5813231468200684,-1.3889261484146118
-1.4701865911483765,0.2274736762046814,1.8784972429275513,-2.692192316055298,-0.4173259735107422,2.5826807022094727,-1.3714511394500732
-1.4645352363586426,0.22156862914562225,1.872983455657959,-2.6885581016540527,-0.4076736569404602,2.5839719772338867,-1.3539762496948242
-1.4584988355636597,0.2156911939382553,1.8670810461044312,-2.684901714324951,-0.3980148732662201,2.5851967334747314,-1.3365013599395752
-1.4520448446273804,0.20984123647212982,1.8607572317123413,-2.681222438812256,-0.3883485496044159,2.5863559246063232,-1.3190264701843262
-1.445149302482605,0.2040187418460846,1.8539878129959106,-2.677520751953125,-0.37867486476898193,2.587449550628662,-1.3015514612197876
-1.4377728700637817,0.19822287559509277,1.84673273563385,-2.6737959384918213,-0.3689939081668854,2.5884785652160645,-1.2840765714645386
-1.4298770427703857,0.1924552470445633,1.8389537334442139,-2.670048236846924,-0.3593054711818695,2.5894434452056885,-1.2666016817092896
-1.4214186668395996,0.18671368062496185,1.8306066989898682,-2.6662774085998535,-0.3496095836162567,2.5903446674346924,-1.249126672744751
-1.4123510122299194,0.180999755859375,1.8216452598571777,-2.662482976913452,-0.33990564942359924,2.5911827087402344,-1.231651782989502
-1.4026201963424683,0.17531530559062958,1.8120146989822388,-2.658665418624878,-0.3301946520805359,2.5919575691223145,-1.214176893234253
-1.3921626806259155,0.1696588099002838,1.8016513586044312,-2.6548240184783936,-0.3204755485057831,2.592670440673828,-1.1967018842697144
-1.3809103965759277,0.16403184831142426,1.7904868125915527,-2.650959014892578,-0.3107486069202423,2.5933213233947754,-1.1792269945144653
-1.3687865734100342,0.15843771398067474,1.778443455696106,-2.6470701694488525,-0.30101707577705383,2.593909740447998,-1.1617521047592163
-1.3557031154632568,0.15287433564662933,1.7654337882995605,-2.6431572437286377,-0.29127418994903564,2.59443736076355,-1.1442770957946777
-1.341559648513794,0.14734740555286407,1.751356601715088,-2.6392199993133545,-0.2815234661102295,2.5949034690856934,-1.1268022060394287
-1.3262417316436768,0.14185678958892822,1.7360970973968506,-2.635258674621582,-0.27176451683044434,2.595309257507324,-1.1093273162841797
-1.3096145391464233,0.1364074945449829,1.7195199728012085,-2.631273031234741,-0.2619978189468384,2.5956544876098633,-1.0918523073196411
-1.291534185409546,0.13100175559520721,1.7014813423156738,-2.627262592315674,-0.25222206115722656,2.5959389209747314,-1.074377417564392
-1.2718206644058228,0.1256459355354309,1.6818004846572876,-2.623227596282959,-0.24243761599063873,2.596163511276245,-1.056902527809143
-1.2502816915512085,0.12034451216459274,1.6602849960327148,-2.6191678047180176,-0.23264458775520325,2.596327781677246,-1.0394275188446045
-1.2266812324523926,0.11510533839464188,1.6366982460021973,-2.6150827407836914,-0.22284244000911713,2.5964324474334717,-1.0219526290893555
-1.2007606029510498,0.10993654280900955,1.6107813119888306,-2.6109728813171387,-0.21303129196166992,2.5964767932891846,-1.0044777393341064
-1.1722047328948975,0.10484664887189865,1.5822182893753052,-2.606837749481201,-0.2032114714384079,2.5964620113372803,-0.9870027899742126
-1.1406617164611816,0.09984871745109558,1.550657868385315,-2.6026768684387207,-0.19338193535804749,2.5963873863220215,-0.9695279002189636
-1.1057285070419312,0.09495773166418076,1.5156959295272827,-2.5984907150268555,-0.1835428774356842,2.5962533950805664,-0.9520529508590698
-1.0669456720352173,0.09019286185503006,1.4768725633621216,-2.5942790508270264,-0.1736941784620285,2.5960590839385986,-0.934578001499176
-1.0237762928009033,0.08557222783565521,1.4336508512496948,-2.590041160583496,-0.16383564472198486,2.5958056449890137,-0.917103111743927
-0.975633978843689,0.08112472295761108,1.3854436874389648,-2.585777759552002,-0.15396682918071747,2.5954933166503906,-0.8996281623840332
-0.921901285648346,0.07688330113887787,1.3316330909729004,-2.5814881324768066,-0.14408771693706512,2.595120668411255,-0.8821532130241394
-0.8619094491004944,0.07288055121898651,1.2715502977371216,-2.57717227935791,-0.13419830799102783,2.5946884155273438,-0.8646783232688904
-0.7950248122215271,0.06916464865207672,1.2045607566833496,-2.5728302001953125,-0.12429829686880112,2.5941965579986572,-0.8472033739089966
-0.7207014560699463,0.06578771024942398,1.1301183700561523,-2.5684614181518555,-0.11438720673322678,2.593644618988037,-0.8297284245491028
-0.6385977864265442,0.06280336529016495,1.0478812456130981,-2.564065933227539,-0.10446466505527496,2.593031883239746,-0.8122535347938538
-0.5486881732940674,0.06027873605489731,0.9578229784965515,-2.559643507003784,-0.09453034400939941,2.5923595428466797,-0.79477858543396
-0.4514661729335785,0.05827658623456955,0.8604370355606079,-2.55519437789917,-0.08458509296178818,2.5916271209716797,-0.7773036360740662
-0.34804463386535645,0.0568583607673645,0.7568351626396179,-2.550718307495117,-0.07462723553180695,2.5908331871032715,-0.7598287463188171
-0.2401706427335739,0.05607258155941963,0.648764431476593,-2.5462148189544678,-0.06465784460306168,2.5899784564971924,-0.7423537969589233
-0.13014212250709534,0.055953335016965866,0.5385224223136902,-2.541684150695801,-0.054675422608852386,2.5890631675720215,-0.7248788475990295
-0.02056635543704033,0.05650906264781952,0.42871561646461487,-2.537125825881958,-0.04467947408556938,2.5880849361419678,-0.7074039578437805
0.08604862540960312,0.05773269012570381,0.32185181975364685,-2.5325398445129395,-0.034670572727918625,2.587045907974243,-0.6899290084838867
0.18755903840065002,0.05958813056349754,0.22007399797439575,-2.527926445007324,-0.024648578837513924,2.585944652557373,-0.6724541187286377
0.28244367241859436,0.062024544924497604,0.12490297108888626,-2.523284912109375,-0.01461237296462059,2.58478045463562,-0.6549791693687439
0.3698389232158661,0.0649886280298233,0.03720187768340111,-2.518615245819092,-0.0045613814145326614,2.5835530757904053,-0.6375042796134949
0.4494459629058838,0.06841542571783066,-0.04273224249482155,-2.5139172077178955,0.005503618624061346,2.5822622776031494,-0.6200293302536011
0.5214220881462097,0.07224833965301514,-0.11505421251058578,-2.5091910362243652,0.01558411493897438,2.5809078216552734,-0.602554440498352
0.5861964821815491,0.07643423229455948,-0.18019598722457886,-2.504436492919922,0.02568034827709198,2.579488754272461,-0.5850794911384583
0.6443573236465454,0.08092661947011948,-0.23874610662460327,-2.499652862548828,0.03579245135188103,2.5780045986175537,-0.5676045417785645
0.6965596079826355,0.08568582683801651,-0.29136011004447937,-2.4948408603668213,0.04592093080282211,2.5764546394348145,-0.5501295924186707
0.7434506416320801,0.09067597985267639,-0.33868592977523804,-2.489999771118164,0.05606594681739807,2.574838876724243,-0.5326547622680664
0.7856538891792297,0.09587178379297256,-0.3813473880290985,-2.4851298332214355,0.06622873991727829,2.5731563568115234,-0.5151798129081726
0.8237296938896179,0.1012459322810173,-0.4199056923389435,-2.4802303314208984,0.07640966773033142,2.571406126022339,-0.4977048635482788
0.8581811785697937,0.1067812368273735,-0.4548644721508026,-2.475301504135132,0.08660858124494553,2.5695877075195312,-0.4802298843860626
0.8894502520561218,0.11246102303266525,-0.48666638135910034,-2.4703433513641357,0.09682678431272507,2.5677008628845215,-0.4627549648284912
0.9179264307022095,0.11827332526445389,-0.5157015323638916,-2.465355396270752,0.10706426948308945,2.565743923187256,-0.4452800154685974
0.9439433813095093,0.1242060735821724,-0.5423044562339783,-2.4603374004364014,0.11732199788093567,2.5637168884277344,-0.4278051555156708
0.9677959680557251,0.1302526742219925,-0.5667703747749329,-2.455289602279663,0.12760069966316223,2.5616180896759033,-0.41033023595809937
0.9897350668907166,0.13640180230140686,-0.5893512964248657,-2.450211763381958,0.13790088891983032,2.5594472885131836,-0.39285528659820557
1.0099788904190063,0.1426505446434021,-0.6102660298347473,-2.445103406906128,0.14822295308113098,2.5572030544281006,-0.37538033723831177
1.0287126302719116,0.14899510145187378,-0.6297004818916321,-2.439964532852173,0.15856820344924927,2.5548856258392334,-0.35790538787841797
1.0461069345474243,0.15543024241924286,-0.647826075553894,-2.4347951412200928,0.16893698275089264,2.552492618560791,-0.3404305577278137
1.062302827835083,0.16195248067378998,-0.6647846102714539,-2.4295949935913086,0.17932961881160736,2.550023317337036,-0.3229556083679199
1.0774234533309937,0.16856130957603455,-0.680700421333313,-2.424363851547241,0.18974776566028595,2.5474772453308105,-0.3054806590080261
1.0915817022323608,0.1752527505159378,-0.695686936378479,-2.4191014766693115,0.20019163191318512,2.5448522567749023,-0.2880057096481323
1.1048712730407715,0.18202728033065796,-0.7098388671875,-2.4138078689575195,0.21066227555274963,2.542147636413574,-0.2705307602882385
1.1173757314682007,0.18888399004936218,-0.7232404351234436,-2.408482789993286,0.22116094827651978,2.5393621921539307,-0.2530558407306671
1.1291685104370117,0.19582226872444153,-0.7359664440155029,-2.4031262397766113,0.23168757557868958,2.5364952087402344,-0.23558098077774048
1.1403205394744873,0.20284217596054077,-0.7480883598327637,-2.397737741470337,0.24224403500556946,2.5335440635681152,-0.21810604631900787
1.1508841514587402,0.20994247496128082,-0.7596601247787476,-2.392317295074463,0.2528305649757385,2.530508518218994,-0.20063109695911407
1.1609152555465698,0.2171257883310318,-0.7707380056381226,-2.3868649005889893,0.2634493112564087,2.527386426925659,-0.18315616250038147
1.1704589128494263,0.22439175844192505,-0.7813685536384583,-2.3813798427581787,0.2741004526615143,2.5241761207580566,-0.16568119823932648
1.1795564889907837,0.23174141347408295,-0.7915942072868347,-2.3758623600006104,0.2847851514816284,2.520876407623291,-0.14820626378059387
1.1882448196411133,0.23917613923549652,-0.8014530539512634,-2.370312213897705,0.29550501704216003,2.5174853801727295,-0.13073143362998962
1.1965571641921997,0.2466965764760971,-0.8109790682792664,-2.364729404449463,0.3062608540058136,2.5140018463134766,-0.11325646936893463
1.2045249938964844,0.2543050944805145,-0.8202054500579834,-2.3591132164001465,0.31705427169799805,2.510422706604004,-0.09578152745962143
1.2121752500534058,0.26200270652770996,-0.8291601538658142,-2.353464126586914,0.32788681983947754,2.506747245788574,-0.07830658555030823
1.219531774520874,0.26979130506515503,-0.837868332862854,-2.3477814197540283,0.33875933289527893,2.5029728412628174,-0.060831647366285324
1.2266151905059814,0.27767303586006165,-0.8463523387908936,-2.34206485748291,0.3496733009815216,2.4990978240966797,-0.04335669055581093
1.2334469556808472,0.2856496572494507,-0.8546346426010132,-2.336315155029297,0.3606298565864563,2.4951202869415283,-0.025881856679916382
1.2400472164154053,0.29372426867485046,-0.8627369999885559,-2.3305306434631348,0.37163206934928894,2.491036891937256,-0.00840691477060318
1.2464298009872437,0.3018985092639923,-0.8706752061843872,-2.3247122764587402,0.38268011808395386,2.4868459701538086,0.009068041108548641
1.2526123523712158,0.3101753890514374,-0.8784677386283875,-2.318859338760376,0.39377662539482117,2.4825448989868164,0.02654298208653927
1.258606195449829,0.3185576796531677,-0.8861281871795654,-2.312972068786621,0.40492233633995056,2.4781317710876465,0.04401792213320732
1.264426827430725,0.32704824209213257,-0.8936736583709717,-2.307049512863159,0.41612064838409424,2.4736030101776123,0.06149286404252052
1.2700847387313843,0.33564987778663635,-0.9011164307594299,-2.3010921478271484,0.42737242579460144,2.4689557552337646,0.07896771281957626
1.2755906581878662,0.3443656861782074,-0.908469021320343,-2.2950992584228516,0.4386800527572632,2.4641876220703125,0.09644265472888947
1.2809536457061768,0.35319983959198,-0.9157426953315735,-2.2890708446502686,0.45004570484161377,2.4592955112457275,0.11391759663820267
1.2861862182617188,0.36215534806251526,-0.9229522347450256,-2.2830066680908203,0.46147194504737854,2.454274892807007,0.13139255344867706
1.29129159450531,0.3712361454963684,-0.9301022887229919,-2.276906728744507,0.4729604721069336,2.449124813079834,0.14886748790740967
1.296281099319458,0.3804459869861603,-0.9372069239616394,-2.27077054977417,0.4845144748687744,2.4438397884368896,0.16634243726730347
1.301161527633667,0.38978973031044006,-0.9442755579948425,-2.2645976543426514,0.49613603949546814,2.4384164810180664,0.18381726741790771
1.3059380054473877,0.39927101135253906,-0.9513171911239624,-2.2583882808685303,0.507828414440155,2.4328513145446777,0.2012922316789627
1.3106184005737305,0.40889492630958557,-0.9583390355110168,-2.2521419525146484,0.519594669342041,2.4271397590637207,0.2187671661376953
1.2395087480545044,0.3717501759529114,-0.8933405876159668,-2.2603418827056885,0.45811253786087036,2.4471328258514404,0.25075048208236694
1.1589891910552979,0.3382127285003662,-0.8199415802955627,-2.2678050994873047,0.39735960960388184,2.4640870094299316,0.28273382782936096
1.0672590732574463,0.30821821093559265,-0.7361783981323242,-2.274522304534912,0.33717966079711914,2.4782984256744385,0.3147171437740326
0.9624186158180237,0.2818591296672821,-0.6400102376937866,-2.280486583709717,0.2774452865123749,2.4899990558624268,0.3467004597187042
0.8427602052688599,0.25938844680786133,-0.5296040177345276,-2.285691261291504,0.21805277466773987,2.4993677139282227,0.37868380546569824
0.707321047782898,0.24120216071605682,-0.4038824737071991,-2.290130376815796,0.15891321003437042,2.5065419673919678,0.4106671214103699
0.556702196598053,0.22779697179794312,-0.26334038376808167,-2.2938005924224854,0.09995154291391373,2.511620044708252,0.4426504671573639
0.39387017488479614,0.2196781039237976,-0.11084402352571487,-2.296698570251465,0.04110008105635643,2.514669895172119,0.4746337831020355
0.22439910471439362,0.2172250896692276,0.04813459888100624,-2.2988228797912598,-0.017703259363770485,2.5157294273376465,0.5066171288490295
0.05556988716125488,0.220561221241951,0.20640505850315094,-2.30017352104187,-0.07651709020137787,2.5148072242736816,0.5386004447937012
-0.10550426691770554,0.22951383888721466,0.35695189237594604,-2.300751209259033,-0.1353994756937027,2.511885643005371,0.5705837607383728
-0.25364458560943604,0.24367257952690125,0.49469321966171265,-2.3005592823028564,-0.19441163539886475,2.506917715072632,0.6025670766830444
-0.3863094449043274,0.26252666115760803,0.6171879172325134,-2.2996010780334473,-0.25361818075180054,2.4998254776000977,0.6345503926277161
-0.3537980318069458,0.2526112198829651,0.5778401494026184,-2.3040151596069336,-0.23142577707767487,2.504082679748535,0.6033709645271301
-0.31872478127479553,0.2432967573404312,0.5360100865364075,-2.3082361221313477,-0.20933079719543457,2.507988929748535,0.5721915364265442
-0.28096964955329895,0.23460601270198822,0.49156972765922546,-2.3122644424438477,-0.18732599914073944,2.511554718017578,0.5410120487213135
-0.24044260382652283,0.22656694054603577,0.4444218575954437,-2.3161001205444336,-0.1654047816991806,2.5147876739501953,0.5098326206207275
-0.1970910280942917,0.21920961141586304,0.39450696110725403,-2.319744110107422,-0.14356069266796112,2.5176963806152344,0.4786531925201416
-0.15091589093208313,0.2125673145055771,0.34181907773017883,-2.3231961727142334,-0.12178822606801987,2.52028751373291,0.44747376441955566
-0.10198210179805756,0.2066749781370163,0.2864168584346771,-2.3264570236206055,-0.10008101910352707,2.5225672721862793,0.41629430651664734
-0.05043471232056618,0.20156744122505188,0.22843904793262482,-2.329526901245117,-0.07843411713838577,2.524540901184082,0.3851148784160614
0.003492438467219472,0.19728027284145355,0.1681133359670639,-2.3324060440063477,-0.05684271454811096,2.5262136459350586,0.3539354205131531
0.05947380140423775,0.19384358823299408,0.10575942695140839,-2.3350954055786133,-0.035301726311445236,2.5275893211364746,0.32275599241256714
0.11709561944007874,0.19128406047821045,0.04178540036082268,-2.337594509124756,-0.013806324452161789,2.5286707878112793,0.2915765345096588
0.17586219310760498,0.1896209567785263,-0.023318756371736526,-2.339904308319092,0.007648521102964878,2.529460906982422,0.2603971064090729
0.23521877825260162,0.1888665407896042,-0.08900373429059982,-2.342024564743042,0.029067041352391243,2.5299623012542725,0.22921767830848694
0.29457566142082214,0.18902266025543213,-0.15468528866767883,-2.3439559936523438,0.05045362561941147,2.5301761627197266,0.198038250207901
0.3533411920070648,0.19008365273475647,-0.21977704763412476,-2.3456993103027344,0.07181277871131897,2.5301034450531006,0.16685877740383148
0.4109526574611664,0.19203190505504608,-0.2837231755256653,-2.3472537994384766,0.09314902871847153,2.5297434329986572,0.13567933440208435
0.46689942479133606,0.19484448432922363,-0.3460143208503723,-2.348620891571045,0.11446595937013626,2.529097557067871,0.10449989885091782
0.5207521915435791,0.19848936796188354,-0.4062292277812958,-2.3498001098632812,0.13576838374137878,2.528162956237793,0.07332047075033188
0.5721687078475952,0.20293119549751282,-0.46403035521507263,-2.350792169570923,0.1570606231689453,2.5269393920898438,0.04214103892445564
0.6208982467651367,0.20813240110874176,-0.5191724896430969,-2.351597309112549,0.17834694683551788,2.5254242420196533,0.010961603373289108
0.6667829751968384,0.2140519618988037,-0.5715027451515198,-2.3522157669067383,0.19963182508945465,2.5236144065856934,-0.02021786756813526
0.7097417712211609,0.2206505388021469,-0.6209452748298645,-2.3526480197906494,0.22091978788375854,2.5215065479278564,-0.05139730125665665
0.7497648000717163,0.22789013385772705,-0.6674955487251282,-2.3528943061828613,0.24221578240394592,2.5190963745117188,-0.08257673680782318
0.6726891994476318,0.21044783294200897,-0.5928642749786377,-2.3603286743164062,0.20349590480327606,2.5258703231811523,-0.05097382515668869
0.5846160650253296,0.1946827918291092,-0.5075161457061768,-2.3674750328063965,0.16490121185779572,2.5317277908325195,-0.01937091536819935
0.48419418931007385,0.18081457912921906,-0.4100722074508667,-2.374333381652832,0.12640930712223053,2.5367016792297363,0.01223198976367712
0.3705463409423828,0.1691213995218277,-0.29962795972824097,-2.3809032440185547,0.08800078183412552,2.5408167839050293,0.043834906071424484
0.24378834664821625,0.15991969406604767,-0.1762760430574417,-2.387185573577881,0.049658119678497314,2.544095039367676,0.07543782144784927
0.10559605062007904,0.15353286266326904,-0.04166759178042412,-2.3931803703308105,0.01136492658406496,2.546551465988159,0.10704071819782257
-0.04045208543539047,0.15022318065166473,0.10064215958118439,-2.398888349533081,-0.026893695816397667,2.5481953620910645,0.13864365220069885
-0.18914933502674103,0.15014110505580902,0.24546921253204346,-2.404310703277588,-0.06513121724128723,2.54903244972229,0.17024654150009155
-0.334666907787323,0.1532699465751648,0.38700687885284424,-2.4094483852386475,-0.10336151719093323,2.5490639209747314,0.20184946060180664
-0.4718734323978424,0.15943270921707153,0.5201458930969238,-2.4143030643463135,-0.1415969729423523,2.5482847690582275,0.23345237970352173
-0.5973053574562073,0.16833838820457458,0.6414443254470825,-2.4188761711120605,-0.1798497587442398,2.5466861724853516,0.26505526900291443
-0.7094001770019531,0.179653137922287,0.7493615746498108,-2.4231698513031006,-0.21813276410102844,2.544252872467041,0.29665815830230713
-0.8081144094467163,0.1930486112833023,0.8438760042190552,-2.4271864891052246,-0.2564584016799927,2.540966749191284,0.3282610774040222
-0.8943719863891602,0.20824430882930756,0.9259335398674011,-2.4309284687042236,-0.29483988881111145,2.5368003845214844,0.3598640263080597
-0.9695397019386292,0.22501851618289948,0.9969236850738525,-2.4343984127044678,-0.33329129219055176,2.531723737716675,0.3914669156074524
-1.0351030826568604,0.24320967495441437,1.0583549737930298,-2.4375998973846436,-0.3718280494213104,2.5256972312927246,0.4230698347091675
-1.0924644470214844,0.26270824670791626,1.1116533279418945,-2.440535545349121,-0.41046589612960815,2.5186755657196045,0.4546727240085602
-1.142881155014038,0.2834542393684387,1.1581010818481445,-2.443209171295166,-0.4492241144180298,2.510603189468384,0.48627564311027527
-1.1874241828918457,0.3054267466068268,1.1987955570220947,-2.445624828338623,-0.4881233870983124,2.501415729522705,0.517878532409668
-1.2269964218139648,0.32864052057266235,1.2346664667129517,-2.447786331176758,-0.5271878838539124,2.491037368774414,0.5494815111160278
-1.262345314025879,0.3531419336795807,1.266491174697876,-2.4496982097625732,-0.5664447546005249,2.479379653930664,0.5810843110084534
-1.2940924167633057,0.3790073096752167,1.2949230670928955,-2.4513649940490723,-0.6059274673461914,2.4663374423980713,0.6126872301101685
-1.3227481842041016,0.4063425064086914,1.3205082416534424,-2.452791452407837,-0.6456730961799622,2.4517886638641357,0.6442901492118835
-1.348734736442566,0.4352858364582062,1.3437062501907349,-2.4539825916290283,-0.6857280135154724,2.4355874061584473,0.6758930683135986
-1.3724009990692139,0.46601083874702454,1.3649113178253174,-2.4549436569213867,-0.7261468172073364,2.417560577392578,0.7074959874153137
-1.3940362930297852,0.4987306594848633,1.3844627141952515,-2.4556803703308105,-0.7669961452484131,2.3975024223327637,0.7390989065170288
-1.4349969625473022,0.5206471085548401,1.4201971292495728,-2.4747390747070312,-0.7997235059738159,2.385927677154541,0.7689741253852844
-1.4733332395553589,0.5444759726524353,1.453132152557373,-2.4935250282287598,-0.8327093124389648,2.3726892471313477,0.79884934425354
-1.5091407299041748,0.5703569054603577,1.48336923122406,-2.512047290802002,-0.8659974932670593,2.357609272003174,0.8287245631217957
-1.5425186157226562,0.5984711050987244,1.5110132694244385,-2.5303142070770264,-0.8996402025222778,2.3404743671417236,0.8585997819900513
-1.573560357093811,0.6290457248687744,1.5361628532409668,-2.548334836959839,-0.9336962699890137,2.321031332015991,0.8884750008583069
-1.6023563146591187,0.662372887134552,1.5589138269424438,-2.5661168098449707,-0.9682420492172241,2.298967123031616,0.9183502197265625
-1.6289863586425781,0.6988199949264526,1.579351544380188,-2.5836682319641113,-1.0033681392669678,2.2739005088806152,0.9482254385948181
-1.6535210609436035,0.7388588786125183,1.5975533723831177,-2.600996971130371,-1.039191722869873,2.2453534603118896,0.9781006574630737
-1.6760143041610718,0.7830999493598938,1.6135812997817993,-2.6181108951568604,-1.0758646726608276,2.212717294692993,1.0079759359359741
-1.696502447128296,0.8323429822921753,1.6274831295013428,-2.6350173950195312,-1.1135894060134888,2.1752066612243652,1.037851095199585
-1.7149958610534668,0.8876723051071167,1.6392871141433716,-2.651723623275757,-1.1526498794555664,2.131767749786377,1.0677262544631958
-1.7314695119857788,0.9506013989448547,1.6489977836608887,-2.6682369709014893,-1.1934571266174316,2.0809438228607178,1.0976015329360962
-1.7458422183990479,1.0233502388000488,1.6565868854522705,-2.6845650672912598,-1.2366423606872559,2.020613193511963,1.127476692199707
-1.7579355239868164,1.1094528436660767,1.6619805097579956,-2.700714111328125,-1.2832720279693604,1.94742751121521,1.1573519706726074
-1.7894692420959473,1.111009120941162,1.6625549793243408,-2.7020790576934814,-1.2840598821640015,1.9461942911148071,1.1279760599136353
-1.8198997974395752,1.1128480434417725,1.6626338958740234,-2.7023892402648926,-1.2850086688995361,1.9446120262145996,1.0986000299453735
-1.8492016792297363,1.11473548412323,1.6622356176376343,-2.7016568183898926,-1.2859973907470703,1.9428879022598267,1.0692241191864014
-1.8773534297943115,1.1164424419403076,1.6613818407058716,-2.699896812438965,-1.2869073152542114,1.9412245750427246,1.0398480892181396
-1.9043381214141846,1.1177507638931274,1.660091519355774,-2.6971254348754883,-1.287624716758728,1.9398174285888672,1.0104721784591675
-1.930140495300293,1.1184625625610352,1.658382534980774,-2.6933608055114746,-1.2880420684814453,1.9388431310653687,0.9810961484909058
-1.9547486305236816,1.118394374847412,1.6562683582305908,-2.6886229515075684,-1.288058876991272,1.9384655952453613,0.9517201781272888
-1.9781503677368164,1.1173850297927856,1.6537573337554932,-2.6829323768615723,-1.287581205368042,1.9388294219970703,0.9223442077636719
-2.0003347396850586,1.115299940109253,1.650847315788269,-2.6763107776641846,-1.2865253686904907,1.9400544166564941,0.8929682970046997
-2.021289348602295,1.1120307445526123,1.6475334167480469,-2.66878080368042,-1.2848169803619385,1.9422358274459839,0.8635923266410828
-2.041001796722412,1.1075042486190796,1.6438010931015015,-2.660365581512451,-1.2823940515518188,1.9454371929168701,0.834216296672821
-2.0594565868377686,1.1016676425933838,1.6396280527114868,-2.651088237762451,-1.2792015075683594,1.9497027397155762,0.8048403859138489
-2.076638698577881,1.094515323638916,1.634987711906433,-2.6409716606140137,-1.2752020359039307,1.955034613609314,0.7754644155502319
-2.092529296875,1.0860610008239746,1.6298459768295288,-2.6300384998321533,-1.2703638076782227,1.96141517162323,0.746088445186615
-2.1071066856384277,1.076352596282959,1.6241633892059326,-2.6183114051818848,-1.2646715641021729,1.9687962532043457,0.716712474822998
-2.120354175567627,1.065464973449707,1.6179014444351196,-2.6058120727539062,-1.258115291595459,1.9771091938018799,0.6873365044593811
-2.132246971130371,1.0534896850585938,1.611014723777771,-2.5925607681274414,-1.2506961822509766,1.9862658977508545,0.6579605340957642
-2.1427621841430664,1.0405402183532715,1.6034584045410156,-2.5785775184631348,-1.2424240112304688,1.9961612224578857,0.6285845637321472
-2.1518750190734863,1.0267362594604492,1.5951863527297974,-2.563880205154419,-1.2333120107650757,2.0066847801208496,0.5992085933685303
-2.1595618724823,1.0122110843658447,1.5861533880233765,-2.5484867095947266,-1.2233810424804688,2.0177159309387207,0.5698326230049133
-2.165799617767334,0.9970973134040833,1.5763156414031982,-2.532412528991699,-1.212653398513794,2.029135227203369,0.5404566526412964
-2.170565128326416,0.9815333485603333,1.5656298398971558,-2.515671968460083,-1.2011570930480957,2.0408198833465576,0.5110806822776794
-2.173837661743164,0.9656491875648499,1.5540558099746704,-2.4982776641845703,-1.1889190673828125,2.0526554584503174,0.4817047417163849
-2.1755967140197754,0.9495733976364136,1.5415538549423218,-2.480240821838379,-1.1759672164916992,2.0645313262939453,0.45232874155044556
-2.1758246421813965,0.9334259033203125,1.5280882120132446,-2.4615705013275146,-1.1623306274414062,2.076345920562744,0.4229528307914734
-2.1745047569274902,0.9173221588134766,1.513624668121338,-2.442274332046509,-1.1480379104614258,2.088003158569336,0.39357683062553406
-2.171623468399048,0.9013645052909851,1.4981310367584229,-2.422358512878418,-1.1331150531768799,2.0994205474853516,0.3642008900642395
-2.167171001434326,0.8856546878814697,1.4815810918807983,-2.4018263816833496,-1.1175906658172607,2.110517740249634,0.33482488989830017
-2.1611380577087402,0.8702800869941711,1.4639480113983154,-2.380680561065674,-1.1014891862869263,2.121227979660034,0.3054489493370056
-2.153519630432129,0.8553206324577332,1.44520902633667,-2.3589210510253906,-1.0848335027694702,2.13149356842041,0.2760729491710663
-2.1443138122558594,0.8408520817756653,1.4253458976745605,-2.336545944213867,-1.0676472187042236,2.141261339187622,0.24669703841209412
-2.133523464202881,0.8269429206848145,1.4043432474136353,-2.313551425933838,-1.0499508380889893,2.1504855155944824,0.2173210233449936
-2.1211538314819336,0.8136547803878784,1.3821895122528076,-2.289931058883667,-1.031764030456543,2.159128189086914,0.18794509768486023
-2.1072163581848145,0.8010444641113281,1.3588778972625732,-2.265676736831665,-1.0131046772003174,2.1671559810638428,0.1585690975189209
-2.0917253494262695,0.7891650795936584,1.3344051837921143,-2.2407782077789307,-0.9939889311790466,2.174539566040039,0.12919317185878754
-2.0747015476226807,0.7780667543411255,1.3087737560272217,-2.215221881866455,-0.9744334816932678,2.1812539100646973,0.0998171716928482
-2.0561704635620117,0.7677950859069824,1.2819910049438477,-2.1889920234680176,-0.9544505476951599,2.1872777938842773,0.07044124603271484
-2.036163568496704,0.7583950161933899,1.254069447517395,-2.1620707511901855,-0.9340525269508362,2.192591428756714,0.041065242141485214
-2.0147218704223633,0.7499094605445862,1.2250306606292725,-2.1344356536865234,-0.9132518172264099,2.1971750259399414,0.011689319275319576
-1.9918859004974365,0.7423784732818604,1.1948959827423096,-2.106062412261963,-0.8920558094978333,2.201014757156372,-0.01768668182194233
-1.9677091836929321,0.7358436584472656,1.1636985540390015,-2.0769219398498535,-0.8704731464385986,2.204092025756836,-0.04706261307001114
-1.942249059677124,0.7303462624549866,1.1314741373062134,-2.0469822883605957,-0.8485103249549866,2.2063913345336914,-0.07643861323595047
-1.9260826110839844,0.7133651375770569,1.1129549741744995,-2.046419143676758,-0.8272575736045837,2.2185325622558594,-0.060109615325927734
-1.9095460176467896,0.6971035599708557,1.0942927598953247,-2.0458016395568848,-0.8062727451324463,2.2300353050231934,-0.0437806211411953
-1.8926337957382202,0.6815184354782104,1.0754631757736206,-2.0451292991638184,-0.7855321764945984,2.2409403324127197,-0.027451621368527412
-1.8753376007080078,0.6665716767311096,1.0564403533935547,-2.044402599334717,-0.7650149464607239,2.251284122467041,-0.0111226262524724
-1.8576501607894897,0.6522315144538879,1.0372023582458496,-2.0436201095581055,-0.7447038292884827,2.261099100112915,0.005206373054534197
-1.8395662307739258,0.6384678483009338,1.0177297592163086,-2.042781352996826,-0.7245819568634033,2.270413637161255,0.021535370498895645
-1.8210757970809937,0.6252535581588745,0.9980000257492065,-2.0418860912323,-0.7046336531639099,2.279256582260132,0.037864360958337784
-1.8021750450134277,0.6125670075416565,0.9779980778694153,-2.040933847427368,-0.6848472356796265,2.287649393081665,0.05419336259365082
-1.7828538417816162,0.6003853678703308,0.9577034115791321,-2.039924144744873,-0.6652087569236755,2.2956159114837646,0.07052236050367355
-1.763106107711792,0.5886906385421753,0.9370999336242676,-2.0388567447662354,-0.6457089781761169,2.303176164627075,0.08685135841369629
-1.742926836013794,0.5774668455123901,0.9161742329597473,-2.0377304553985596,-0.6263362169265747,2.310347318649292,0.10318035632371902
-1.7223080396652222,0.5666988492012024,0.8949096202850342,-2.036545515060425,-0.6070809364318848,2.3171470165252686,0.11950935423374176
-1.7012455463409424,0.5563731789588928,0.873294472694397,-2.035301446914673,-0.5879359841346741,2.3235907554626465,0.1358383446931839
-1.6797341108322144,0.5464795827865601,0.8513163924217224,-2.033997058868408,-0.5688928961753845,2.3296918869018555,0.15216733515262604
-1.657768964767456,0.5370065569877625,0.8289636969566345,-2.032632827758789,-0.5499433875083923,2.3354644775390625,0.16849634051322937
-1.635347843170166,0.5279459357261658,0.8062280416488647,-2.031208038330078,-0.5310819149017334,2.3409199714660645,0.1848253309726715
-1.6124684810638428,0.5192892551422119,0.7831009030342102,-2.029722213745117,-0.5123005509376526,2.346069812774658,0.20115432143211365
-1.5891296863555908,0.5110304355621338,0.759575605392456,-2.028174638748169,-0.4935944378376007,2.350923538208008,0.21748332679271698
-1.5653311014175415,0.5031635165214539,0.7356461882591248,-2.0265650749206543,-0.47495734691619873,2.355491876602173,0.2338123470544815
-1.5410751104354858,0.49568358063697815,0.7113100290298462,-2.0248937606811523,-0.45638442039489746,2.3597824573516846,0.25014132261276245
-1.5163642168045044,0.4885864853858948,0.6865645051002502,-2.0231595039367676,-0.4378695487976074,2.3638038635253906,0.2664703130722046
-1.491204857826233,0.48186907172203064,0.6614117622375488,-2.021361827850342,-0.41940978169441223,2.367562770843506,0.2827993333339691
-1.4656026363372803,0.47552913427352905,0.6358524560928345,-2.019500970840454,-0.4009992480278015,2.3710668087005615,0.29912832379341125
-1.4395662546157837,0.46956321597099304,0.6098911166191101,-2.017575979232788,-0.38263362646102905,2.374321937561035,0.3154573142528534
-1.4131062030792236,0.46397048234939575,0.5835338234901428,-2.015587091445923,-0.36430928111076355,2.3773345947265625,0.33178630471229553
-1.386234998703003,0.4587497115135193,0.5567891597747803,-2.013533353805542,-0.3460218012332916,2.3801090717315674,0.34811529517173767
-1.3589682579040527,0.45390084385871887,0.529668390750885,-2.0114145278930664,-0.3277677297592163,2.382650852203369,0.3644443154335022
-1.3313212394714355,0.44942283630371094,0.5021833777427673,-2.009230375289917,-0.309543251991272,2.384964942932129,0.38077327609062195
-1.3033158779144287,0.4453153610229492,0.47435182332992554,-2.0069806575775146,-0.2913450598716736,2.387054204940796,0.3971022963523865
-1.27497136592865,0.4415782392024994,0.4461892545223236,-2.004664897918701,-0.27316904067993164,2.388923168182373,0.4134312868118286
-1.2463111877441406,0.4382131099700928,0.41771554946899414,-2.0022826194763184,-0.25501179695129395,2.3905749320983887,0.42976027727127075
-1.2173622846603394,0.4352191090583801,0.3889537751674652,-1.999833106994629,-0.236870676279068,2.392012596130371,0.4460892975330353
-1.1881515979766846,0.4325965642929077,0.3599276542663574,-1.9973170757293701,-0.2187415510416031,2.3932385444641113,0.4624182879924774
-1.1587086915969849,0.43034714460372925,0.33066266775131226,-1.9947335720062256,-0.20062251389026642,2.3942558765411377,0.47874724864959717
-1.1290643215179443,0.4284702241420746,0.30118659138679504,-1.992081880569458,-0.18250815570354462,2.3950655460357666,0.4950762689113617
-1.0992515087127686,0.42696672677993774,0.2715287208557129,-1.9893625974655151,-0.16439755260944366,2.3956704139709473,0.5114052891731262
-1.0693042278289795,0.4258374869823456,0.24171940982341766,-1.986574649810791,-0.14628629386425018,2.396071195602417,0.5277342200279236
-1.0392571687698364,0.4250817596912384,0.21178995072841644,-1.983717918395996,-0.12817180156707764,2.3962695598602295,0.5440633296966553
-1.0091469287872314,0.42469972372055054,0.18177302181720734,-1.98079252243042,-0.11005059629678726,2.396265745162964,0.5603922605514526
-0.9790075421333313,0.4246917963027954,0.15169976651668549,-1.9777971506118774,-0.09191925823688507,2.3960604667663574,0.5767212510108948
-0.9488771557807922,0.4250577688217163,0.12160420417785645,-1.9747323989868164,-0.07377492636442184,2.3956546783447266,0.5930502414703369
-0.9187915325164795,0.4257969260215759,0.09151851385831833,-1.9715979099273682,-0.05561428889632225,2.395048141479492,0.609379231929779
-0.8887864947319031,0.42690902948379517,0.06147519499063492,-1.9683928489685059,-0.03743455559015274,2.394240379333496,0.625708281993866
-0.8588958382606506,0.42839315533638,0.03150413930416107,-1.9651174545288086,-0.019231408834457397,2.39323091506958,0.6420372724533081
-0.8291547298431396,0.43024954199790955,0.001636434462852776,-1.961771011352539,-0.0010013971477746964,2.392019510269165,0.6583662033081055
-0.7995946407318115,0.43247559666633606,-0.028099698945879936,-1.9583536386489868,0.01725781336426735,2.3906047344207764,0.6746952533721924
-0.7702480554580688,0.43507179617881775,-0.057676050812006,-1.954864501953125,0.035550832748413086,2.3889851570129395,0.6910241842269897
-0.7411446571350098,0.438037246465683,-0.08706687390804291,-1.9513039588928223,0.05388079956173897,2.387160301208496,0.7073532342910767
-0.712310791015625,0.44136926531791687,-0.11625012010335922,-1.9476711750030518,0.07225208729505539,2.3851265907287598,0.7236822247505188
-0.6837730407714844,0.44506868720054626,-0.14520329236984253,-1.9439665079116821,0.09066880494356155,2.382883071899414,0.7400112152099609
-0.655555784702301,0.44913381338119507,-0.17390629649162292,-1.9401888847351074,0.10913404077291489,2.3804268836975098,0.7563402056694031
-0.6276784539222717,0.45356377959251404,-0.2023443877696991,-1.9363385438919067,0.12765268981456757,2.3777549266815186,0.7726691961288452
-0.6001623272895813,0.4583585560321808,-0.23050078749656677,-1.9324148893356323,0.1462293267250061,2.374864339828491,0.7889981865882874
-0.573023796081543,0.4635169804096222,-0.2583639919757843,-1.9284180402755737,0.1648683398962021,2.3717520236968994,0.8053272366523743
-0.5462774634361267,0.4690398871898651,-0.2859245538711548,-1.9243472814559937,0.18357481062412262,2.3684136867523193,0.8216561675071716
-0.5199360847473145,0.4749263823032379,-0.31317466497421265,-1.920202612876892,0.20235386490821838,2.364845037460327,0.8379852175712585
-0.49400997161865234,0.4811776876449585,-0.340109646320343,-1.9159835577011108,0.22121062874794006,2.361041307449341,0.8543141484260559
-0.46850883960723877,0.4877948760986328,-0.36672553420066833,-1.9116899967193604,0.24015094339847565,2.3569979667663574,0.8706431984901428
-0.4434388279914856,0.4947790205478668,-0.3930217921733856,-1.9073216915130615,0.2591803967952728,2.3527095317840576,0.886972188949585
-0.41880494356155396,0.5021325349807739,-0.41899991035461426,-1.9028780460357666,0.2783055305480957,2.3481698036193848,0.9033011794090271
-0.39461007714271545,0.5098583698272705,-0.44466397166252136,-1.898358941078186,0.2975333034992218,2.343372106552124,0.9196301102638245
-0.3708556890487671,0.5179586410522461,-0.47001925110816956,-1.8937641382217407,0.3168705105781555,2.3383090496063232,0.9359591603279114
-0.34754350781440735,0.5264382362365723,-0.4950706660747528,-1.8890935182571411,0.336324006319046,2.332974433898926,0.9522881507873535
-0.32467120885849,0.5353023409843445,-0.5198289752006531,-1.8843464851379395,0.3559025228023529,2.3273584842681885,0.9686172008514404
-0.3022362291812897,0.5445558428764343,-0.5443050265312195,-1.879522442817688,0.37561506032943726,2.3214523792266846,0.9849461317062378
-0.28023603558540344,0.5542058944702148,-0.5685100555419922,-1.8746216297149658,0.39547091722488403,2.3152472972869873,1.0012751817703247
-0.2586672306060791,0.5642598271369934,-0.5924564599990845,-1.8696434497833252,0.41547834873199463,2.308732509613037,1.017604112625122
-0.23752325773239136,0.5747269988059998,-0.6161614060401917,-1.8645877838134766,0.4356492757797241,2.3018956184387207,1.033933162689209
-0.21680012345314026,0.5856171250343323,-0.6396393775939941,-1.8594539165496826,0.4559940695762634,2.2947254180908203,1.0502620935440063
-0.19649069011211395,0.5969414114952087,-0.6629090309143066,-1.8542418479919434,0.4765263497829437,2.287208080291748,1.0665911436080933
-0.3460039496421814,0.6396657228469849,-0.557172954082489,-1.734935998916626,0.4190012812614441,2.2535507678985596,1.068454623222351
-0.479562371969223,0.6967670321464539,-0.46375924348831177,-1.6000959873199463,0.3656439185142517,2.209530830383301,1.0703179836273193
-0.5980595350265503,0.7698438167572021,-0.3822097182273865,-1.4441874027252197,0.3160606026649475,2.1531193256378174,1.0721814632415771
-0.5881436467170715,0.7736663222312927,-0.41152921319007874,-1.4477651119232178,0.3406507074832916,2.1505203247070312,1.077216386795044
-0.5784950256347656,0.77840656042099,-0.4407873749732971,-1.450561761856079,0.36538633704185486,2.147235631942749,1.0822513103485107
-0.5691280961036682,0.7840781807899475,-0.47001364827156067,-1.4525814056396484,0.3903190791606903,2.1432502269744873,1.0872862339019775
-0.5600561499595642,0.7906990051269531,-0.4992413818836212,-1.4538273811340332,0.415505051612854,2.1385464668273926,1.0923211574554443
-0.5512902736663818,0.7982908487319946,-0.5285083055496216,-1.4543020725250244,0.4410012364387512,2.133101463317871,1.0973560810089111
-0.5428406596183777,0.8068820834159851,-0.5578587055206299,-1.4540047645568848,0.4668714106082916,2.126887083053589,1.102391004562378
-0.5347158312797546,0.8165047764778137,-0.5873421430587769,-1.452934741973877,0.4931831955909729,2.1198716163635254,1.1074259281158447
-0.5269233584403992,0.8271998763084412,-0.6170164346694946,-1.4510893821716309,0.5200121998786926,2.112016201019287,1.112460970878601
-0.5194699168205261,0.8390151858329773,-0.6469475030899048,-1.4484643936157227,0.5474404692649841,2.103276252746582,1.1174958944320679
-0.5123580098152161,0.8520078659057617,-0.6772162914276123,-1.445054054260254,0.5755640268325806,2.0935964584350586,1.1225308179855347
-0.5055930614471436,0.866245448589325,-0.7079113721847534,-1.440852165222168,0.6044864654541016,2.082915782928467,1.1275657415390015
-0.4991772472858429,0.8818104267120361,-0.739141583442688,-1.4358487129211426,0.6343332529067993,2.0711581707000732,1.1326006650924683
-0.49311116337776184,0.8988004326820374,-0.7710354924201965,-1.4300336837768555,0.6652451157569885,2.058234214782715,1.137635588645935
-0.4875541925430298,0.9004132747650146,-0.776439905166626,-1.4314780235290527,0.67012619972229,2.057058334350586,1.1593393087387085
-0.48200565576553345,0.902060329914093,-0.7818456888198853,-1.4329051971435547,0.6750182509422302,2.0558552742004395,1.181043028831482
-0.4764591157436371,0.9037463665008545,-0.7872629165649414,-1.4343152046203613,0.6799317002296448,2.054621934890747,1.2027467489242554
-0.4709177315235138,0.9054682850837708,-0.7926862239837646,-1.4357085227966309,0.6848601698875427,2.0533595085144043,1.2244504690170288
-0.4653826653957367,0.9072271585464478,-0.7981151938438416,-1.437084674835205,0.6898049712181091,2.0520682334899902,1.2461541891098022
-0.459852010011673,0.9090237021446228,-0.8035532832145691,-1.4384443759918213,0.6947680115699768,2.050745964050293,1.2678579092025757
-0.4543275237083435,0.9108571410179138,-0.8089972734451294,-1.4397869110107422,0.6997469663619995,2.0493946075439453,1.2895616292953491
-0.44880911707878113,0.912728488445282,-0.814448356628418,-1.4411134719848633,0.7047436833381653,2.048013210296631,1.3112653493881226
-0.4432969391345978,0.9146386981010437,-0.8199074864387512,-1.4424223899841309,0.709758996963501,2.046600341796875,1.332969069480896
-0.43779098987579346,0.9165869355201721,-0.8253738880157471,-1.4437155723571777,0.7147918939590454,2.0451576709747314,1.3546727895736694
-0.4322914183139801,0.9185739755630493,-0.8308482766151428,-1.4449918270111084,0.7198432087898254,2.0436835289001465,1.3763765096664429
-0.4267977774143219,0.920600175857544,-0.8363314270973206,-1.4462518692016602,0.7249137163162231,2.042177677154541,1.3980802297592163
-0.4213104248046875,0.9226664304733276,-0.8418238759040833,-1.447495460510254,0.7300046682357788,2.0406394004821777,1.4197839498519897
-0.41583091020584106,0.9247729182243347,-0.8473241925239563,-1.4487221240997314,0.7351152896881104,2.039069175720215,1.4414877891540527
-0.41035744547843933,0.9269199371337891,-0.8528347611427307,-1.44993257522583,0.7402465343475342,2.037466049194336,1.4631913900375366
-0.40489113330841064,0.9291073083877563,-0.8583540916442871,-1.451127052307129,0.7453981637954712,2.035830497741699,1.4848952293395996
-0.39943116903305054,0.9313367605209351,-0.8638848662376404,-1.4523048400878906,0.7505722045898438,2.0341601371765137,1.506598949432373
-0.39397934079170227,0.9336078763008118,-0.8694246411323547,-1.4534668922424316,0.7557669281959534,2.032456874847412,1.5283026695251465
-0.3885337710380554,0.9359215497970581,-0.8749766945838928,-1.4546122550964355,0.7609855532646179,2.0307183265686035,1.55000638961792
-0.383097380399704,0.9382780194282532,-0.8805375695228577,-1.4557414054870605,0.7662258148193359,2.0289461612701416,1.5717101097106934
-0.3776665925979614,0.9406774640083313,-0.8861117362976074,-1.4568555355072021,0.7714899182319641,2.0271379947662354,1.5934138298034668
-0.37224388122558594,0.9431211352348328,-0.8916977643966675,-1.4579522609710693,0.7767787575721741,2.0252933502197266,1.6151175498962402
-0.3668297231197357,0.9456092715263367,-0.8972954154014587,-1.459033489227295,0.782091498374939,2.0234134197235107,1.6368212699890137
-0.3614230155944824,0.9481415152549744,-0.9029054045677185,-1.4600987434387207,0.7874289155006409,2.0214967727661133,1.658524990081787
-0.3560236990451813,0.9507209062576294,-0.9085306525230408,-1.4611480236053467,0.7927935123443604,2.0195415019989014,1.6802287101745605
-0.3506339490413666,0.9533454775810242,-0.9141671061515808,-1.4621808528900146,0.7981827855110168,2.017549753189087,1.701932430267334
-0.3452506363391876,0.9560170769691467,-0.9198201298713684,-1.463198184967041,0.803600549697876,2.0155181884765625,1.7236361503601074
-0.3398776352405548,0.9587357640266418,-0.9254852533340454,-1.4642000198364258,0.8090447783470154,2.0134494304656982,1.7453398704528809
-0.33451199531555176,0.961502730846405,-0.9311672449111938,-1.4651856422424316,0.8145180344581604,2.0113399028778076,1.7670435905456543
-0.3291544020175934,0.9643192887306213,-0.9368659853935242,-1.4661552906036377,0.8200213313102722,2.0091891288757324,1.7887473106384277
-0.3238070607185364,0.9671851396560669,-0.942579448223114,-1.467108964920044,0.8255531787872314,2.0069985389709473,1.8104510307312012
-0.318467378616333,0.9701002836227417,-0.9483101963996887,-1.4680476188659668,0.8311154842376709,2.0047664642333984,1.8321547508239746
-0.31313732266426086,0.9730662107467651,-0.9540578126907349,-1.468970775604248,0.8367079496383667,2.0024924278259277,1.8538585901260376
-0.30781713128089905,0.9760850667953491,-0.9598236680030823,-1.4698772430419922,0.8423339128494263,2.0001749992370605,1.875562310218811
-0.3025053143501282,0.9791560173034668,-0.9656087160110474,-1.4707684516906738,0.8479923605918884,1.9978141784667969,1.8972660303115845
-0.29720208048820496,0.9822810888290405,-0.9714145660400391,-1.4716441631317139,0.8536852598190308,1.9954081773757935,1.9189696311950684
-0.29190924763679504,0.9854598045349121,-0.977239191532135,-1.4725041389465332,0.8594117164611816,1.9929572343826294,1.9406734704971313
-0.2866264581680298,0.9886935353279114,-0.9830840826034546,-1.473348617553711,0.86517333984375,1.9904608726501465,1.9623771905899048
-0.28135326504707336,0.9919843077659607,-0.988951563835144,-1.474177360534668,0.8709723353385925,1.9879168272018433,1.9840809106826782
-0.2760891616344452,0.9953328967094421,-0.9948427081108093,-1.4749908447265625,0.8768094182014465,1.9853246212005615,2.005784511566162
-0.27083510160446167,0.9987390637397766,-1.0007567405700684,-1.4757890701293945,0.882684588432312,1.9826838970184326,2.0274882316589355
-0.2655923366546631,1.002204418182373,-1.0066936016082764,-1.4765710830688477,0.8885982036590576,1.9799938201904297,2.049191951751709
-0.2603583335876465,1.0057302713394165,-1.0126570463180542,-1.4773385524749756,0.894553542137146,1.977252721786499,2.0708956718444824
-0.2551358938217163,1.0093176364898682,-1.0186455249786377,-1.4780900478363037,0.9005492329597473,1.9744601249694824,2.092599391937256
-0.2499237209558487,1.012967824935913,-1.0246614217758179,-1.4788265228271484,0.9065887928009033,1.9716145992279053,2.1143033504486084
-0.24472260475158691,1.016682744026184,-1.030705451965332,-1.4795470237731934,0.9126725792884827,1.968714952468872,2.136007070541382
-0.23953092098236084,1.020463228225708,-1.0367803573608398,-1.480252742767334,0.9188032746315002,1.965759515762329,2.157710552215576
-0.23434586822986603,1.024309515953064,-1.0428884029388428,-1.480942726135254,0.9249790906906128,1.9627482891082764,2.1794142723083496
-0.22917699813842773,1.0282245874404907,-1.0490241050720215,-1.4816179275512695,0.9312035441398621,1.959679365158081,2.201118230819702
-0.22401858866214752,1.0322110652923584,-1.05519437789917,-1.4822773933410645,0.9374802708625793,1.9565500020980835,2.2228217124938965
-0.2188720554113388,1.036267638206482,-1.0613973140716553,-1.482922077178955,0.9438056349754333,1.9533617496490479,2.24452543258667
-0.21373698115348816,1.040398120880127,-1.0676367282867432,-1.483551025390625,0.9501858353614807,1.950110673904419,2.2662291526794434
-0.2086142897605896,1.0446017980575562,-1.073911190032959,-1.4841651916503906,0.9566181898117065,1.9467973709106445,2.287933111190796
-0.20350253582000732,1.0488834381103516,-1.080225944519043,-1.4847640991210938,0.963109016418457,1.943418025970459,2.3096368312835693
-0.19840295612812042,1.0532441139221191,-1.0865812301635742,-1.4853475093841553,0.9696592092514038,1.9399714469909668,2.3313405513763428
-0.19331569969654083,1.0576860904693604,-1.0929784774780273,-1.4859156608581543,0.9762694835662842,1.9364564418792725,2.353044271469116
-0.18824009597301483,1.0622105598449707,-1.0994200706481934,-1.4864692687988281,0.9829428791999817,1.9328702688217163,2.3747479915618896
-0.18317683041095734,1.0668216943740845,-1.1059086322784424,-1.4870069026947021,0.9896829128265381,1.9292106628417969,2.396451473236084
-0.17812660336494446,1.0715187788009644,-1.112443208694458,-1.48753023147583,0.9964877367019653,1.9254779815673828,2.4181551933288574
-0.1730896532535553,1.0763063430786133,-1.119027853012085,-1.4880380630493164,1.0033632516860962,1.921668291091919,2.439858913421631
-0.16806606948375702,1.0811861753463745,-1.1256635189056396,-1.4885311126708984,1.0103099346160889,1.917779564857483,2.4615628719329834
-0.16305528581142426,1.0861613750457764,-1.1323542594909668,-1.489008903503418,1.0173321962356567,1.9138092994689941,2.483266592025757
