0.9290348291397095,1.2643077373504639,-1.091051697731018,-0.9616928100585938,1.0375792980194092,1.760219931602478,-2.2614686489105225
0.9314209818840027,1.2550325393676758,-1.0795389413833618,-0.9730076789855957,1.0249791145324707,1.7679473161697388,-2.2399792671203613
0.9337995052337646,1.2461707592010498,-1.068932294845581,-0.9840798377990723,1.0133066177368164,1.7753281593322754,-2.2184898853302
0.9361706376075745,1.2376843690872192,-1.0591349601745605,-0.9949226379394531,1.002462387084961,1.782394528388977,-2.197000503540039
0.9385361671447754,1.2295315265655518,-1.0500524044036865,-1.0055508613586426,0.9923492074012756,1.7891812324523926,-2.175511121749878
0.9408980011940002,1.2216824293136597,-1.041614055633545,-1.0159783363342285,0.9828941226005554,1.795713186264038,-2.154021739959717
0.9432566165924072,1.214112401008606,-1.0337586402893066,-1.026214599609375,0.974034309387207,1.8020105361938477,-2.1325323581695557
0.9456121325492859,1.2067960500717163,-1.0264286994934082,-1.0362701416015625,0.9657113552093506,1.8080956935882568,-2.1110429763793945
0.947964072227478,1.1997135877609253,-1.019575834274292,-1.0461540222167969,0.9578753709793091,1.8139851093292236,-2.0895535945892334
0.9503155946731567,1.1928467750549316,-1.0131614208221436,-1.0558757781982422,0.9504865407943726,1.819692850112915,-2.0680642127990723
0.9526655077934265,1.186180591583252,-1.007148027420044,-1.065443754196167,0.9435057044029236,1.825232744216919,-2.046574831008911
0.9550151824951172,1.179701566696167,-1.0015054941177368,-1.0748639106750488,0.9369028806686401,1.8306152820587158,-2.02508544921875
0.9573639035224915,1.1733951568603516,-0.9962015748023987,-1.084143877029419,0.9306443929672241,1.835853099822998,-2.003596067428589
0.9597128629684448,1.1672523021697998,-0.991214394569397,-1.0932896137237549,0.9247079491615295,1.8409538269042969,-1.9821066856384277
0.96206134557724,1.1612613201141357,-0.986518383026123,-1.1023070812225342,0.9190675616264343,1.8459277153015137,-1.9606173038482666
0.964411735534668,1.1554155349731445,-0.982098400592804,-1.1112010478973389,0.91370689868927,1.8507789373397827,-1.9391279220581055
0.9667615294456482,1.149703025817871,-0.977928638458252,-1.119978427886963,0.9086000323295593,1.8555195331573486,-1.9176385402679443
0.9691141247749329,1.144120216369629,-0.9740005135536194,-1.128641128540039,0.9037375450134277,1.86014986038208,-1.8961491584777832
0.9714665412902832,1.1386576890945435,-0.970292866230011,-1.137195110321045,0.8990988731384277,1.8646804094314575,-1.874659776687622
0.9738214015960693,1.1333104372024536,-0.9667957425117493,-1.1456446647644043,0.8946719765663147,1.869113802909851,-1.853170394897461
0.9761766791343689,1.128070592880249,-0.963492214679718,-1.1539931297302246,0.8904414772987366,1.8734577894210815,-1.8316810131072998
0.9785363078117371,1.1229358911514282,-0.9603781700134277,-1.1622445583343506,0.8864008188247681,1.877712368965149,-1.8101916313171387
0.9808963537216187,1.1178992986679077,-0.9574361443519592,-1.1704018115997314,0.8825337886810303,1.8818856477737427,-1.7887022495269775
0.9832541942596436,1.112959861755371,-0.954657793045044,-1.178468942642212,0.8788338303565979,1.8859795331954956,-1.7672128677368164
0.9856187701225281,1.108107328414917,-0.9520370364189148,-1.186448097229004,0.8752895593643188,1.8899985551834106,-1.7457234859466553
0.9879860877990723,1.103341817855835,-0.9495656490325928,-1.194342851638794,0.871895432472229,1.893944501876831,-1.7242341041564941
0.9903550744056702,1.098657250404358,-0.9472321271896362,-1.202155590057373,0.8686388731002808,1.8978228569030762,-1.702744722366333
0.9927281141281128,1.0940532684326172,-0.9450353384017944,-1.2098886966705322,0.8655195832252502,1.901633381843567,-1.6812553405761719
0.9951030611991882,1.089524269104004,-0.9429634809494019,-1.2175452709197998,0.862524688243866,1.905381441116333,-1.6597659587860107
0.9974812865257263,1.085068702697754,-0.941013514995575,-1.2251269817352295,0.8596509695053101,1.9090676307678223,-1.6382766962051392
0.9998626112937927,1.0806825160980225,-0.9391778707504272,-1.2326369285583496,0.8568912744522095,1.912696123123169,-1.616787314414978
1.0022475719451904,1.0763643980026245,-0.9374539852142334,-1.2400763034820557,0.8542419672012329,1.9162671566009521,-1.5952978134155273
1.0046348571777344,1.0721113681793213,-0.9358339905738831,-1.2474474906921387,0.8516954183578491,1.9197843074798584,-1.5738084316253662
1.0070263147354126,1.0679199695587158,-0.9343146085739136,-1.2547526359558105,0.8492488861083984,1.9232491254806519,-1.552319049835205
1.00942063331604,1.0637896060943604,-0.932891309261322,-1.261993169784546,0.8468969464302063,1.9266633987426758,-1.5308297872543335
1.0118192434310913,1.0597186088562012,-0.9315623044967651,-1.2691705226898193,0.8446378707885742,1.9300276041030884,-1.5093404054641724
1.0142204761505127,1.0557031631469727,-0.9303195476531982,-1.27628755569458,0.8424636721611023,1.933345913887024,-1.4878510236740112
1.0166261196136475,1.0517431497573853,-0.92916339635849,-1.2833452224731445,0.8403741121292114,1.9366176128387451,-1.4663615226745605
1.0190353393554688,1.0478363037109375,-0.9280890822410583,-1.29034423828125,0.8383644819259644,1.9398446083068848,-1.4448721408843994
1.0214488506317139,1.0439802408218384,-0.9270932674407959,-1.2972874641418457,0.8364316821098328,1.9430290460586548,-1.4233828783035278
1.0238655805587769,1.0401746034622192,-0.9261728525161743,-1.3041751384735107,0.8345720767974854,1.946171760559082,-1.4018934965133667
1.0262858867645264,1.0364164113998413,-0.9253240823745728,-1.311009168624878,0.8327820301055908,1.949275016784668,-1.3804041147232056
1.0287106037139893,1.0327061414718628,-0.9245469570159912,-1.3177907466888428,0.8310620784759521,1.952338457107544,-1.3589146137237549
1.0311402082443237,1.0290405750274658,-0.923837423324585,-1.324521780014038,0.8294063210487366,1.9553637504577637,-1.3374252319335938
1.0335735082626343,1.0254193544387817,-0.9231932759284973,-1.331202507019043,0.8278141021728516,1.9583520889282227,-1.3159359693527222
1.0360102653503418,1.0218418836593628,-0.9226117730140686,-1.337834358215332,0.826282262802124,1.9613049030303955,-1.294446587562561
1.0384472608566284,1.0183075666427612,-0.9220880270004272,-1.3444185256958008,0.8248094320297241,1.9642221927642822,-1.2729572057724
1.040893316268921,1.0148122310638428,-0.9216267466545105,-1.3509562015533447,0.8233920335769653,1.9671062231063843,-1.2514678239822388
1.0433437824249268,1.0113568305969238,-0.9212231636047363,-1.3574481010437012,0.8220299482345581,1.969956636428833,-1.229978322982788
1.0457991361618042,1.0079405307769775,-0.9208753108978271,-1.3638956546783447,0.8207204937934875,1.9727742671966553,-1.2084890604019165
1.0482580661773682,1.0045616626739502,-0.9205799698829651,-1.3702995777130127,0.8194609880447388,1.9755613803863525,-1.1869996786117554
1.0507184267044067,1.0012162923812866,-0.9203307628631592,-1.3766608238220215,0.8182446956634521,1.9783203601837158,-1.1655102968215942
1.0531866550445557,0.9979091882705688,-0.9201371669769287,-1.3829805850982666,0.8170803785324097,1.9810471534729004,-1.144020915031433
1.0556590557098389,0.9946377277374268,-0.9199926257133484,-1.389258861541748,0.8159626126289368,1.9837446212768555,-1.122531533241272
1.058137059211731,0.9914011359214783,-0.9198970794677734,-1.3954973220825195,0.814890444278717,1.9864128828048706,-1.1010421514511108
1.0606184005737305,0.9881974458694458,-0.919845461845398,-1.4016962051391602,0.8138592839241028,1.9890543222427368,-1.0795527696609497
1.063105583190918,0.9850266575813293,-0.9198401570320129,-1.4078569412231445,0.8128702640533447,1.9916678667068481,-1.0580633878707886
1.0655962228775024,0.9818870425224304,-0.9198763370513916,-1.4139795303344727,0.8119204640388489,1.9942561388015747,-1.0365740060806274
1.0680921077728271,0.9787794351577759,-0.9199560284614563,-1.42006516456604,0.8110110759735107,1.9968175888061523,-1.0150846242904663
1.0705931186676025,0.9757024049758911,-0.9200770854949951,-1.426114559173584,0.8101387619972229,1.9993537664413452,-0.9935952425003052
1.07309889793396,0.9726555943489075,-0.9202383160591125,-1.4321281909942627,0.8093039393424988,2.0018651485443115,-0.9721059203147888
1.075610637664795,0.9696382284164429,-0.9204402565956116,-1.4381070137023926,0.8085048794746399,2.0043511390686035,-0.9506165385246277
1.0781253576278687,0.966648519039154,-0.920677125453949,-1.4440512657165527,0.8077385425567627,2.0068154335021973,-0.929127037525177
1.080646276473999,0.9636886119842529,-0.9209537506103516,-1.4499616622924805,0.8070080280303955,2.0092544555664062,-0.9076376557350159
1.08317232131958,0.9607552886009216,-0.9212661385536194,-1.4558393955230713,0.8063094615936279,2.011671543121338,-0.8861482739448547
1.0857024192810059,0.9578485488891602,-0.9216123223304749,-1.4616847038269043,0.8056408762931824,2.0140671730041504,-0.8646589517593384
1.0882389545440674,0.9549695253372192,-0.9219951629638672,-1.4674978256225586,0.8050050139427185,2.016439437866211,-0.8431695699691772
1.0907800197601318,0.9521167278289795,-0.9224115014076233,-1.4732794761657715,0.8043991923332214,2.0187902450561523,-0.8216801881790161
1.0933256149291992,0.9492891430854797,-0.9228600263595581,-1.4790301322937012,0.8038216233253479,2.021120548248291,-0.800190806388855
1.0958774089813232,0.9464865922927856,-0.9233413934707642,-1.484750747680664,0.80327308177948,2.0234298706054688,-0.7787014842033386
1.0984339714050293,0.943708598613739,-0.9238541722297668,-1.4904415607452393,0.8027520179748535,2.025719165802002,-0.7572121024131775
1.1009960174560547,0.9409549236297607,-0.9243977665901184,-1.496103048324585,0.8022573590278625,2.0279884338378906,-0.7357227206230164
1.103562593460083,0.9382258653640747,-0.9249715805053711,-1.5017352104187012,0.8017898201942444,2.0302376747131348,-0.7142333388328552
1.1061354875564575,0.9355189800262451,-0.9255749583244324,-1.5073399543762207,0.8013468384742737,2.032468318939209,-0.6927438378334045
1.1087138652801514,0.9328360557556152,-0.9262081384658813,-1.5129163265228271,0.800929605960846,2.034679412841797,-0.6712544560432434
1.1112959384918213,0.9301753044128418,-0.9268675446510315,-1.5184650421142578,0.8005355000495911,2.0368728637695312,-0.649765133857727
1.1138852834701538,0.927537202835083,-0.9275569915771484,-1.523987054824829,0.8001662492752075,2.0390472412109375,-0.6282757520675659
1.1164791584014893,0.924920916557312,-0.928272545337677,-1.529482364654541,0.79981929063797,2.0412039756774902,-0.6067863702774048
1.119078516960144,0.9223264455795288,-0.9290151596069336,-1.5349512100219727,0.7994953393936157,2.0433430671691895,-0.5852969884872437
1.121683955192566,0.9197527766227722,-0.9297842383384705,-1.5403950214385986,0.799193263053894,2.0454649925231934,-0.5638076663017273
1.1242945194244385,0.9172011017799377,-0.9305794835090637,-1.5458126068115234,0.7989134788513184,2.0475690364837646,-0.5423182845115662
1.1269111633300781,0.9146693348884583,-0.931399941444397,-1.5512056350708008,0.7986540198326111,2.049656629562378,-0.520828902721405
1.129533052444458,0.9121570587158203,-0.9322442412376404,-1.5565743446350098,0.7984142303466797,2.0517282485961914,-0.4993395507335663
1.1321606636047363,0.9096659421920776,-0.9331138134002686,-1.5619182586669922,0.7981951236724854,2.0537831783294678,-0.47785016894340515
1.1347931623458862,0.9071939587593079,-0.9340060353279114,-1.5672385692596436,0.7979952692985535,2.0558223724365234,-0.45636066794395447
1.1374328136444092,0.9047422409057617,-0.9349240660667419,-1.5725350379943848,0.7978155016899109,2.057844877243042,-0.43487128615379333
1.140076994895935,0.9023090600967407,-0.9358634352684021,-1.5778083801269531,0.797653079032898,2.0598526000976562,-0.4133819341659546
1.1427274942398071,0.8998944163322449,-0.936826229095459,-1.583059310913086,0.7975093126296997,2.061845064163208,-0.39189255237579346
1.145383358001709,0.8974990248680115,-0.937811017036438,-1.588287115097046,0.7973836064338684,2.0638222694396973,-0.3704032003879547
1.1480457782745361,0.8951224088668823,-0.9388188719749451,-1.5934929847717285,0.7972758412361145,2.065783977508545,-0.3489138185977936
1.1507136821746826,0.8927636742591858,-0.9398480653762817,-1.5986766815185547,0.7971848845481873,2.0677313804626465,-0.32742446660995483
1.1533873081207275,0.8904229402542114,-0.9408984780311584,-1.6038389205932617,0.7971105575561523,2.069664478302002,-0.3059350848197937
1.15606689453125,0.888099193572998,-0.941969633102417,-1.6089799404144287,0.7970521450042725,2.0715837478637695,-0.28444573283195496
1.1587531566619873,0.8857942819595337,-0.9430629014968872,-1.6140996217727661,0.7970113158226013,2.0734875202178955,-0.2629563510417938
1.1614441871643066,0.8835058808326721,-0.9441751837730408,-1.6191985607147217,0.796984851360321,2.07537841796875,-0.24146699905395508
1.1641418933868408,0.8812347054481506,-0.9453080892562866,-1.6242773532867432,0.7969740033149719,2.0772554874420166,-0.2199774831533432
1.166845440864563,0.8789804577827454,-0.9464610815048218,-1.6293355226516724,0.7969788908958435,2.0791187286376953,-0.19848811626434326
1.1695548295974731,0.876742422580719,-0.9476328492164612,-1.6343741416931152,0.7969972491264343,2.0809693336486816,-0.17699874937534332
1.1722707748413086,0.8745216727256775,-0.9488251209259033,-1.6393928527832031,0.7970321774482727,2.082805871963501,-0.15550938248634338
1.174992322921753,0.8723163604736328,-0.9500354528427124,-1.6443920135498047,0.7970793843269348,2.084630012512207,-0.13402001559734344
1.1777197122573853,0.87012779712677,-0.9512646198272705,-1.6493723392486572,0.7971411943435669,2.0864412784576416,-0.1125306487083435
1.1804540157318115,0.8679549694061279,-0.9525129199028015,-1.6543335914611816,0.7972166538238525,2.0882394313812256,-0.09104127436876297
1.1831936836242676,0.865797221660614,-0.9537786245346069,-1.6592763662338257,0.7973047494888306,2.0900259017944336,-0.06955191493034363
1.185940146446228,0.863656222820282,-0.9550634622573853,-1.6642001867294312,0.7974073886871338,2.091799020767212,-0.04806254431605339
1.1886926889419556,0.8615301847457886,-0.9563656449317932,-1.6691057682037354,0.7975215315818787,2.093560218811035,-0.0265731792896986
1.191451072692871,0.8594191670417786,-0.9576851725578308,-1.6739939451217651,0.7976488471031189,2.0953097343444824,-0.005083808675408363
1.1942161321640015,0.8573238253593445,-0.9590229988098145,-1.6788636445999146,0.7977893948554993,2.097046375274658,0.016405697911977768
1.196987509727478,0.8552426695823669,-0.9603775143623352,-1.6837164163589478,0.797941267490387,2.0987720489501953,0.037895068526268005
1.1997653245925903,0.8531772494316101,-0.9617495536804199,-1.6885511875152588,0.7981054186820984,2.100485324859619,0.059384431689977646
1.2025489807128906,0.8511266708374023,-0.9631385207176208,-1.6933690309524536,0.7982822060585022,2.102186918258667,0.08087380230426788
1.2053388357162476,0.8490894436836243,-0.9645428657531738,-1.6981703042984009,0.798469066619873,2.1038782596588135,0.10236316174268723
1.2081358432769775,0.8470674157142639,-0.9659650921821594,-1.7029544115066528,0.7986679673194885,2.1055569648742676,0.12385253608226776
1.160160779953003,0.7911655902862549,-0.9207406044006348,-1.745423674583435,0.7419900894165039,2.148402690887451,0.1322275847196579
1.1087276935577393,0.7413116097450256,-0.8784301280975342,-1.783433437347412,0.6898173689842224,2.18585467338562,0.14060264825820923
1.0536565780639648,0.6966345310211182,-0.8375860452651978,-1.8171801567077637,0.64091956615448,2.218712568283081,0.14897769689559937
0.9947649240493774,0.6565591096878052,-0.7971025705337524,-1.8468049764633179,0.5944600105285645,2.2475295066833496,0.1573527455329895
0.931875467300415,0.6207004189491272,-0.7560909986495972,-1.8724100589752197,0.5498488545417786,2.2727115154266357,0.16572780907154083
0.8648464679718018,0.5888049602508545,-0.7138339281082153,-1.8940670490264893,0.5066686868667603,2.2945609092712402,0.17410285770893097
0.7935956120491028,0.5607151389122009,-0.6697644591331482,-1.9118258953094482,0.4646238088607788,2.313310384750366,0.1824779063463211
0.718131959438324,0.5363438129425049,-0.6234670877456665,-1.9257193803787231,0.4235073924064636,2.329141855239868,0.19085295498371124
0.6385875344276428,0.5156550407409668,-0.574693500995636,-1.935768961906433,0.38317981362342834,2.3422012329101562,0.19922801852226257
0.5552525520324707,0.49864745140075684,-0.5233830809593201,-1.9419872760772705,0.34355005621910095,2.3526058197021484,0.2076030820608139
0.4685947895050049,0.48534277081489563,-0.469676673412323,-1.944380283355713,0.3045652210712433,2.3604509830474854,0.21597813069820404
0.37927207350730896,0.47576865553855896,-0.41392213106155396,-1.9429497718811035,0.2661983370780945,2.3658132553100586,0.22435317933559418
0.2881110906600952,0.46994906663894653,-0.35665497183799744,-1.9376921653747559,0.22843874990940094,2.368755578994751,0.23272822797298431
0.1960757076740265,0.467891126871109,-0.29855915904045105,-1.9286004304885864,0.19128692150115967,2.369326114654541,0.24110327661037445
0.10419604927301407,0.4695819020271301,-0.24039879441261292,-1.9156602621078491,0.1547444462776184,2.3675618171691895,0.24947834014892578
0.013501746580004692,0.47498294711112976,-0.18294888734817505,-1.8988505601882935,0.1188102662563324,2.363485813140869,0.2578533887863159
-0.07505805790424347,0.48403406143188477,-0.126914381980896,-1.878138780593872,0.08347266912460327,2.357110023498535,0.26622843742370605
0.015424967743456364,0.45468664169311523,-0.2233700156211853,-1.9373515844345093,0.14103427529335022,2.3772051334381104,0.2459203451871872
0.11269501596689224,0.4300013780593872,-0.32453203201293945,-1.9940654039382935,0.1968669295310974,2.394392728805542,0.22561225295066833
0.21649384498596191,0.4100148379802704,-0.4304807484149933,-2.048544406890869,0.2513321340084076,2.4088845252990723,0.20530417561531067
0.3260696530342102,0.3948272466659546,-0.5407275557518005,-2.101010799407959,0.30471545457839966,2.420832633972168,0.1849960833787918
0.4401056468486786,0.38456085324287415,-0.654161810874939,-2.151650905609131,0.35724693536758423,2.430333375930786,0.16468799114227295
0.5567362904548645,0.3793250024318695,-0.769084095954895,-2.200625419616699,0.4091160297393799,2.4374372959136963,0.1443798989057541
0.6737002730369568,0.3791791498661041,-0.8833656311035156,-2.2480738162994385,0.46048158407211304,2.4421510696411133,0.12407180666923523
0.7885935306549072,0.38411733508110046,-0.9947086572647095,-2.2941179275512695,0.5114796161651611,2.4444375038146973,0.10376371443271637
0.8991758823394775,0.3940739035606384,-1.1009584665298462,-2.3388655185699463,0.5622327327728271,2.444211006164551,0.08345562219619751
1.0036166906356812,0.408945769071579,-1.2003471851348877,-2.382413625717163,0.612850546836853,2.441336154937744,0.06314752995967865
1.1006226539611816,0.4286290407180786,-1.2916327714920044,-2.42484974861145,0.6634364128112793,2.435619354248047,0.042839448899030685
1.1894574165344238,0.45306676626205444,-1.3741123676300049,-2.4662532806396484,0.7140945792198181,2.42679500579834,0.02253136970102787
1.2698513269424438,0.4822912812232971,-1.447534441947937,-2.5066967010498047,0.764931321144104,2.4145102500915527,0.002223267452791333
1.3418779373168945,0.5164663791656494,-1.5119731426239014,-2.546247959136963,0.8160640597343445,2.398300886154175,-0.018084818497300148
1.4058239459991455,0.5559329986572266,-1.5676952600479126,-2.584970235824585,0.8676258325576782,2.3775572776794434,-0.038392920047044754
1.4620825052261353,0.6012659072875977,-1.615050196647644,-2.622921943664551,0.9197838306427002,2.351471424102783,-0.05870100483298302
1.5110764503479004,0.6533485054969788,-1.6543824672698975,-2.6601595878601074,0.9727484583854675,2.3189620971679688,-0.07900908589363098
1.553198218345642,0.7134941220283508,-1.6859594583511353,-2.6967365741729736,1.026808261871338,2.278550863265991,-0.09931719303131104
1.5887749195098877,0.7836427092552185,-1.7099130153656006,-2.732703685760498,1.0823769569396973,2.2281653881073,-0.1196252703666687
1.5477290153503418,0.7318121194839478,-1.7031526565551758,-2.716984272003174,1.0422084331512451,2.2673416137695312,-0.09712221473455429
1.5041037797927856,0.6868191361427307,-1.6928225755691528,-2.700185537338257,1.0044872760772705,2.2998669147491455,-0.07461915910243988
1.457871675491333,0.6474644541740417,-1.6788684129714966,-2.682344913482666,0.9689365029335022,2.326955795288086,-0.05211610347032547
1.4090086221694946,0.6128766536712646,-1.661254644393921,-2.663498640060425,0.9353498816490173,2.349517822265625,-0.02961304783821106
1.357506275177002,0.5824130773544312,-1.6399728059768677,-2.643681049346924,0.9035694599151611,2.36824893951416,-0.007109988015145063
1.3033783435821533,0.5555890202522278,-1.6150462627410889,-2.622924566268921,0.8734660148620605,2.383699655532837,0.015393066219985485
1.2466750144958496,0.5320400595664978,-1.5865434408187866,-2.601259231567383,0.8449310660362244,2.3963067531585693,0.03789612278342247
1.1874942779541016,0.5114916563034058,-1.5545848608016968,-2.5787129402160645,0.8178712129592896,2.4064226150512695,0.06039917469024658
1.1259821653366089,0.4937329888343811,-1.5193455219268799,-2.555309534072876,0.7922050952911377,2.414337158203125,0.08290223032236099
1.1121419668197632,0.47336462140083313,-1.5134564638137817,-2.554314374923706,0.7678236961364746,2.4270472526550293,0.06641757488250732
1.097745656967163,0.4538062512874603,-1.5071059465408325,-2.5531790256500244,0.7436406016349792,2.438917636871338,0.04993291571736336
1.0827466249465942,0.4349958300590515,-1.5002355575561523,-2.5519025325775146,0.7196425199508667,2.4500057697296143,0.03344826027750969
1.0670905113220215,0.4168754518032074,-1.4927787780761719,-2.5504846572875977,0.6958121061325073,2.460364818572998,0.016963602975010872
1.0507183074951172,0.3993973135948181,-1.484666109085083,-2.5489249229431152,0.6721405386924744,2.470040798187256,0.00047894445015117526
1.0335619449615479,0.3825157880783081,-1.4758188724517822,-2.5472230911254883,0.6486149430274963,2.4790759086608887,-0.016005709767341614
1.0155483484268188,0.3661938011646271,-1.466155767440796,-2.5453786849975586,0.6252275109291077,2.48750638961792,-0.03249037265777588
0.9965870976448059,0.35039472579956055,-1.4555773735046387,-2.543391227722168,0.6019690036773682,2.4953675270080566,-0.04897502437233925
0.9765847325325012,0.33508968353271484,-1.443981409072876,-2.5412607192993164,0.5788328051567078,2.5026888847351074,-0.06545967608690262
0.9554248452186584,0.3202507197856903,-1.4312443733215332,-2.5389866828918457,0.5558122396469116,2.5094995498657227,-0.08194433897733688
0.9329844117164612,0.3058556020259857,-1.417235255241394,-2.536569118499756,0.5329007506370544,2.51582407951355,-0.09842900186777115
0.9091187715530396,0.2918849587440491,-1.40180242061615,-2.534008026123047,0.5100932121276855,2.5216851234436035,-0.11491364985704422
0.8836590051651001,0.2783237397670746,-1.3847705125808716,-2.5313029289245605,0.48738589882850647,2.527104377746582,-0.1313983052968979
0.8564187288284302,0.26515981554985046,-1.3659462928771973,-2.528454065322876,0.4647732973098755,2.532100200653076,-0.14788296818733215
0.8271803855895996,0.2523857653141022,-1.3451061248779297,-2.525461435317993,0.4422520101070404,2.5366902351379395,-0.16436761617660522
0.795692503452301,0.2399982511997223,-1.3219925165176392,-2.522324562072754,0.4198180139064789,2.5408902168273926,-0.1808522790670395
0.7616714835166931,0.22799798846244812,-1.2963159084320068,-2.5190439224243164,0.3974688649177551,2.5447144508361816,-0.19733695685863495
0.724787712097168,0.2163918912410736,-1.2677412033081055,-2.5156192779541016,0.37520021200180054,2.5481765270233154,-0.21382158994674683
0.6846725344657898,0.20519186556339264,-1.2358942031860352,-2.5120513439178467,0.3530099391937256,2.5512876510620117,-0.2303062528371811
0.6409046649932861,0.19441796839237213,-1.200348138809204,-2.5083398818969727,0.3308955132961273,2.554058790206909,-0.24679091572761536
0.5930066108703613,0.18409565091133118,-1.1606208086013794,-2.5044846534729004,0.3088531494140625,2.5565004348754883,-0.2632755637168884
0.5404666066169739,0.17426306009292603,-1.1161952018737793,-2.500486373901367,0.2868811786174774,2.5586206912994385,-0.2797602415084839
0.4827260375022888,0.16496507823467255,-1.0665075778961182,-2.496345043182373,0.26497799158096313,2.5604279041290283,-0.29624485969543457
0.4192153811454773,0.15626008808612823,-1.0109840631484985,-2.4920613765716553,0.24313931167125702,2.561929225921631,-0.31272953748703003
0.34937721490859985,0.14821815490722656,-0.9490602016448975,-2.4876351356506348,0.22136357426643372,2.563131809234619,-0.3292141854763031
0.2727492153644562,0.14092329144477844,-0.8802722096443176,-2.4830665588378906,0.19964855909347534,2.5640406608581543,-0.34569886326789856
0.18903067708015442,0.13447004556655884,-0.8043134212493896,-2.478356122970581,0.1779918074607849,2.5646610260009766,-0.36218351125717163
0.09820563346147537,0.12896323204040527,-0.7211636304855347,-2.4735043048858643,0.1563912183046341,2.5649967193603516,-0.3786681890487671
0.0006476918351836503,0.12451072782278061,-0.6311916708946228,-2.4685111045837402,0.13484454154968262,2.5650525093078613,-0.3951528072357178
-0.10275852680206299,0.12121470272541046,-0.5352779626846313,-2.4633774757385254,0.11334832012653351,2.564831256866455,-0.41163745522499084
-0.210579976439476,0.11916407942771912,-0.4348510801792145,-2.4581031799316406,0.09190070629119873,2.564335346221924,-0.4281221330165863
-0.32090598344802856,0.11841922253370285,-0.33181729912757874,-2.4526889324188232,0.07049845159053802,2.5635666847229004,-0.4446067810058594
-0.43152374029159546,0.11900705099105835,-0.2283850759267807,-2.4471349716186523,0.049139395356178284,2.5625269412994385,-0.46109145879745483
-0.5401902198791504,0.12091461569070816,-0.1267932951450348,-2.4414420127868652,0.027820050716400146,2.561217784881592,-0.4775761365890503
-0.6449028253555298,0.12409055233001709,-0.029039988294243813,-2.435610055923462,0.006538267247378826,2.5596392154693604,-0.49406078457832336
-0.744114100933075,0.12845519185066223,0.06333158165216446,-2.4296398162841797,-0.014709435403347015,2.557790756225586,-0.5105454325675964
-0.836820662021637,0.1339113712310791,0.14932246506214142,-2.4235315322875977,-0.035927072167396545,2.5556724071502686,-0.5270301103591919
-0.9225327968597412,0.14035053551197052,0.2284475713968277,-2.417285680770874,-0.057117436081171036,2.5532824993133545,-0.5435147285461426
-1.0011943578720093,0.14767023921012878,0.3006550073623657,-2.410902500152588,-0.07828457653522491,2.5506205558776855,-0.559999406337738
-1.073050856590271,0.15577292442321777,0.3661951422691345,-2.4043827056884766,-0.09943269938230515,2.547682762145996,-0.5764840841293335
-1.1385380029678345,0.16457009315490723,0.42550790309906006,-2.3977267742156982,-0.12056496739387512,2.544468641281128,-0.592968761920929
-1.198196291923523,0.173987478017807,0.47913920879364014,-2.390934944152832,-0.14168649911880493,2.540973424911499,-0.6094533801078796
-1.2525933980941772,0.1839640587568283,0.5276610255241394,-2.384007453918457,-0.16280192136764526,2.537194013595581,-0.6259380578994751
-1.3022902011871338,0.1944466531276703,0.5716394782066345,-2.3769445419311523,-0.18391577899456024,2.5331263542175293,-0.6424226760864258
-1.347815752029419,0.20539480447769165,0.6116088032722473,-2.3697471618652344,-0.20503363013267517,2.5287647247314453,-0.6589073538780212
-1.3896509408950806,0.21677549183368683,0.648055374622345,-2.362415313720703,-0.226160928606987,2.524104118347168,-0.6753919720649719
-1.4282252788543701,0.22856402397155762,0.6814142465591431,-2.354949474334717,-0.24730408191680908,2.519139051437378,-0.6918766498565674
-1.4639222621917725,0.24074137210845947,0.7120746374130249,-2.3473498821258545,-0.2684686779975891,2.513861894607544,-0.7083612680435181
-1.4970768690109253,0.25329524278640747,0.7403779625892639,-2.339616537094116,-0.2896616458892822,2.5082650184631348,-0.7248460054397583
-1.527982473373413,0.2662162780761719,0.7666236758232117,-2.3317503929138184,-0.3108908236026764,2.502340793609619,-0.741330623626709
-1.556895136833191,0.2795012891292572,0.7910748720169067,-2.3237509727478027,-0.3321634531021118,2.496079444885254,-0.7578153014183044
-1.5840351581573486,0.2931484878063202,0.8139588236808777,-2.3156189918518066,-0.35348784923553467,2.489471673965454,-0.7742999196052551
-1.6095991134643555,0.30716073513031006,0.8354799747467041,-2.30735445022583,-0.37487274408340454,2.4825057983398438,-0.7907846570014954
-1.6337555646896362,0.32154420018196106,0.8558146953582764,-2.298957347869873,-0.3963279724121094,2.4751698970794678,-0.807269275188446
-1.656651496887207,0.3363066613674164,0.8751188516616821,-2.290428400039673,-0.41786351799964905,2.467451572418213,-0.8237539529800415
-1.6784145832061768,0.3514587879180908,0.8935291767120361,-2.2817671298980713,-0.43949058651924133,2.459336519241333,-0.8402385711669922
-1.699161171913147,0.36701369285583496,0.9111722111701965,-2.2729740142822266,-0.4612216055393219,2.450807809829712,-0.8567232489585876
-1.7189874649047852,0.3829870820045471,0.9281545877456665,-2.2640488147735596,-0.4830685257911682,2.441849946975708,-0.8732078671455383
-1.7379820346832275,0.3993973135948181,0.9445784091949463,-2.2549915313720703,-0.5050461292266846,2.432443380355835,-0.8896925449371338
-1.756219506263733,0.41626498103141785,0.9605273604393005,-2.245802402496338,-0.5271689295768738,2.4225685596466064,-0.9061771631240845
-1.773771047592163,0.43361344933509827,0.976088285446167,-2.236480951309204,-0.549454927444458,2.412201404571533,-0.9226618409156799
-1.7906943559646606,0.4514685869216919,0.9913336038589478,-2.227027416229248,-0.57192063331604,2.4013190269470215,-0.9391465187072754
-1.8070430755615234,0.46986016631126404,1.0063339471817017,-2.2174413204193115,-0.5945872664451599,2.389893054962158,-0.9556311964988708
-1.822864294052124,0.48882174491882324,1.0211544036865234,-2.2077224254608154,-0.6174767017364502,2.3778936862945557,-0.9721158146858215
-1.8381997346878052,0.5083885192871094,1.0358569622039795,-2.1978707313537598,-0.6406130194664001,2.3652877807617188,-0.9886004328727722
-1.8530857563018799,0.5286023020744324,1.0505001544952393,-2.1878855228424072,-0.6640231013298035,2.352038621902466,-1.0050851106643677
-1.867556095123291,0.5495091676712036,1.0651427507400513,-2.177766799926758,-0.6877374053001404,2.338104486465454,-1.021569848060608
-1.8816386461257935,0.571160078048706,1.0798413753509521,-2.167513847351074,-0.7117893695831299,2.323439121246338,-1.0380544662475586
-1.8953591585159302,0.593614399433136,1.094652771949768,-2.1571261882781982,-0.7362176775932312,2.3079910278320312,-1.0545392036437988
-1.9087402820587158,0.6169376969337463,1.1096363067626953,-2.1466031074523926,-0.7610653638839722,2.2917003631591797,-1.0710238218307495
-1.9218013286590576,0.6412056088447571,1.124852180480957,-2.135944366455078,-0.7863821387290955,2.274500846862793,-1.0875083208084106
-1.9345588684082031,0.6665047407150269,1.1403650045394897,-2.1251487731933594,-0.8122245073318481,2.256314992904663,-1.1039930582046509
-1.9470257759094238,0.6929345726966858,1.156242847442627,-2.114215850830078,-0.8386582732200623,2.2370541095733643,-1.1204777956008911
-1.9592134952545166,0.7206122875213623,1.1725621223449707,-2.103144645690918,-0.8657607436180115,2.2166147232055664,-1.1369624137878418
-1.9711310863494873,0.7496761083602905,1.189409852027893,-2.0919339656829834,-0.8936243057250977,2.1948742866516113,-1.1534470319747925
-1.9827824831008911,0.7802897095680237,1.2068811655044556,-2.080583095550537,-0.9223583936691284,2.171687126159668,-1.1699316501617432
-1.9941675662994385,0.8126488327980042,1.2250885963439941,-2.0690908432006836,-0.9520929455757141,2.146880626678467,-1.1864163875579834
-1.9612784385681152,0.7889747023582458,1.197645664215088,-2.059309959411621,-0.9223232865333557,2.164099931716919,-1.2129963636398315
-1.9277058839797974,0.7673220038414001,1.1698517799377441,-2.0491952896118164,-0.8932833075523376,2.179588556289673,-1.2395762205123901
-1.8934688568115234,0.7475091814994812,1.1416584253311157,-2.038745403289795,-0.8648868799209595,2.193521022796631,-1.2661561965942383
-1.8585891723632812,0.7293881177902222,1.1130307912826538,-2.0279576778411865,-0.837061882019043,2.2060422897338867,-1.2927361726760864
-1.8230888843536377,0.7128320932388306,1.0839426517486572,-2.0168304443359375,-0.8097463846206665,2.2172770500183105,-1.3193161487579346
-1.7869951725006104,0.6977375745773315,1.0543804168701172,-2.005359649658203,-0.7828899621963501,2.2273292541503906,-1.3458960056304932
-1.7503361701965332,0.6840153932571411,1.0243360996246338,-1.9935436248779297,-0.7564466595649719,2.2362897396087646,-1.3724759817123413
-1.7131452560424805,0.6715883612632751,0.9938105344772339,-1.9813785552978516,-0.7303759455680847,2.2442374229431152,-1.3990559577941895
-1.675458550453186,0.6603947281837463,0.9628125429153442,-1.9688607454299927,-0.7046450972557068,2.2512385845184326,-1.425635814666748
-1.637315273284912,0.6503769755363464,0.9313552379608154,-1.9559866189956665,-0.6792205572128296,2.2573535442352295,-1.4522157907485962
-1.5987612009048462,0.6414874196052551,0.8994610905647278,-1.9427517652511597,-0.6540738344192505,2.2626328468322754,-1.4787957668304443
-1.5598444938659668,0.6336851716041565,0.8671566843986511,-1.9291515350341797,-0.6291792392730713,2.267120838165283,-1.5053757429122925
-1.520614504814148,0.6269338726997375,0.834471583366394,-1.9151806831359863,-0.6045128703117371,2.2708580493927,-1.531955599784851
-1.4699877500534058,0.5990496873855591,0.7777962684631348,-1.917120099067688,-0.5533829927444458,2.289236545562744,-1.5639986991882324
-1.4168354272842407,0.5740416049957275,0.7194584012031555,-1.9186737537384033,-0.5031380653381348,2.305330276489258,-1.5960419178009033
-1.361127495765686,0.5517332553863525,0.6592878103256226,-1.9198367595672607,-0.45362892746925354,2.319352626800537,-1.6280850172042847
-1.302870750427246,0.5319979786872864,0.5971718430519104,-1.9206043481826782,-0.40472766757011414,2.3314757347106934,-1.660128116607666
-1.242119550704956,0.5147454142570496,0.5330616235733032,-1.9209725856781006,-0.356329083442688,2.3418397903442383,-1.6921712160110474
-1.178981900215149,0.4999169409275055,0.46697306632995605,-1.9209372997283936,-0.308340847492218,2.3505592346191406,-1.7242143154144287
-1.1136324405670166,0.4874754846096039,0.39899781346321106,-1.9204950332641602,-0.26068127155303955,2.3577256202697754,-1.7562575340270996
-1.0463142395019531,0.47740083932876587,0.32930392026901245,-1.9196423292160034,-0.21327844262123108,2.3634116649627686,-1.788300633430481
-0.9773356914520264,0.4696842432022095,0.25812819600105286,-1.918376088142395,-0.1660648137331009,2.367675542831421,-1.8203437328338623
-0.907072901725769,0.4643239378929138,0.18577969074249268,-1.9166935682296753,-0.11897818744182587,2.370558261871338,-1.8523868322372437
-0.8359522223472595,0.4613204598426819,0.11261986196041107,-1.9145921468734741,-0.0719594731926918,2.3720898628234863,-1.8844300508499146
-0.764437735080719,0.46067625284194946,0.03904933109879494,-1.9120696783065796,-0.02495109848678112,2.372286796569824,-1.9164730310440063
-0.6930108070373535,0.4623894989490509,-0.03451429307460785,-1.9091241359710693,0.022104423493146896,2.3711535930633545,-1.9485162496566772
-0.7445923686027527,0.4521035850048065,0.029273496940732002,-1.9260369539260864,-0.018489157781004906,2.3778867721557617,-1.917239785194397
-0.7973456382751465,0.443745881319046,0.09382068365812302,-1.942305564880371,-0.058531876653432846,2.3834891319274902,-1.8859633207321167
-0.8509706258773804,0.437300443649292,0.15889453887939453,-1.9579486846923828,-0.0980849638581276,2.3880016803741455,-1.8546868562698364
-0.9051257967948914,0.4327542185783386,0.22421419620513916,-1.9729819297790527,-0.13720260560512543,2.3914568424224854,-1.8234103918075562
-0.9594380259513855,0.4300893247127533,0.2894618809223175,-1.9874212741851807,-0.1759345829486847,2.393878936767578,-1.7921339273452759
-1.0135178565979004,0.4292871952056885,0.35429951548576355,-2.0012803077697754,-0.21432550251483917,2.3952841758728027,-1.7608574628829956
-1.066972017288208,0.4303256571292877,0.4183817207813263,-2.014573097229004,-0.25241750478744507,2.395684242248535,-1.7295809984207153
-1.1194205284118652,0.433178573846817,0.4813731014728546,-2.0273125171661377,-0.2902480363845825,2.395082473754883,-1.698304533958435
-1.1705113649368286,0.437816858291626,0.5429644584655762,-2.0395102500915527,-0.32785406708717346,2.393476963043213,-1.6670280694961548
-1.219931960105896,0.444211483001709,0.6028850674629211,-2.051177978515625,-0.365270733833313,2.3908581733703613,-1.6357516050338745
-1.2674176692962646,0.45233267545700073,0.6609089970588684,-2.062325954437256,-0.4025323688983917,2.3872106075286865,-1.6044751405715942
-1.3127543926239014,0.46215441823005676,0.7168615460395813,-2.072965145111084,-0.43967270851135254,2.382512092590332,-1.573198676109314
-1.3557828664779663,0.4736555814743042,0.7706223130226135,-2.0831053256988525,-0.47672680020332336,2.3767330646514893,-1.5419222116470337
-1.39639413356781,0.48682284355163574,0.8221213221549988,-2.0927553176879883,-0.5137300491333008,2.3698346614837646,-1.5106457471847534
-1.434526801109314,0.5016520619392395,0.8713375329971313,-2.101923942565918,-0.5507197380065918,2.361769437789917,-1.4793692827224731
-1.4701560735702515,0.5181525945663452,0.9182866811752319,-2.1106202602386475,-0.5877354741096497,2.352482318878174,-1.4480928182601929
-1.5032964944839478,0.5363487005233765,0.9630272388458252,-2.118851661682129,-0.6248214244842529,2.341902732849121,-1.4168163537979126
-1.5339845418930054,0.556282103061676,1.0056415796279907,-2.126626491546631,-0.6620261669158936,2.3299508094787598,-1.3855398893356323
-1.5622811317443848,0.5780147314071655,1.046241044998169,-2.1339516639709473,-0.6994036436080933,2.3165273666381836,-1.354263424873352
-1.5882600545883179,0.6016338467597961,1.0849549770355225,-2.140834331512451,-0.7370169162750244,2.3015172481536865,-1.3229869604110718
-1.6120035648345947,0.6272540092468262,1.1219277381896973,-2.1472811698913574,-0.7749373316764832,2.2847816944122314,-1.2917104959487915
-1.6336017847061157,0.6550261378288269,1.1573207378387451,-2.1532983779907227,-0.8132518529891968,2.266153335571289,-1.2604340314865112
-1.6531428098678589,0.685143232345581,1.1913063526153564,-2.1588921546936035,-0.8520627021789551,2.2454299926757812,-1.229157567024231
-1.670715093612671,0.7178514003753662,1.2240726947784424,-2.1640684604644775,-0.891497015953064,2.2223637104034424,-1.1978811025619507
-1.6864025592803955,0.7534707188606262,1.2558269500732422,-2.1688320636749268,-0.9317157864570618,2.196643829345703,-1.1666046380996704
-1.7002750635147095,0.7924050688743591,1.286792516708374,-2.1731889247894287,-0.9729151725769043,2.1678855419158936,-1.1353281736373901
-1.6813673973083496,0.7676236033439636,1.26755952835083,-2.1705970764160156,-0.9470378160476685,2.186269760131836,-1.1628239154815674
-1.6619290113449097,0.7442650198936462,1.2481558322906494,-2.1679108142852783,-0.9216672778129578,2.203362226486206,-1.1903197765350342
-1.6419551372528076,0.7222077250480652,1.2285330295562744,-2.165128707885742,-0.896752655506134,2.21927809715271,-1.2178155183792114
-1.6214333772659302,0.7013389468193054,1.2086403369903564,-2.162250518798828,-0.87223881483078,2.2341227531433105,-1.2453113794326782
-1.6003525257110596,0.6815666556358337,1.1884348392486572,-2.1592750549316406,-0.8480842709541321,2.2479841709136963,-1.2728071212768555
-1.5787012577056885,0.6628105640411377,1.1678762435913086,-2.1562018394470215,-0.8242525458335876,2.260939359664917,-1.3003029823303223
-1.5564664602279663,0.6450031399726868,1.146927833557129,-2.153029441833496,-0.800711452960968,2.273054838180542,-1.327798843383789
-1.533634901046753,0.628084123134613,1.125554084777832,-2.1497578620910645,-0.7774344682693481,2.284390449523926,-1.3552945852279663
-1.5101951360702515,0.6120024919509888,1.1037245988845825,-2.146385669708252,-0.754397451877594,2.294997215270996,-1.382790446281433
-1.486133098602295,0.596712589263916,1.0814082622528076,-2.1429123878479004,-0.7315786480903625,2.304922342300415,-1.4102861881256104
-1.4614346027374268,0.5821759700775146,1.0585755109786987,-2.1393370628356934,-0.7089584469795227,2.3142075538635254,-1.4377819299697876
-1.4360888004302979,0.5683577060699463,1.035201072692871,-2.1356592178344727,-0.6865205764770508,2.322890281677246,-1.4652777910232544
-1.4100865125656128,0.5552292466163635,1.011263132095337,-2.1318776607513428,-0.66424959897995,2.3310022354125977,-1.4927735328674316
-1.3834137916564941,0.54276442527771,0.9867362380027771,-2.1279916763305664,-0.6421311497688293,2.3385751247406006,-1.5202693939208984
-1.3560657501220703,0.5309412479400635,0.9616042971611023,-2.1240005493164062,-0.620154082775116,2.345634937286377,-1.5477651357650757
-1.3280338048934937,0.519740104675293,0.9358490109443665,-2.119903564453125,-0.598305344581604,2.3522069454193115,-1.575260877609253
-1.2993128299713135,0.5091450810432434,0.9094551801681519,-2.1156997680664062,-0.5765745639801025,2.358313798904419,-1.6027567386627197
-1.2699027061462402,0.4991424083709717,0.8824143409729004,-2.111388683319092,-0.5549525618553162,2.3639745712280273,-1.6302525997161865
-1.2398014068603516,0.4897204041481018,0.8547163009643555,-2.1069693565368652,-0.5334295034408569,2.369208812713623,-1.6577483415603638
-1.2090154886245728,0.4808697998523712,0.8263593912124634,-2.1024413108825684,-0.5119978189468384,2.3740322589874268,-1.685244083404541
-1.1775517463684082,0.47258180379867554,0.7973426580429077,-2.0978035926818848,-0.49064913392066956,2.37846040725708,-1.7127399444580078
-1.1454204320907593,0.4648512899875641,0.7676698565483093,-2.093055248260498,-0.4693754315376282,2.382507801055908,-1.7402358055114746
-1.1126368045806885,0.4576728045940399,0.737349271774292,-2.08819580078125,-0.4481705129146576,2.3861865997314453,-1.7677315473556519
-1.0792226791381836,0.45104244351387024,0.7063956260681152,-2.083224058151245,-0.4270269274711609,2.389507293701172,-1.795227289199829
-1.0452018976211548,0.4449581503868103,0.6748266816139221,-2.0781397819519043,-0.40593913197517395,2.3924808502197266,-1.822723150253296
-1.0522866249084473,0.4643571376800537,0.6882784962654114,-2.0573413372039795,-0.42496463656425476,2.3801114559173584,-1.837809681892395
-1.0592968463897705,0.4842420220375061,0.7020667791366577,-2.0362744331359863,-0.44443267583847046,2.3672354221343994,-1.8528963327407837
-1.066239833831787,0.5046494603157043,0.7162345051765442,-2.014927864074707,-0.4643809497356415,2.353822708129883,-1.8679828643798828
-1.0731239318847656,0.5256198644638062,0.7308298945426941,-1.9932899475097656,-0.4848507344722748,2.339838981628418,-1.8830695152282715
-1.079953908920288,0.5471981167793274,0.7459023594856262,-1.971348762512207,-0.5058881640434265,2.3252477645874023,-1.8981560468673706
-1.0867348909378052,0.5694331526756287,0.7615076303482056,-1.9490910768508911,-0.5275462865829468,2.3100063800811768,-1.9132426977157593
-1.093470811843872,0.5923807621002197,0.7777069211006165,-1.9265024662017822,-0.5498847961425781,2.2940673828125,-1.9283292293548584
-1.1001629829406738,0.616104245185852,0.7945672869682312,-1.9035677909851074,-0.5729727149009705,2.2773776054382324,-1.943415880203247
-1.1068129539489746,0.6406755447387695,0.8121658563613892,-1.88027024269104,-0.596889078617096,2.259875774383545,-1.9585025310516357
-1.1134228706359863,0.6661767363548279,0.8305918574333191,-1.856592059135437,-0.6217259168624878,2.241490602493286,-1.9735890626907349
-1.1199902296066284,0.6927023530006409,0.8499452471733093,-1.8325135707855225,-0.6475902795791626,2.2221412658691406,-1.9886757135391235
-1.1265137195587158,0.7203636169433594,0.8703446984291077,-1.8080140352249146,-0.6746083498001099,2.201732635498047,-2.0037622451782227
-1.132990837097168,0.7492918372154236,0.8919312357902527,-1.7830698490142822,-0.7029321789741516,2.1801512241363525,-2.0188488960266113
-1.139416217803955,0.7796435952186584,0.914872407913208,-1.7576555013656616,-0.7327434420585632,2.1572623252868652,-2.033935308456421
-1.1457825899124146,0.8116084337234497,0.9393717646598816,-1.7317432165145874,-0.764264702796936,2.1329030990600586,-2.0490219593048096
-1.1520836353302002,0.8454213738441467,0.9656854271888733,-1.705302357673645,-0.7977738380432129,2.106869697570801,-2.0641086101531982
-1.1583051681518555,0.8813785314559937,0.9941317439079285,-1.6782982349395752,-0.8336215615272522,2.0789079666137695,-2.079195261001587
-1.1644309759140015,0.9198611974716187,1.0251250267028809,-1.6506928205490112,-0.8722635507583618,2.0486888885498047,-2.0942819118499756
-1.1704390048980713,0.9613810777664185,1.0592190027236938,-1.6224439144134521,-0.9143113493919373,2.015773296356201,-2.109368324279785
-1.1762940883636475,1.0066429376602173,1.097177505493164,-1.5935027599334717,-0.9606102108955383,1.9795538187026978,-2.124454975128174
-1.181954264640808,1.056680679321289,1.140122890472412,-1.5638158321380615,-1.012397050857544,1.9391419887542725,-2.1395416259765625
-1.1873282194137573,1.113121747970581,1.1897923946380615,-1.533320665359497,-1.0716142654418945,1.8931429386138916,-2.154628276824951
-1.1922767162322998,1.1788122653961182,1.2492252588272095,-1.5019466876983643,-1.1416434049606323,1.8391165733337402,-2.1697146892547607
