-2.009678840637207,1.0027624368667603,1.297498345375061,-1.949784755706787,-1.097551703453064,1.993706464767456,-2.5997629165649414
-2.0123391151428223,1.0006916522979736,1.2995784282684326,-1.9568578004837036,-1.0977858304977417,1.9956204891204834,-2.5756523609161377
-2.0149779319763184,0.9986423850059509,1.3016724586486816,-1.963891625404358,-1.0980279445648193,1.9975183010101318,-2.551541566848755
-2.0175952911376953,0.996613621711731,1.30377995967865,-1.9708863496780396,-1.0982766151428223,1.999400019645691,-2.527431011199951
-2.0201916694641113,0.9946056604385376,1.3059006929397583,-1.9778428077697754,-1.098531723022461,2.0012660026550293,-2.5033202171325684
-2.0227649211883545,0.9926159977912903,1.3080326318740845,-1.9847612380981445,-1.098792314529419,2.0031180381774902,-2.4792096614837646
-2.025315761566162,0.9906446933746338,1.3101754188537598,-1.9916422367095947,-1.0990571975708008,2.0049569606781006,-2.455098867416382
-2.0278453826904297,0.9886916875839233,1.3123304843902588,-1.998485803604126,-1.0993266105651855,2.0067811012268066,-2.430988311767578
-2.0303518772125244,0.9867555499076843,1.3144952058792114,-2.0052928924560547,-1.0995993614196777,2.0085930824279785,-2.4068775177001953
-2.0328357219696045,0.9848358631134033,1.3166698217391968,-2.0120630264282227,-1.0998746156692505,2.010392665863037,-2.3827669620513916
-2.03529691696167,0.9829323887825012,1.3188540935516357,-2.0187976360321045,-1.1001524925231934,2.0121803283691406,-2.358656167984009
-2.0377345085144043,0.9810433387756348,1.3210469484329224,-2.025496482849121,-1.100431203842163,2.0139570236206055,-2.334545612335205
-2.0401501655578613,0.979170560836792,1.3232494592666626,-2.0321598052978516,-1.1007126569747925,2.0157217979431152,-2.3104348182678223
-2.042541980743408,0.9773105978965759,1.3254592418670654,-2.038788318634033,-1.1009926795959473,2.017477512359619,-2.2863242626190186
-2.0449106693267822,0.975464940071106,1.3276774883270264,-2.045382022857666,-1.1012742519378662,2.0192224979400635,-2.2622134685516357
-2.0472559928894043,0.9736308455467224,1.3299027681350708,-2.0519416332244873,-1.101554274559021,2.02095890045166,-2.238102912902832
-2.049577236175537,0.9718105792999268,1.3321353197097778,-2.058466911315918,-1.1018341779708862,2.0226855278015137,-2.213992118835449
-2.051875114440918,0.9700007438659668,1.3343745470046997,-2.0649585723876953,-1.102111577987671,2.024404525756836,-2.1898815631866455
-2.0541484355926514,0.9682031273841858,1.3366200923919678,-2.0714168548583984,-1.10238778591156,2.0261151790618896,-2.1657707691192627
-2.0563974380493164,0.9664148688316345,1.3388710021972656,-2.0778419971466064,-1.1026599407196045,2.0278193950653076,-2.141660213470459
-2.058622360229492,0.9646368026733398,1.3411279916763306,-2.0842342376708984,-1.1029300689697266,2.0295162200927734,-2.117549419403076
-2.0608229637145996,0.9628683924674988,1.3433905839920044,-2.0905938148498535,-1.103196620941162,2.0312061309814453,-2.0934388637542725
-2.0629992485046387,0.9611091017723083,1.345658302307129,-2.096921443939209,-1.1034587621688843,2.0328903198242188,-2.0693280696868896
-2.0651514530181885,0.9593591690063477,1.3479321002960205,-2.1032164096832275,-1.1037178039550781,2.034567356109619,-2.045217514038086
-2.067277669906616,0.9576160311698914,1.35020911693573,-2.1094796657562256,-1.1039708852767944,2.036240816116333,-2.021106719970703
-2.06937837600708,0.9558792114257812,1.3524898290634155,-2.1157116889953613,-1.1042184829711914,2.037910223007202,-1.9969961643218994
-2.0714550018310547,0.9541501998901367,1.3547756671905518,-2.1219120025634766,-1.1044604778289795,2.039574146270752,-1.9728853702545166
-2.0735061168670654,0.9524278044700623,1.3570654392242432,-2.1280813217163086,-1.10469651222229,2.041234016418457,-1.948774814605713
-2.0755319595336914,0.9507116079330444,1.3593592643737793,-2.1342196464538574,-1.104926586151123,2.0428900718688965,-1.9246641397476196
-2.077531099319458,0.9489986300468445,1.3616551160812378,-2.140326976776123,-1.1051483154296875,2.0445446968078613,-1.9005534648895264
-2.0795059204101562,0.9472935199737549,1.3639562129974365,-2.1464040279388428,-1.1053645610809326,2.046194076538086,-1.876442790031433
-2.0814545154571533,0.9455909729003906,1.3662595748901367,-2.1524510383605957,-1.1055724620819092,2.047842502593994,-1.8523321151733398
-2.083376407623291,0.9438924193382263,1.368565320968628,-2.1584672927856445,-1.105771780014038,2.0494894981384277,-1.8282214403152466
-2.0852725505828857,0.9421969056129456,1.3708741664886475,-2.1644539833068848,-1.1059627532958984,2.0511345863342285,-1.8041107654571533
-2.0871429443359375,0.9405059814453125,1.373186707496643,-2.170410633087158,-1.106145977973938,2.0527772903442383,-1.78000009059906
-2.088986396789551,0.9388159513473511,1.3755006790161133,-2.176337718963623,-1.1063191890716553,2.0544204711914062,-1.7558894157409668
-2.0908043384552,0.937129557132721,1.3778183460235596,-2.1822357177734375,-1.1064841747283936,2.0560617446899414,-1.7317787408828735
-2.0925936698913574,0.9354425072669983,1.380136251449585,-2.1881041526794434,-1.106637716293335,2.0577054023742676,-1.7076680660247803
-2.094357490539551,0.9337581396102905,1.3824574947357178,-2.1939432621002197,-1.1067816019058228,2.0593478679656982,-1.683557391166687
-2.0960941314697266,0.9320732355117798,1.3847804069519043,-2.199753761291504,-1.1069148778915405,2.0609917640686035,-1.6594467163085938
-2.0978033542633057,0.9303895831108093,1.3871054649353027,-2.2055351734161377,-1.1070377826690674,2.062635898590088,-1.6353360414505005
-2.099485397338867,0.9287048578262329,1.3894318342208862,-2.2112879753112793,-1.1071486473083496,2.0642824172973633,-1.6112253665924072
-2.1011404991149902,0.9270206689834595,1.3917608261108398,-2.2170119285583496,-1.1072494983673096,2.065929412841797,-1.587114691734314
-2.1027677059173584,0.9253340363502502,1.3940906524658203,-2.222707748413086,-1.1073371171951294,2.067579984664917,-1.5630040168762207
-2.104367733001709,0.9236467480659485,1.3964226245880127,-2.2283754348754883,-1.1074137687683105,2.0692319869995117,-1.5388933420181274
-2.1059398651123047,0.9219576716423035,1.3987562656402588,-2.2340145111083984,-1.1074779033660889,2.0708866119384766,-1.5147827863693237
-2.1074838638305664,0.9202658534049988,1.4010908603668213,-2.2396256923675537,-1.1075286865234375,2.072545051574707,-1.4906721115112305
-2.108999729156494,0.9185717701911926,1.4034271240234375,-2.245208740234375,-1.107567310333252,2.0742063522338867,-1.4665613174438477
-2.110487937927246,0.9168744683265686,1.4057649374008179,-2.2507638931274414,-1.1075923442840576,2.075871467590332,-1.442450761795044
-2.111948013305664,0.9151746034622192,1.408104658126831,-2.256291151046753,-1.1076042652130127,2.0775399208068848,-1.4183399677276611
-2.113379955291748,0.9134703278541565,1.4104454517364502,-2.2617907524108887,-1.1076023578643799,2.0792131423950195,-1.3942292928695679
-2.1147825717926025,0.9117609262466431,1.4127869606018066,-2.2672629356384277,-1.1075851917266846,2.0808920860290527,-1.3701186180114746
-2.116157293319702,0.9100478291511536,1.415130615234375,-2.272707462310791,-1.1075547933578491,2.0825750827789307,-1.3460079431533813
-2.1175026893615723,0.9083296060562134,1.4174749851226807,-2.2781243324279785,-1.1075094938278198,2.084263324737549,-1.3218973875045776
-2.118819236755371,0.9066043496131897,1.4198205471038818,-2.2835140228271484,-1.1074484586715698,2.085958480834961,-1.2977867126464844
-2.120107650756836,0.9048764705657959,1.422168493270874,-2.288876533508301,-1.107373833656311,2.0876572132110596,-1.2736760377883911
-2.121365785598755,0.9031400680541992,1.4245165586471558,-2.2942113876342773,-1.1072821617126465,2.0893640518188477,-1.2495653629302979
-2.122596263885498,0.9013984203338623,1.4268673658370972,-2.2995193004608154,-1.1071758270263672,2.091075897216797,-1.225454568862915
-2.123795986175537,0.8996497392654419,1.4292182922363281,-2.304800033569336,-1.107053279876709,2.0927953720092773,-1.2013438940048218
-2.1249680519104004,0.8978990912437439,1.4315731525421143,-2.3100531101226807,-1.1069185733795166,2.094517230987549,-1.1772332191467285
-2.1261088848114014,0.8961368203163147,1.4339275360107422,-2.315279483795166,-1.1067638397216797,2.096250295639038,-1.1531225442886353
-2.12722110748291,0.8943671584129333,1.4362841844558716,-2.320478916168213,-1.1065928936004639,2.097989797592163,-1.1290119886398315
-2.128302574157715,0.8925878405570984,1.4386411905288696,-2.3256514072418213,-1.106404185295105,2.099738597869873,-1.1049013137817383
-2.129354953765869,0.8908022046089172,1.4410009384155273,-2.330796957015991,-1.1061995029449463,2.1014938354492188,-1.080790638923645
-2.130377769470215,0.8890080451965332,1.4433627128601074,-2.3359155654907227,-1.1059778928756714,2.1032567024230957,-1.0566799640655518
-2.1313693523406982,0.8872054815292358,1.4457253217697144,-2.3410069942474365,-1.1057381629943848,2.1050283908843994,-1.0325692892074585
-2.132331132888794,0.8853919506072998,1.448089838027954,-2.34607195854187,-1.1054800748825073,2.106809616088867,-1.0084586143493652
-2.133263111114502,0.8835712671279907,1.4504570960998535,-2.3511099815368652,-1.1052052974700928,2.108597993850708,-0.9843478798866272
-2.1341638565063477,0.8817387223243713,1.4528253078460693,-2.356121063232422,-1.104911208152771,2.1103971004486084,-0.9602372050285339
-2.1350343227386475,0.8798977136611938,1.4551959037780762,-2.361104965209961,-1.1045992374420166,2.112204074859619,-0.9361266493797302
-2.1358742713928223,0.8780458569526672,1.457568645477295,-2.3660624027252197,-1.1042684316635132,2.1140213012695312,-0.9120159149169922
-2.136683225631714,0.8761833310127258,1.4599436521530151,-2.370993137359619,-1.1039189100265503,2.1158480644226074,-0.8879052996635437
-2.1374619007110596,0.8743108510971069,1.4623212814331055,-2.37589693069458,-1.1035503149032593,2.1176838874816895,-0.8637945652008057
-2.138209342956543,0.8724278211593628,1.4647011756896973,-2.3807737827301025,-1.1031631231307983,2.1195297241210938,-0.8396838903427124
-2.138925790786743,0.8705331683158875,1.4670836925506592,-2.3856239318847656,-1.1027560234069824,2.1213855743408203,-0.8155733346939087
-2.139610767364502,0.8686270713806152,1.469468355178833,-2.3904471397399902,-1.1023298501968384,2.1232523918151855,-0.7914624810218811
-2.1402649879455566,0.8667097687721252,1.4718564748764038,-2.3952431678771973,-1.1018837690353394,2.125128984451294,-0.7673519253730774
-2.1408872604370117,0.8647804856300354,1.4742465019226074,-2.400012731552124,-1.1014171838760376,2.127016544342041,-0.7432411313056946
-2.1414778232574463,0.8628389835357666,1.476639747619629,-2.404755115509033,-1.1009304523468018,2.1289150714874268,-0.7191305756568909
-2.142037868499756,0.86088627576828,1.479036808013916,-2.409470796585083,-1.10042405128479,2.1308233737945557,-0.6950197815895081
-2.1425647735595703,0.8589200973510742,1.4814355373382568,-2.4141592979431152,-1.09989595413208,2.1327438354492188,-0.6709092259407043
-2.143061876296997,0.8569434285163879,1.4838393926620483,-2.418820858001709,-1.099349021911621,2.134673595428467,-0.6467984318733215
-2.1435248851776123,0.854951798915863,1.486244797706604,-2.423455238342285,-1.0987797975540161,2.1366167068481445,-0.622687816619873
-2.1439568996429443,0.8529483079910278,1.4886544942855835,-2.4280624389648438,-1.0981900691986084,2.1385703086853027,-0.5985772609710693
-2.1443564891815186,0.8509325981140137,1.4910675287246704,-2.4326424598693848,-1.0975791215896606,2.1405348777770996,-0.5744664072990417
-2.144724130630493,0.8489025831222534,1.4934844970703125,-2.437195301055908,-1.096946358680725,2.1425118446350098,-0.5503559112548828
-2.14505934715271,0.8468604683876038,1.4959052801132202,-2.441721200942993,-1.0962926149368286,2.1444995403289795,-0.5262451171875
-2.145362138748169,0.8448050618171692,1.498329997062683,-2.4462194442749023,-1.0956170558929443,2.146498680114746,-0.5021345019340515
-2.145632743835449,0.842736005783081,1.5007591247558594,-2.450690269470215,-1.09492027759552,2.1485097408294678,-0.4780237376689911
-2.145869731903076,0.8406527638435364,1.503191590309143,-2.4551339149475098,-1.0942004919052124,2.1505331993103027,-0.4539131224155426
-2.1460747718811035,0.8385566473007202,1.505629301071167,-2.459549903869629,-1.093459129333496,2.1525676250457764,-0.4298025667667389
-2.146246910095215,0.8364470601081848,1.5080710649490356,-2.4639382362365723,-1.0926953554153442,2.154613971710205,-0.40569180250167847
-2.146385669708252,0.8343239426612854,1.5105171203613281,-2.46829891204834,-1.091909646987915,2.156672239303589,-0.38158118724823
-2.146491527557373,0.8321861624717712,1.5129679441452026,-2.4726319313049316,-1.0911009311676025,2.158742666244507,-0.35747042298316956
-2.146563768386841,0.8300344347953796,1.51542329788208,-2.4769370555877686,-1.0902695655822754,2.160825252532959,-0.33335980772972107
-2.146603584289551,0.8278694748878479,1.5178841352462769,-2.4812145233154297,-1.0894155502319336,2.162919044494629,-0.30924904346466064
-2.146608829498291,0.8256899118423462,1.520349144935608,-2.4854636192321777,-1.088538646697998,2.165025472640991,-0.28513848781585693
-2.1465811729431152,0.8234959840774536,1.5228195190429688,-2.48968505859375,-1.0876381397247314,2.1671440601348877,-0.26102766394615173
-2.1465201377868652,0.8212888240814209,1.5252954959869385,-2.49387788772583,-1.0867148637771606,2.169273614883423,-0.23691710829734802
-2.1464247703552246,0.8190673589706421,1.5277763605117798,-2.498042583465576,-1.0857678651809692,2.1714155673980713,-0.21280649304389954
-2.1462955474853516,0.8168320059776306,1.5302627086639404,-2.502178907394409,-1.0847980976104736,2.1735687255859375,-0.1886957287788391
-2.146132230758667,0.8145825862884521,1.5327543020248413,-2.50628662109375,-1.0838046073913574,2.175734281539917,-0.16458511352539062
-2.145935535430908,0.8123191595077515,1.5352524518966675,-2.5103659629821777,-1.0827873945236206,2.177910804748535,-0.1404743492603302
-2.1457033157348633,0.8100413084030151,1.5377546548843384,-2.514416456222534,-1.0817463397979736,2.180100202560425,-0.11636379361152649
-2.145437002182007,0.8077493906021118,1.540263295173645,-2.5184383392333984,-1.0806810855865479,2.182300567626953,-0.09225296974182129
-2.145136833190918,0.8054443001747131,1.5427781343460083,-2.5224311351776123,-1.0795929431915283,2.1845123767852783,-0.06814241409301758
-2.144801616668701,0.8031246066093445,1.545298457145691,-2.526394844055176,-1.0784800052642822,2.1867358684539795,-0.04403180256485939
-2.1444318294525146,0.8007921576499939,1.5478252172470093,-2.5303292274475098,-1.0773435831069946,2.188969612121582,-0.019921034574508667
-2.144026517868042,0.7984448075294495,1.5503573417663574,-2.5342345237731934,-1.0761818885803223,2.191215753555298,0.004189519211649895
-2.1435868740081787,0.7960845828056335,1.5528961420059204,-2.5381104946136475,-1.0749969482421875,2.193471908569336,0.028300346806645393
-2.143111228942871,0.7937101125717163,1.5554403066635132,-2.541956663131714,-1.0737872123718262,2.195740222930908,0.052410900592803955
-2.1426007747650146,0.7913217544555664,1.5579913854599,-2.5457732677459717,-1.0725529193878174,2.198019027709961,0.07652172446250916
-2.142054319381714,0.7889207005500793,1.560547947883606,-2.549560070037842,-1.0712945461273193,2.200308322906494,0.10063228011131287
-2.141472578048706,0.7865061163902283,1.5631113052368164,-2.553316593170166,-1.0700113773345947,2.202608108520508,0.12474304437637329
-2.140854835510254,0.7840782999992371,1.5656805038452148,-2.5570433139801025,-1.0687036514282227,2.204918384552002,0.14885365962982178
-2.1402010917663574,0.7816371917724609,1.56825590133667,-2.560739517211914,-1.067371129989624,2.2072391510009766,0.1729642152786255
-2.1395115852355957,0.7791838645935059,1.5708379745483398,-2.5644054412841797,-1.0660141706466675,2.2095694541931152,0.1970750391483307
-2.1387858390808105,0.7767177820205688,1.573426365852356,-2.5680408477783203,-1.0646321773529053,2.211909294128418,0.2211855947971344
-2.1380233764648438,0.7742379903793335,1.5760208368301392,-2.571645498275757,-1.063225269317627,2.214259624481201,0.24529635906219482
-2.137223720550537,0.7717458605766296,1.5786207914352417,-2.57521915435791,-1.0617939233779907,2.2166197299957275,0.2694069743156433
-2.136388063430786,0.7692421674728394,1.5812277793884277,-2.5787618160247803,-1.060337781906128,2.2189879417419434,0.29351773858070374
-2.1355154514312744,0.7667260766029358,1.5838409662246704,-2.582273244857788,-1.0588562488555908,2.221365451812744,0.3176283538341522
-2.134605646133423,0.7641973495483398,1.586459994316101,-2.5857534408569336,-1.0573498010635376,2.223752498626709,0.34173890948295593
-2.1336584091186523,0.7616575956344604,1.5890851020812988,-2.5892019271850586,-1.0558191537857056,2.226147413253784,0.36584973335266113
-2.132673501968384,0.7591052055358887,1.591715931892395,-2.592618942260742,-1.0542628765106201,2.2285513877868652,0.38996028900146484
-2.131650686264038,0.7565427422523499,1.5943527221679688,-2.596003770828247,-1.0526823997497559,2.2309625148773193,0.41407105326652527
-2.1305899620056152,0.7539685368537903,1.5969949960708618,-2.5993566513061523,-1.0510764122009277,2.233381748199463,0.43818166851997375
-2.1294913291931152,0.7513825297355652,1.5996432304382324,-2.602677345275879,-1.0494451522827148,2.235809326171875,0.4622924327850342
-2.12835431098938,0.7487866282463074,1.6022968292236328,-2.6059656143188477,-1.0477896928787231,2.238243341445923,0.48640304803848267
-2.12717866897583,0.7461801767349243,1.604956030845642,-2.6092209815979004,-1.0461095571517944,2.2406842708587646,0.5105138421058655
-2.1259641647338867,0.743562638759613,1.607620120048523,-2.6124441623687744,-1.0444042682647705,2.2431328296661377,0.5346243977546692
-2.12471079826355,0.7409350872039795,1.610289454460144,-2.615633964538574,-1.0426733493804932,2.2455875873565674,0.5587349534034729
-2.123418092727661,0.738297700881958,1.6129634380340576,-2.618790626525879,-1.0409183502197266,2.2480485439300537,0.5828457474708557
-2.1220860481262207,0.7356506586074829,1.6156424283981323,-2.6219139099121094,-1.0391383171081543,2.2505152225494385,0.6069563627243042
-2.1207141876220703,0.7329941987991333,1.6183257102966309,-2.6250038146972656,-1.0373339653015137,2.2529873847961426,0.631067156791687
-2.11930251121521,0.7303285598754883,1.6210132837295532,-2.6280601024627686,-1.0355048179626465,2.255465030670166,0.655177652835846
-2.1178503036499023,0.7276540994644165,1.6237046718597412,-2.63108229637146,-1.0336508750915527,2.2579474449157715,0.6792885065078735
-2.1163578033447266,0.7249712347984314,1.6263999938964844,-2.6340701580047607,-1.0317730903625488,2.260434150695801,0.7033990621566772
-2.1148247718811035,0.7222794890403748,1.6290987730026245,-2.637024164199829,-1.0298699140548706,2.262925863265991,0.7275096774101257
-2.113250255584717,0.7195802330970764,1.6318005323410034,-2.6399431228637695,-1.0279436111450195,2.265420436859131,0.7516204714775085
-2.111635446548462,0.7168729901313782,1.6345059871673584,-2.6428279876708984,-1.0259921550750732,2.2679190635681152,0.7757310271263123
-2.109978199005127,0.7141582369804382,1.6372132301330566,-2.645677328109741,-1.024017333984375,2.270420789718628,0.7998418211936951
-2.108278751373291,0.7114356160163879,1.6399223804473877,-2.648491859436035,-1.0220175981521606,2.272926092147827,0.8239523768424988
-2.1065378189086914,0.7087066173553467,1.6426340341567993,-2.651270866394043,-1.0199944972991943,2.27543306350708,0.8480632305145264
-2.1047544479370117,0.7059707045555115,1.6453471183776855,-2.6540145874023438,-1.0179476737976074,2.277942419052124,0.8721737265586853
-2.1029281616210938,0.7032282948493958,1.6480611562728882,-2.6567225456237793,-1.0158770084381104,2.280453681945801,0.8962845802307129
-2.1010584831237793,0.7004802227020264,1.650775671005249,-2.6593942642211914,-1.0137830972671509,2.282965898513794,0.9203951358795166
-2.0576248168945312,0.6832672357559204,1.6272492408752441,-2.634701728820801,-0.996751070022583,2.2925562858581543,0.8979750275611877
-2.013493537902832,0.6686358451843262,1.602288007736206,-2.609611988067627,-0.9808246493339539,2.300071954727173,0.8755548596382141
-1.9688256978988647,0.6563783288002014,1.5761216878890991,-2.5841283798217773,-0.9659304618835449,2.305743455886841,0.8531347513198853
-1.9237878322601318,0.6463185548782349,1.5489779710769653,-2.558253288269043,-0.9520053267478943,2.309765100479126,0.8307146430015564
-1.8785487413406372,0.6383072137832642,1.5210880041122437,-2.531987190246582,-0.938995361328125,2.312297821044922,0.8082945346832275
-1.833278775215149,0.632215142250061,1.4926745891571045,-2.5053296089172363,-0.9268536567687988,2.3134779930114746,0.7858744263648987
-1.7881416082382202,0.6279288530349731,1.463952898979187,-2.4782772064208984,-0.9155387878417969,2.3134210109710693,0.763454258441925
-1.7432985305786133,0.6253466010093689,1.4351320266723633,-2.4508259296417236,-0.9050166010856628,2.312224864959717,0.7410341501235962
-1.6988985538482666,0.6243772506713867,1.406407117843628,-2.4229705333709717,-0.8952561616897583,2.30997371673584,0.7186140418052673
-1.6550809144973755,0.6249383687973022,1.3779613971710205,-2.3947033882141113,-0.8862332701683044,2.3067378997802734,0.6961939334869385
-1.6119705438613892,0.6269546151161194,1.3499630689620972,-2.3660154342651367,-0.8779255747795105,2.3025777339935303,0.6737737655639648
-1.5696791410446167,0.6303572058677673,1.322564959526062,-2.3368964195251465,-0.8703177571296692,2.297544002532959,0.651353657245636
-1.5282999277114868,0.6350834965705872,1.295901894569397,-2.3073337078094482,-0.8633973598480225,2.291679620742798,0.6289335489273071
-1.487913966178894,0.6410768628120422,1.2700960636138916,-2.277313232421875,-0.8571555018424988,2.2850186824798584,0.6065134406089783
-1.4485830068588257,0.6482864618301392,1.245250940322876,-2.2468185424804688,-0.851589024066925,2.2775895595550537,0.5840933322906494
-1.4103537797927856,0.6566657423973083,1.221455454826355,-2.215831756591797,-0.8466961979866028,2.269416332244873,0.5616731643676758
-1.3732608556747437,0.6661770343780518,1.1987881660461426,-2.1843318939208984,-0.8424843549728394,2.2605133056640625,0.5392530560493469
-1.3373249769210815,0.6767861247062683,1.1773154735565186,-2.1522955894470215,-0.8389610052108765,2.250892162322998,0.5168329477310181
-1.3025553226470947,0.6884673833847046,1.157095193862915,-2.119696617126465,-0.8361428380012512,2.2405567169189453,0.4944128394126892
-1.2689491510391235,0.7011991143226624,1.1381760835647583,-2.0865068435668945,-0.8340491056442261,2.229508876800537,0.4719926714897156
-1.2364965677261353,0.7149704694747925,1.1206049919128418,-2.052692174911499,-0.8327094912528992,2.217740535736084,0.4495725929737091
-1.2051804065704346,0.7297754287719727,1.1044268608093262,-2.018217086791992,-0.8321584463119507,2.205240488052368,0.4271524250507355
-1.1749755144119263,0.7456177473068237,1.0896849632263184,-1.9830398559570312,-0.8324409127235413,2.1919898986816406,0.404732346534729
-1.14585280418396,0.7625106573104858,1.0764288902282715,-1.9471135139465332,-0.833611011505127,2.1779637336730957,0.38231220841407776
-1.1177799701690674,0.7804786562919617,1.0647152662277222,-1.9103862047195435,-0.8357387185096741,2.1631269454956055,0.3598921000957489
-1.090720772743225,0.7995582222938538,1.0546114444732666,-1.8727976083755493,-0.8389087915420532,2.1474356651306152,0.33747196197509766
-1.0780733823776245,0.8034677505493164,1.0694615840911865,-1.8844008445739746,-0.8507570028305054,2.145045042037964,0.3510463535785675
-1.0638436079025269,0.8088197112083435,1.0837675333023071,-1.8938093185424805,-0.8629301190376282,2.141484260559082,0.36462071537971497
-1.0480937957763672,0.8156942129135132,1.0976097583770752,-1.9010261297225952,-0.875542402267456,2.1366825103759766,0.3781951069831848
-1.0308942794799805,0.8241896033287048,1.111086130142212,-1.9060487747192383,-0.8887209892272949,2.13055419921875,0.39176949858665466
-1.0123300552368164,0.8344281315803528,1.1243205070495605,-1.908871054649353,-0.9026128649711609,2.1229941844940186,0.4053438603878021
-0.9924964308738708,0.8465549349784851,1.1374627351760864,-1.9094829559326172,-0.9173852801322937,2.1138761043548584,0.418918251991272
-0.9714981913566589,0.860748291015625,1.1506946086883545,-1.9078707695007324,-0.9332345128059387,2.103046417236328,0.4324926435947418
-0.9494507312774658,0.8772223591804504,1.1642346382141113,-1.9040184020996094,-0.9503867626190186,2.0903210639953613,0.4460670053958893
-0.9264736771583557,0.8962389826774597,1.178344964981079,-1.8979051113128662,-0.9691135287284851,2.075472593307495,0.45964139699935913
-0.9026915431022644,0.9181194305419922,1.1933424472808838,-1.8895071744918823,-0.9897377490997314,2.058222532272339,0.4732157588005066
-0.8782289028167725,0.9432721138000488,1.209617257118225,-1.8787953853607178,-1.0126625299453735,2.0382161140441895,0.48679015040397644
-0.8532080054283142,0.9722224473953247,1.2276583909988403,-1.8657366037368774,-1.0383999347686768,2.014995813369751,0.5003645420074463
-0.8277411460876465,1.0056730508804321,1.2480982542037964,-1.8502908945083618,-1.0676238536834717,1.9879491329193115,0.5139389038085938
-0.8200857043266296,1.0087721347808838,1.2439403533935547,-1.8374961614608765,-1.066325306892395,1.9850621223449707,0.4894086420536041
-0.8124266862869263,1.0119940042495728,1.2398662567138672,-1.8245917558670044,-1.065105676651001,1.9820799827575684,0.4648783802986145
-0.8047645688056946,1.0153406858444214,1.235880732536316,-1.811574935913086,-1.0639677047729492,1.9790008068084717,0.4403481185436249
-0.7971023917198181,1.0188164710998535,1.2319910526275635,-1.7984421253204346,-1.0629189014434814,1.9758195877075195,0.41581782698631287
-0.7894369959831238,1.0224229097366333,1.2281988859176636,-1.7851896286010742,-1.0619614124298096,1.9725366830825806,0.39128756523132324
-0.7817713618278503,1.0261653661727905,1.2245129346847534,-1.771813988685608,-1.0611029863357544,1.9691462516784668,0.3667573034763336
-0.7741051316261292,1.0300469398498535,1.2209382057189941,-1.7583116292953491,-1.0603491067886353,1.965646505355835,0.342227041721344
-0.76644366979599,1.0340718030929565,1.217484712600708,-1.7446773052215576,-1.0597054958343506,1.9620335102081299,0.31769677996635437
-0.7587769627571106,1.0382429361343384,1.214151382446289,-1.7309081554412842,-1.0591785907745361,1.9583044052124023,0.29316651821136475
-0.7511103749275208,1.0425670146942139,1.2109503746032715,-1.71699857711792,-1.0587773323059082,1.954453945159912,0.2686362564563751
-0.7434453368186951,1.0470491647720337,1.207890510559082,-1.702944278717041,-1.0585094690322876,1.9504777193069458,0.2441059798002243
-0.7357805371284485,1.0516928434371948,1.204978108406067,-1.6887402534484863,-1.0583823919296265,1.9463727474212646,0.21957571804523468
-0.7281172871589661,1.056506872177124,1.2022254467010498,-1.6743804216384888,-1.0584081411361694,1.9421311616897583,0.19504544138908386
-0.7204559445381165,1.061495304107666,1.1996413469314575,-1.6598598957061768,-1.0585947036743164,1.9377496242523193,0.17051517963409424
-0.7127954363822937,1.0666649341583252,1.1972355842590332,-1.6451725959777832,-1.0589535236358643,1.9332226514816284,0.14598491787910461
-0.7051377892494202,1.072026252746582,1.1950241327285767,-1.6303114891052246,-1.0594998598098755,1.9285407066345215,0.12145465612411499
-0.6974817514419556,1.0775835514068604,1.193016529083252,-1.6152712106704712,-1.0602433681488037,1.9237009286880493,0.09692438691854477
-0.6898283958435059,1.083350658416748,1.1912314891815186,-1.6000423431396484,-1.061203956604004,1.9186906814575195,0.07239412516355515
-0.6821773648262024,1.0893337726593018,1.1896822452545166,-1.5846192836761475,-1.0623939037322998,1.9135054349899292,0.04786385968327522
-0.6745283007621765,1.095546007156372,1.188388466835022,-1.5689923763275146,-1.0638349056243896,1.9081337451934814,0.0233335942029953
-0.6668810844421387,1.1019978523254395,1.187368392944336,-1.5531532764434814,-1.0655447244644165,1.902566909790039,-0.0011966556776314974
-0.6592369079589844,1.1087042093276978,1.1866464614868164,-1.5370922088623047,-1.0675487518310547,1.896791934967041,-0.025726934894919395
-0.6515948176383972,1.1156799793243408,1.1862473487854004,-1.5207996368408203,-1.069872260093689,1.890796422958374,-0.050257232040166855
-0.643954336643219,1.1229404211044312,1.1861978769302368,-1.5042641162872314,-1.0725431442260742,1.884567141532898,-0.07478748261928558
-0.6363155245780945,1.1305065155029297,1.1865315437316895,-1.487473487854004,-1.0755963325500488,1.8780865669250488,-0.0993177592754364
-0.6286782026290894,1.1383979320526123,1.1872837543487549,-1.4704151153564453,-1.0790678262710571,1.871337890625,-0.12384800612926483
-0.6210421323776245,1.1466387510299683,1.1884956359863281,-1.453075647354126,-1.083000898361206,1.8643007278442383,-0.14837828278541565
-0.6134055852890015,1.155256986618042,1.1902140378952026,-1.435438871383667,-1.0874441862106323,1.8569519519805908,-0.17290854454040527
-0.6057690382003784,1.1642861366271973,1.1924970149993896,-1.4174880981445312,-1.0924568176269531,1.8492624759674072,-0.1974388211965561
-0.5981300473213196,1.1737580299377441,1.19540274143219,-1.3992063999176025,-1.098101019859314,1.8412057161331177,-0.22196906805038452
-0.5904895067214966,1.1837176084518433,1.199009895324707,-1.3805732727050781,-1.104456901550293,1.8327431678771973,-0.24649934470653534
-0.5828446745872498,1.1942166090011597,1.2034077644348145,-1.3615660667419434,-1.1116182804107666,1.8238320350646973,-0.27102959156036377
-0.5751931071281433,1.2053126096725464,1.2087000608444214,-1.3421602249145508,-1.1196930408477783,1.8144235610961914,-0.2955598533153534
-0.567534327507019,1.217078685760498,1.2150182723999023,-1.3223297595977783,-1.1288180351257324,1.8044555187225342,-0.320090115070343
-0.5598638653755188,1.2296020984649658,1.222517967224121,-1.3020434379577637,-1.139155387878418,1.7938545942306519,-0.34462037682533264
-0.5521788597106934,1.2429914474487305,1.2313956022262573,-1.2812676429748535,-1.1509100198745728,1.782529592514038,-0.36915066838264465
-0.5444747805595398,1.2573885917663574,1.2419055700302124,-1.259963035583496,-1.1643472909927368,1.7703598737716675,-0.3936809003353119
-0.5367446541786194,1.2729740142822266,1.2543725967407227,-1.238086462020874,-1.1798062324523926,1.7571942806243896,-0.4182111918926239
-0.5289800763130188,1.2899932861328125,1.2692365646362305,-1.2155873775482178,-1.197746753692627,1.7428251504898071,-0.4427414536476135
-0.5211698412895203,1.3087900876998901,1.2871105670928955,-1.1924073696136475,-1.2188100814819336,1.7269632816314697,-0.46727171540260315
-0.5132984519004822,1.3298653364181519,1.3088849782943726,-1.1684789657592773,-1.2439275979995728,1.7091847658157349,-0.4918019771575928
-0.5053263902664185,1.3540267944335938,1.3359620571136475,-1.143723487854004,-1.2745718955993652,1.688812255859375,-0.51633220911026
-0.49720707535743713,1.3827139139175415,1.370815634727478,-1.1180458068847656,-1.3133395910263062,1.66463041305542,-0.540862500667572
-0.4888210594654083,1.4190473556518555,1.4186747074127197,-1.091332197189331,-1.3657335042953491,1.6340093612670898,-0.565392792224884
-0.4797542691230774,1.4738121032714844,1.4970366954803467,-1.0634431838989258,-1.4502159357070923,1.587857961654663,-0.5899230241775513
-0.471077561378479,1.455765962600708,1.466974139213562,-1.0489213466644287,-1.4193203449249268,1.6028326749801636,-0.6177533864974976
-0.4621507525444031,1.4423514604568481,1.4430277347564697,-1.0339584350585938,-1.3950281143188477,1.6138970851898193,-0.6455838084220886
-0.45304447412490845,1.4320518970489502,1.4231102466583252,-1.0185186862945557,-1.3750957250595093,1.622334361076355,-0.6734141707420349
-0.4437885582447052,1.4241548776626587,1.4062881469726562,-1.0025596618652344,-1.3585129976272583,1.6287486553192139,-0.701244592666626
-0.4344041645526886,1.4183012247085571,1.3921449184417725,-0.9860358238220215,-1.344820499420166,1.633444905281067,-0.7290749549865723
-0.4249020516872406,1.4142948389053345,1.3805081844329834,-0.9688897132873535,-1.3338197469711304,1.6365904808044434,-0.7569053173065186
-0.4152909815311432,1.412063717842102,1.3714083433151245,-0.9510564804077148,-1.3255250453948975,1.6382489204406738,-0.7847357392311096
-0.4055725336074829,1.4116203784942627,1.3650325536727905,-0.9324541091918945,-1.320115327835083,1.6384116411209106,-0.8125661015510559
-0.39575204253196716,1.4130635261535645,1.3617510795593262,-0.9129905700683594,-1.3179588317871094,1.636996865272522,-0.840396523475647
-0.3858219385147095,1.4166077375411987,1.3621914386749268,-0.8925442695617676,-1.3196896314620972,1.6338279247283936,-0.8682268857955933
-0.3604036569595337,1.2936456203460693,1.1218639612197876,-0.9150919914245605,-1.0725717544555664,1.7355914115905762,-0.8999683856964111
-0.3325795829296112,1.2190799713134766,0.9679495692253113,-0.9353094100952148,-0.9164405465126038,1.7965972423553467,-0.9317099452018738
-0.3034084141254425,1.1633329391479492,0.8447529673576355,-0.9534740447998047,-0.79317706823349,1.8417737483978271,-0.9634514451026917
-0.2731844186782837,1.1189011335372925,0.7382375001907349,-0.9697976112365723,-0.688090443611145,1.8774768114089966,-0.9951929450035095
-0.24206632375717163,1.0824726819992065,0.6422421336174011,-0.9844441413879395,-0.5947020053863525,1.9065262079238892,-1.0269345045089722
-0.21016506850719452,1.052236557006836,0.5534088611602783,-0.9975442886352539,-0.5094538927078247,1.9304718971252441,-1.05867600440979
-0.1775732785463333,1.0270851850509644,0.4696764051914215,-1.009202480316162,-0.4301379919052124,1.9502711296081543,-1.090417504310608
-0.1443745493888855,1.0062898397445679,0.38967135548591614,-1.0195024013519287,-0.35526010394096375,1.9665583372116089,-1.1221590042114258
-0.11065905541181564,0.9893448352813721,0.31243667006492615,-1.028515100479126,-0.28374728560447693,1.9797741174697876,-1.1539006233215332
-0.07650866359472275,0.9758985042572021,0.2372589111328125,-1.0362954139709473,-0.21478362381458282,1.9902288913726807,-1.185642123222351
-0.04201829805970192,0.965700626373291,0.16360785067081451,-1.0428898334503174,-0.14773441851139069,1.9981460571289062,-1.217383623123169
-0.007277619559317827,0.9585781693458557,0.09105130285024643,-1.0483348369598389,-0.0820646807551384,2.0036795139312744,-1.2491251230239868
0.027620308101177216,0.9544128775596619,0.01923178881406784,-1.0526618957519531,-0.017313219606876373,2.0069358348846436,-1.2808666229248047
0.03219213709235191,0.9508042335510254,0.009823733940720558,-1.0590400695800781,-0.008832992985844612,2.0098114013671875,-1.3054474592208862
0.03677312657237053,0.9472803473472595,0.0004984735860489309,-1.0653345584869385,-0.0004477060865610838,2.012619733810425,-1.3300282955169678
0.04136201739311218,0.9438380002975464,-0.008745972998440266,-1.0715479850769043,0.007845209911465645,2.0153613090515137,-1.3546091318130493
0.04595907777547836,0.9404788613319397,-0.01791399158537388,-1.077681541442871,0.0160501841455698,2.018038272857666,-1.3791899681091309
0.050564102828502655,0.9371964335441589,-0.02700881101191044,-1.0837392807006836,0.024170726537704468,2.0206522941589355,-1.4037708044052124
0.05517692118883133,0.9339925050735474,-0.03603370487689972,-1.0897226333618164,0.032210368663072586,2.023205041885376,-1.4283517599105835
0.059797339141368866,0.9308633804321289,-0.04499160498380661,-1.0956335067749023,0.04017234593629837,2.025697708129883,-1.452932596206665
0.0644247829914093,0.9278079867362976,-0.05388464778661728,-1.1014735698699951,0.04805900901556015,2.0281310081481934,-1.4775134325027466
0.06905931979417801,0.9248247146606445,-0.06271590292453766,-1.107245922088623,0.055873703211545944,2.030508041381836,-1.5020942687988281
0.0737006738781929,0.9219121336936951,-0.07148776948451996,-1.1129517555236816,0.06361908465623856,2.0328283309936523,-1.5266751050949097
0.07834850996732712,0.9190686941146851,-0.08020225167274475,-1.1185932159423828,0.07129737734794617,2.035094738006592,-1.5512559413909912
0.08300221711397171,0.9162949323654175,-0.08886121213436127,-1.1241707801818848,0.07891088724136353,2.037307024002075,-1.5758367776870728
0.08766283094882965,0.9135862588882446,-0.09746833890676498,-1.1296868324279785,0.086463063955307,2.0394654273986816,-1.6004176139831543
0.09232929348945618,0.9109438061714172,-0.10602451115846634,-1.1351423263549805,0.0939553901553154,2.0415730476379395,-1.6249985694885254
0.0970008447766304,0.9083657264709473,-0.11453060060739517,-1.140540599822998,0.1013890951871872,2.043631076812744,-1.649579405784607
0.10167840123176575,0.9058509469032288,-0.122990183532238,-1.1458802223205566,0.10876771062612534,2.045638084411621,-1.6741602420806885
0.10636074841022491,0.903398871421814,-0.13140349090099335,-1.151165246963501,0.11609182506799698,2.0475969314575195,-1.69874107837677
0.1110483855009079,0.9010089039802551,-0.13977330923080444,-1.1563940048217773,0.12336450815200806,2.049506902694702,-1.7233219146728516
0.11574050784111023,0.8986773490905762,-0.1480996459722519,-1.1615712642669678,0.13058599829673767,2.0513713359832764,-1.747902750968933
0.12043751776218414,0.8964067697525024,-0.1563856601715088,-1.1666951179504395,0.13775958120822906,2.0531885623931885,-1.7724835872650146
0.12513850629329681,0.8941944241523743,-0.16463124752044678,-1.1717677116394043,0.14488562941551208,2.054959774017334,-1.7970644235610962
0.12984372675418854,0.892039954662323,-0.17283855378627777,-1.1767902374267578,0.1519663780927658,2.0566868782043457,-1.8216453790664673
0.13455170392990112,0.8899471759796143,-0.18100781738758087,-1.1817638874053955,0.15900291502475739,2.0583691596984863,-1.8462260961532593
0.13926422595977783,0.8879056572914124,-0.1891413927078247,-1.186690330505371,0.16599665582180023,2.060009479522705,-1.8708069324493408
0.14398013055324554,0.8859202265739441,-0.1972399353981018,-1.1915688514709473,0.1729491651058197,2.061605453491211,-1.8953877687454224
0.14869922399520874,0.8839897513389587,-0.20530465245246887,-1.1964011192321777,0.17986172437667847,2.063159465789795,-1.9199687242507935
0.15342113375663757,0.8821133971214294,-0.21333624422550201,-1.201188325881958,0.18673545122146606,2.064671754837036,-1.9445494413375854
0.15814606845378876,0.8802899122238159,-0.22133617103099823,-1.2059316635131836,0.19357185065746307,2.066143035888672,-1.9691303968429565
0.162873312830925,0.8785195350646973,-0.22930486500263214,-1.2106308937072754,0.20037180185317993,2.0675740242004395,-1.993711233139038
0.1676027625799179,0.8768020272254944,-0.2372434139251709,-1.215287208557129,0.20713667571544647,2.0689644813537598,-2.018292188644409
0.17233388125896454,0.8751354813575745,-0.24515196681022644,-1.219902515411377,0.213866725564003,2.0703160762786865,-2.042872905731201
0.17706727981567383,0.8735199570655823,-0.2530326247215271,-1.2244763374328613,0.22056415677070618,2.0716280937194824,-2.0674538612365723
0.18180133402347565,0.8719556331634521,-0.26088446378707886,-1.2290091514587402,0.22722870111465454,2.072901725769043,-2.0920345783233643
0.18653753399848938,0.8704409003257751,-0.2687102258205414,-1.2335033416748047,0.23386290669441223,2.074136972427368,-2.1166155338287354
0.1912740021944046,0.8689762949943542,-0.2765086889266968,-1.2379570007324219,0.24046608805656433,2.075334072113037,-2.1411962509155273
0.19601179659366608,0.8675605058670044,-0.28428205847740173,-1.242372989654541,0.2470405399799347,2.0764942169189453,-2.1657772064208984
0.20075002312660217,0.8661940097808838,-0.2920302152633667,-1.246751308441162,0.25358662009239197,2.0776174068450928,-2.1903581619262695
0.20548789203166962,0.864875316619873,-0.2997528314590454,-1.2510924339294434,0.26010414958000183,2.078704595565796,-2.2149388790130615
0.210225909948349,0.8636047840118408,-0.3074517846107483,-1.255397081375122,0.26659536361694336,2.079754590988159,-2.2395195960998535
0.21496428549289703,0.8623812198638916,-0.31512781977653503,-1.2596654891967773,0.2730606496334076,2.0807690620422363,-2.2641005516052246
0.2197020798921585,0.861204981803894,-0.3227810561656952,-1.2638986110687256,0.2795010805130005,2.081747531890869,-2.2886815071105957
0.22443901002407074,0.8600751161575317,-0.3304113745689392,-1.2680976390838623,0.28591644763946533,2.0826914310455322,-2.3132622241973877
0.22917501628398895,0.8589919209480286,-0.33801987767219543,-1.272261619567871,0.2923082411289215,2.0836000442504883,-2.337843179702759
0.23390987515449524,0.8579553365707397,-0.34560728073120117,-1.2763915061950684,0.2986774444580078,2.0844738483428955,-2.36242413520813
0.23864245414733887,0.8569637537002563,-0.3531721830368042,-1.2804887294769287,0.3050229251384735,2.085313320159912,-2.3870046138763428
0.24337421357631683,0.85601806640625,-0.3607179820537567,-1.284553050994873,0.3113481402397156,2.086118459701538,-2.411585569381714
0.2481042593717575,0.8551164269447327,-0.3682434558868408,-1.2885851860046387,0.31765201687812805,2.0868897438049316,-2.436166524887085
0.25283101201057434,0.8542605638504028,-0.37574779987335205,-1.2925851345062256,0.3239347040653229,2.0876283645629883,-2.460747241973877
0.2575562298297882,0.8534492254257202,-0.38323402404785156,-1.2965538501739502,0.3301987051963806,2.088332414627075,-2.485328197479248
0.26227787137031555,0.85268235206604,-0.39069992303848267,-1.3004913330078125,0.3364427089691162,2.089003801345825,-2.50990891456604
0.2669972777366638,0.8519591689109802,-0.39814791083335876,-1.304398775100708,0.34266865253448486,2.08964204788208,-2.534489870071411
