0.3698097765445709,1.105909824371338,-1.3278605937957764,-1.8491796255111694,1.1657747030258179,1.9070415496826172,2.5750675201416016
0.36489731073379517,1.0810562372207642,-1.3105045557022095,-1.8529021739959717,1.1432216167449951,1.9273875951766968,2.556295156478882
0.35984373092651367,1.057616949081421,-1.293898344039917,-1.856600284576416,1.1216778755187988,1.9464828968048096,2.537523031234741
0.3546552062034607,1.0354098081588745,-1.2779278755187988,-1.8602735996246338,1.1010048389434814,1.9644856452941895,2.5187506675720215
0.3493500351905823,1.0142909288406372,-1.2625113725662231,-1.8639227151870728,1.0810896158218384,1.9815231561660767,2.499978542327881
0.3439285159111023,0.994141697883606,-1.2475730180740356,-1.8675473928451538,1.0618431568145752,1.9976986646652222,2.481206178665161
0.33839547634124756,0.9748659133911133,-1.2330539226531982,-1.8711475133895874,1.0431913137435913,2.013096332550049,2.4624340534210205
0.3327556848526001,0.9563827514648438,-1.2189055681228638,-1.874723196029663,1.0250749588012695,2.027787208557129,2.443661689758301
0.3270097076892853,0.9386186003684998,-1.2050814628601074,-1.8782747983932495,1.0074372291564941,2.0418362617492676,2.42488956451416
0.3211612105369568,0.9215176701545715,-1.1915481090545654,-1.8818020820617676,0.9902368783950806,2.0552923679351807,2.4061172008514404
0.31521058082580566,0.9050261974334717,-1.178271770477295,-1.8853052854537964,0.9734337329864502,2.0682032108306885,2.3873450756073
0.30915966629981995,0.889100193977356,-1.1652257442474365,-1.8887840509414673,0.9569962024688721,2.0806074142456055,2.36857271194458
0.3030099868774414,0.8736997842788696,-1.1523857116699219,-1.892238974571228,0.9408937692642212,2.0925402641296387,2.3498005867004395
0.29676002264022827,0.8587896227836609,-1.1397278308868408,-1.89566969871521,0.9251006841659546,2.1040337085723877,2.3310282230377197
0.2923479974269867,0.8532295823097229,-1.1337534189224243,-1.8953800201416016,0.9183776378631592,2.108238458633423,2.310399055480957
0.28790906071662903,0.8477495312690735,-1.1277847290039062,-1.8950861692428589,0.9116911888122559,2.112372398376465,2.2897701263427734
0.28344452381134033,0.8423495888710022,-1.1218228340148926,-1.8947880268096924,0.9050427079200745,2.116436004638672,2.2691409587860107
0.2789551019668579,0.8370283842086792,-1.115867257118225,-1.8944851160049438,0.8984315991401672,2.1204304695129395,2.248511791229248
0.2744390666484833,0.8317821621894836,-1.109915018081665,-1.8941783905029297,0.8918535113334656,2.124359130859375,2.2278826236724854
0.26989707350730896,0.8266103267669678,-1.1039661169052124,-1.8938668966293335,0.8853099346160889,2.1282224655151367,2.2072536945343018
0.2653304934501648,0.8215121030807495,-1.0980215072631836,-1.8935511112213135,0.8788002133369446,2.132020950317383,2.186624526977539
0.2607369124889374,0.8164845108985901,-1.0920771360397339,-1.89323091506958,0.8723222613334656,2.1357581615448,2.1659953594207764
0.2561172544956207,0.8115264177322388,-1.0861332416534424,-1.8929061889648438,0.8658744096755981,2.139434337615967,2.1453664302825928
0.25147274136543274,0.8066368103027344,-1.080190896987915,-1.8925772905349731,0.8594574928283691,2.1430506706237793,2.12473726272583
0.2468014508485794,0.8018139600753784,-1.0742467641830444,-1.8922436237335205,0.853069007396698,2.146608829498291,2.1041080951690674
0.24210497736930847,0.7970573902130127,-1.0683022737503052,-1.8919057846069336,0.8467099070549011,2.1501095294952393,2.0834789276123047
0.2373824268579483,0.7923640012741089,-1.0623552799224854,-1.8915634155273438,0.8403777480125427,2.1535544395446777,2.062849998474121
0.2326335459947586,0.7877343893051147,-1.0564056634902954,-1.891216516494751,0.8340723514556885,2.1569442749023438,2.0422208309173584
0.22785834968090057,0.7831670641899109,-1.0504522323608398,-1.8908649682998657,0.8277938961982727,2.160280704498291,2.0215916633605957
0.22305752336978912,0.7786602973937988,-1.0444953441619873,-1.890509009361267,0.8215404152870178,2.1635639667510986,2.000962734222412
0.21823029220104218,0.7742132544517517,-1.0385332107543945,-1.8901485204696655,0.8153109550476074,2.1667957305908203,1.9803335666656494
0.213377445936203,0.7698250412940979,-1.0325665473937988,-1.8897833824157715,0.8091065287590027,2.1699767112731934,1.9597043991088867
0.20849794149398804,0.7654942870140076,-1.0265934467315674,-1.8894137144088745,0.8029248714447021,2.1731081008911133,1.9390753507614136
0.2035924345254898,0.7612206339836121,-1.0206141471862793,-1.8890396356582642,0.7967666387557983,2.1761906147003174,1.9184463024139404
0.19866059720516205,0.7570028901100159,-1.0146280527114868,-1.8886609077453613,0.7906304597854614,2.179224967956543,1.8978171348571777
0.19370248913764954,0.7528395652770996,-1.0086344480514526,-1.888277530670166,0.7845160365104675,2.1822123527526855,1.8771880865097046
0.18871743977069855,0.7487303614616394,-1.0026317834854126,-1.8878896236419678,0.7784221768379211,2.1851539611816406,1.856558918952942
0.1837076097726822,0.7446751594543457,-0.9966228604316711,-1.887496829032898,0.7723498940467834,2.188048839569092,1.8359298706054688
0.17867054045200348,0.7406714558601379,-0.9906038045883179,-1.8870998620986938,0.7662972211837769,2.1909000873565674,1.815300703048706
0.17360572516918182,0.7367197275161743,-0.9845739603042603,-1.8866978883743286,0.7602631449699402,2.1937077045440674,1.794671654701233
0.16851630806922913,0.7328189015388489,-0.9785361886024475,-1.88629150390625,0.7542493343353271,2.1964712142944336,1.7740424871444702
0.16340002417564392,0.7289679646492004,-0.9724876880645752,-1.8858802318572998,0.7482537031173706,2.199192523956299,1.753413438796997
0.15825675427913666,0.7251669764518738,-0.9664281606674194,-1.8854643106460571,0.7422763705253601,2.201871871948242,1.732784390449524
0.15308713912963867,0.7214145660400391,-0.960357666015625,-1.885043740272522,0.7363168597221375,2.204510450363159,1.7121552228927612
0.1478903442621231,0.7177097201347351,-0.9542747139930725,-1.8846184015274048,0.730373740196228,2.207108497619629,1.691526174545288
0.14266759157180786,0.7140532732009888,-0.9481807947158813,-1.8841884136199951,0.7244486212730408,2.2096664905548096,1.6708970069885254
0.13741850852966309,0.7104430198669434,-0.9420748353004456,-1.8837535381317139,0.7185392379760742,2.2121851444244385,1.6502679586410522
0.13214221596717834,0.7068790793418884,-0.935955286026001,-1.8833138942718506,0.7126463055610657,2.214665412902832,1.6296387910842896
0.12683925032615662,0.7033605575561523,-0.9298227429389954,-1.882869839668274,0.7067683339118958,2.2171077728271484,1.6090097427368164
0.12150940299034119,0.6998873949050903,-0.9236768484115601,-1.8824206590652466,0.70090651512146,2.219512701034546,1.5883806943893433
0.11615249514579773,0.6964589357376099,-0.9175167679786682,-1.8819668292999268,0.6950587630271912,2.2218806743621826,1.5677515268325806
0.11076963692903519,0.6930739879608154,-0.9113432765007019,-1.881508231163025,0.6892257928848267,2.2242116928100586,1.5471224784851074
0.10535867512226105,0.6897328495979309,-0.905154287815094,-1.8810447454452515,0.6834069490432739,2.2265079021453857,1.5264933109283447
0.09992213547229767,0.6864351034164429,-0.8989518284797668,-1.8805763721466064,0.6776033043861389,2.2287676334381104,1.5058642625808716
0.09445853531360626,0.6831793785095215,-0.8927339911460876,-1.880103349685669,0.6718120574951172,2.2309927940368652,1.4852350950241089
0.08896838128566742,0.6799659729003906,-0.8865010142326355,-1.8796253204345703,0.6660341620445251,2.2331833839416504,1.4646060466766357
0.08345025777816772,0.6767939925193787,-0.8802512884140015,-1.8791426420211792,0.6602689623832703,2.2353408336639404,1.4439769983291626
0.07790714502334595,0.6736634373664856,-0.8739878535270691,-1.8786547183990479,0.6545175909996033,2.2374634742736816,1.4233478307724
0.07233540713787079,0.6705739498138428,-0.867706298828125,-1.878161907196045,0.6487780213356018,2.239553928375244,1.4027186632156372
0.06673681735992432,0.6675241589546204,-0.8614082336425781,-1.8776644468307495,0.6430492401123047,2.241611957550049,1.382089614868164
0.06111256405711174,0.66451495885849,-0.8550949692726135,-1.877161979675293,0.6373335719108582,2.2436373233795166,1.361460566520691
0.05546130985021591,0.6615445017814636,-0.8487643599510193,-1.8766547441482544,0.6316289305686951,2.245630979537964,1.3408315181732178
0.0497831329703331,0.6586139798164368,-0.8424167633056641,-1.8761423826217651,0.6259356141090393,2.2475929260253906,1.320202350616455
0.04407784342765808,0.6557222008705139,-0.8360515236854553,-1.8756248950958252,0.6202534437179565,2.2495241165161133,1.299573302268982
0.03834649175405502,0.6528689861297607,-0.8296694159507751,-1.8751028776168823,0.6145824193954468,2.2514243125915527,1.2789441347122192
0.03258718550205231,0.6500536799430847,-0.8232685327529907,-1.8745756149291992,0.6089211702346802,2.2532949447631836,1.258315086364746
0.02680186927318573,0.6472764015197754,-0.8168503046035767,-1.8740434646606445,0.6032699346542358,2.2551355361938477,1.2376859188079834
0.02098981663584709,0.6445367932319641,-0.8104140758514404,-1.8735061883926392,0.597628653049469,2.256946086883545,1.2170568704605103
0.015150261111557484,0.6418341398239136,-0.8039586544036865,-1.8729639053344727,0.5919973254203796,2.25872802734375,1.196427822113037
0.009288353845477104,0.6391706466674805,-0.7974897623062134,-1.872416615486145,0.58637934923172,2.260479211807251,1.1757986545562744
0.0033973262179642916,0.6365418434143066,-0.7909991145133972,-1.8718644380569458,0.5807675719261169,2.2622032165527344,1.1551694869995117
-0.0025209514424204826,0.6339499354362488,-0.7844889760017395,-1.8713068962097168,0.5751646161079407,2.2638988494873047,1.1345404386520386
-0.008464810438454151,0.6313938498497009,-0.777961015701294,-1.8707444667816162,0.5695714354515076,2.265566349029541,1.1139113903045654
-0.014435398392379284,0.6288734674453735,-0.7714136838912964,-1.8701770305633545,0.5639858841896057,2.2672061920166016,1.0932823419570923
-0.020432759076356888,0.6263892650604248,-0.7648468613624573,-1.8696041107177734,0.5584093332290649,2.2688188552856445,1.0726531744003296
-0.026455480605363846,0.6239402294158936,-0.7582616806030273,-1.8690266609191895,0.5528417229652405,2.270404577255249,1.052024006843567
-0.03250439837574959,0.6215261220932007,-0.7516570687294006,-1.8684437274932861,0.5472812652587891,2.271963119506836,1.0313949584960938
-0.038579121232032776,0.6191469430923462,-0.7450334429740906,-1.8678557872772217,0.5417290925979614,2.2734947204589844,1.0107659101486206
-0.0446803942322731,0.616802453994751,-0.7383896112442017,-1.8672627210617065,0.5361843109130859,2.275001049041748,0.9901368021965027
-0.05080774426460266,0.6144927144050598,-0.7317261695861816,-1.8666644096374512,0.5306474566459656,2.2764811515808105,0.9695075750350952
-0.056960687041282654,0.6122169494628906,-0.7250432372093201,-1.8660612106323242,0.5251175165176392,2.27793550491333,0.9488785266876221
-0.0631386861205101,0.6099758148193359,-0.7183414101600647,-1.865452527999878,0.5195956230163574,2.2793636322021484,0.9282494187355042
-0.06934298574924469,0.6077678799629211,-0.7116189002990723,-1.86483895778656,0.5140796899795532,2.2807674407958984,0.907620370388031
-0.07557178288698196,0.6055943369865417,-0.7048776745796204,-1.8642197847366333,0.5085712671279907,2.2821455001831055,0.8869912624359131
-0.08182691782712936,0.6034538149833679,-0.6981155872344971,-1.8635956048965454,0.5030691027641296,2.283499240875244,0.8663622140884399
-0.08810584247112274,0.6013465523719788,-0.6913350224494934,-1.8629659414291382,0.4975740611553192,2.284827709197998,0.845733106136322
-0.09441037476062775,0.5992728471755981,-0.6845340132713318,-1.8623316287994385,0.4920847415924072,2.286132335662842,0.8251040577888489
-0.10073981434106827,0.5972320437431335,-0.6777133345603943,-1.8616915941238403,0.4866020679473877,2.287412643432617,0.8044747710227966
-0.1070941686630249,0.5952242016792297,-0.6708725094795227,-1.861046552658081,0.48112520575523376,2.2886691093444824,0.7838457226753235
-0.11347270011901855,0.5932488441467285,-0.6640123724937439,-1.8603960275650024,0.4756543040275574,2.2899017333984375,0.7632166147232056
-0.11987674236297607,0.591306209564209,-0.6571310758590698,-1.8597402572631836,0.4701884090900421,2.291111469268799,0.7425875663757324
-0.1263037919998169,0.5893959999084473,-0.6502314209938049,-1.859079360961914,0.46472904086112976,2.292297124862671,0.7219584584236145
-0.1327551305294037,0.5875179171562195,-0.6433116793632507,-1.8584129810333252,0.4592745006084442,2.293459892272949,0.7013294100761414
-0.13923054933547974,0.5856726765632629,-0.6363723874092102,-1.8577412366867065,0.45382532477378845,2.2945992946624756,0.6807003021240234
-0.145729660987854,0.5838586688041687,-0.6294128894805908,-1.8570643663406372,0.4483814835548401,2.2957165241241455,0.6600712537765503
-0.15225167572498322,0.5820768475532532,-0.6224347949028015,-1.8563820123672485,0.4429422616958618,2.2968103885650635,0.6394420266151428
-0.15879787504673004,0.5803266763687134,-0.6154359579086304,-1.8556945323944092,0.43750816583633423,2.2978830337524414,0.6188129186630249
-0.16536609828472137,0.5786081552505493,-0.608418881893158,-1.8550013303756714,0.4320788085460663,2.2989320755004883,0.5981838703155518
-0.17195749282836914,0.5769217014312744,-0.6013822555541992,-1.8543028831481934,0.42665404081344604,2.299959421157837,0.5775547623634338
-0.17857207357883453,0.5752661824226379,-0.594325602054596,-1.8535990715026855,0.4212329089641571,2.3009650707244873,0.5569257140159607
-0.1852087676525116,0.5736425518989563,-0.5872501730918884,-1.8528897762298584,0.4158168435096741,2.3019487857818604,0.5362966060638428
-0.1918674111366272,0.572049617767334,-0.5801557898521423,-1.852175235748291,0.4104047119617462,2.3029110431671143,0.5156674981117249
-0.19854815304279327,0.5704879760742188,-0.5730423331260681,-1.8514550924301147,0.4049965739250183,2.30385160446167,0.4950384497642517
-0.20525041222572327,0.568957507610321,-0.5659102201461792,-1.8507294654846191,0.39959248900413513,2.3047707080841064,0.47440922260284424
-0.21197448670864105,0.5674579739570618,-0.5587589144706726,-1.8499987125396729,0.39419206976890564,2.305669069290161,0.4537801444530487
-0.21871964633464813,0.5659893751144409,-0.5515892505645752,-1.8492622375488281,0.388794869184494,2.306546211242676,0.4331510663032532
-0.22548528015613556,0.5645516514778137,-0.5444014668464661,-1.848520278930664,0.38340169191360474,2.3074021339416504,0.41252195835113525
-0.23227079212665558,0.5631448030471802,-0.5371963977813721,-1.8477728366851807,0.3780122697353363,2.308237075805664,0.3918929100036621
-0.23907794058322906,0.5617684125900269,-0.5299716591835022,-1.847020149230957,0.3726256191730499,2.309051990509033,0.3712638318538666
-0.24590502679347992,0.5604228973388672,-0.5227292776107788,-1.846261739730835,0.3672420382499695,2.3098459243774414,0.35063472390174866
-0.2527516484260559,0.559107780456543,-0.5154691338539124,-1.8454976081848145,0.3618612587451935,2.310619592666626,0.3300054967403412
-0.2596173882484436,0.5578229427337646,-0.5081917643547058,-1.8447282314300537,0.3564838767051697,2.311372995376587,0.30937641859054565
-0.2665024995803833,0.5565683841705322,-0.5008968114852905,-1.8439531326293945,0.35110872983932495,2.312106132507324,0.2887473404407501
-0.2734057307243347,0.5553441047668457,-0.49358558654785156,-1.8431726694107056,0.34573718905448914,2.312819004058838,0.2681182622909546
-0.2803281247615814,0.5541507005691528,-0.4862566292285919,-1.8423864841461182,0.34036797285079956,2.313512086868286,0.24748918414115906
-0.28726890683174133,0.552987277507782,-0.47891050577163696,-1.8415948152542114,0.3350003957748413,2.314185380935669,0.22686010599136353
-0.2942267954349518,0.551853597164154,-0.47154858708381653,-1.8407976627349854,0.32963529229164124,2.3148388862609863,0.206231027841568
-0.3012022078037262,0.5507506132125854,-0.46417057514190674,-1.8399946689605713,0.32427331805229187,2.315472364425659,0.18560193479061127
-0.3081952929496765,0.5496776700019836,-0.4567756652832031,-1.8391860723495483,0.3189122974872589,2.316086769104004,0.164972722530365
-0.3152037560939789,0.54863440990448,-0.4493664801120758,-1.838371992111206,0.31355422735214233,2.316680908203125,0.14434362947940826
-0.32222965359687805,0.5476213097572327,-0.4419407844543457,-1.8375520706176758,0.30819764733314514,2.317256450653076,0.12371455878019333
-0.32927069067955017,0.5466377139091492,-0.434500515460968,-1.8367266654968262,0.30284300446510315,2.317811965942383,0.1030854731798172
-0.336328387260437,0.545684814453125,-0.42704418301582336,-1.8358954191207886,0.2974899709224701,2.3183488845825195,0.08245639503002167
-0.34340065717697144,0.5447614789009094,-0.4195740520954132,-1.8350586891174316,0.29213839769363403,2.318866491317749,0.061827320605516434
-0.35048753023147583,0.5438676476478577,-0.4120895266532898,-1.8342161178588867,0.2867884039878845,2.3193647861480713,0.041198235005140305
-0.35758912563323975,0.5430036783218384,-0.40459057688713074,-1.8333680629730225,0.28144019842147827,2.3198444843292236,0.020569151267409325
-0.36470460891723633,0.5421696901321411,-0.39707791805267334,-1.8325141668319702,0.27609241008758545,2.3203048706054688,-6.007341289659962e-05
-0.3718336224555969,0.5413651466369629,-0.3895518481731415,-1.8316545486450195,0.2707462012767792,2.320746421813965,-0.020689157769083977
-0.3789761960506439,0.5405903458595276,-0.3820120692253113,-1.8307889699935913,0.26540112495422363,2.321169376373291,-0.04131823033094406
-0.3861314654350281,0.5398455262184143,-0.37445950508117676,-1.8299179077148438,0.26005634665489197,2.3215739727020264,-0.06194731593132019
-0.3932989239692688,0.5391296744346619,-0.36689406633377075,-1.8290412425994873,0.2547128200531006,2.3219594955444336,-0.08257640153169632
-0.40047818422317505,0.5384443402290344,-0.3593170642852783,-1.8281584978103638,0.24937066435813904,2.322326421737671,-0.10320547223091125
-0.4076690673828125,0.5377876162528992,-0.35172778367996216,-1.8272701501846313,0.24402818083763123,2.3226749897003174,-0.12383455783128738
-0.41487085819244385,0.5371609330177307,-0.3441271483898163,-1.8263758420944214,0.23868685960769653,2.323004722595215,-0.1444636434316635
-0.4220835268497467,0.5365637540817261,-0.3365149199962616,-1.8254759311676025,0.23334544897079468,2.323316812515259,-0.16509287059307098
-0.4293065071105957,0.5359961986541748,-0.32889145612716675,-1.824569821357727,0.22800451517105103,2.323610305786133,-0.18572194874286652
-0.43653783202171326,0.5354573130607605,-0.32125893235206604,-1.8236582279205322,0.2226642519235611,2.3238844871520996,-0.20635102689266205
-0.4437800943851471,0.5349486470222473,-0.3136143386363983,-1.8227407932281494,0.21732324361801147,2.324141502380371,-0.22698010504245758
-0.43760251998901367,0.5232540965080261,-0.32462507486343384,-1.8443992137908936,0.22202758491039276,2.3323328495025635,-0.25412946939468384
-0.4313576817512512,0.5117655396461487,-0.3357471823692322,-1.8656744956970215,0.22658249735832214,2.340337038040161,-0.2812788188457489
-0.42503783106803894,0.5004746317863464,-0.34699469804763794,-1.8865807056427002,0.23099003732204437,2.348160982131958,-0.30842819809913635
-0.41863906383514404,0.48937320709228516,-0.35837674140930176,-1.9071323871612549,0.2352508008480072,2.3558132648468018,-0.3355775475502014
-0.4121525287628174,0.47845351696014404,-0.36990806460380554,-1.927342176437378,0.23936666548252106,2.36329984664917,-0.3627268970012665
-0.405571848154068,0.46770936250686646,-0.38160035014152527,-1.9472209215164185,0.24333824217319489,2.3706259727478027,-0.38987627625465393
-0.3988892138004303,0.45713484287261963,-0.3934663236141205,-1.966780424118042,0.24716603755950928,2.3777995109558105,-0.417025625705719
-0.3920961022377014,0.446723610162735,-0.40551990270614624,-1.9860299825668335,0.25085073709487915,2.384823799133301,-0.44417500495910645
-0.38518351316452026,0.43647074699401855,-0.41777458786964417,-2.004978656768799,0.25439170002937317,2.3917043209075928,-0.4713243544101715
-0.37814271450042725,0.42637133598327637,-0.4302440583705902,-2.0236353874206543,0.25778886675834656,2.398446559906006,-0.4984737038612366
-0.37096264958381653,0.41642194986343384,-0.4429440498352051,-2.0420074462890625,0.2610422968864441,2.4050540924072266,-0.525623083114624
-0.36363089084625244,0.4066176414489746,-0.45589160919189453,-2.0601017475128174,0.26415207982063293,2.411530017852783,-0.5527724623680115
-0.35613736510276794,0.39695557951927185,-0.4691013991832733,-2.077925682067871,0.2671169936656952,2.417879581451416,-0.5799217820167542
-0.34846773743629456,0.3874327838420868,-0.4825907349586487,-2.095484733581543,0.26993611454963684,2.424105405807495,-0.6070711612701416
-0.340610146522522,0.3780466914176941,-0.4963787794113159,-2.1127843856811523,0.2726083993911743,2.430211067199707,-0.634220540523529
-0.33254772424697876,0.36879444122314453,-0.5104852914810181,-2.1298303604125977,0.2751334607601166,2.436199188232422,-0.6613699197769165
-0.3242659866809845,0.3596743643283844,-0.5249292850494385,-2.1466269493103027,0.2775096297264099,2.442072868347168,-0.6885192394256592
-0.29836276173591614,0.3489930331707001,-0.540490984916687,-2.1657419204711914,0.2791237235069275,2.4488649368286133,-0.7065715193748474
-0.2710399925708771,0.3386255204677582,-0.5573372840881348,-2.1845316886901855,0.2810122072696686,2.4554402828216553,-0.7246237993240356
-0.24221639335155487,0.32858288288116455,-0.5755404829978943,-2.203000783920288,0.283174067735672,2.4617996215820312,-0.7426760792732239
-0.21181844174861908,0.3188785910606384,-0.5951663255691528,-2.2211527824401855,0.2856118381023407,2.4679458141326904,-0.7607283592224121
-0.17976577579975128,0.30952662229537964,-0.61628657579422,-2.2389917373657227,0.28832578659057617,2.473878860473633,-0.7787805795669556
-0.14598171412944794,0.30054324865341187,-0.6389701962471008,-2.2565205097198486,0.2913186550140381,2.4795994758605957,-0.7968328595161438
-0.11039569228887558,0.2919468283653259,-0.663280189037323,-2.2737414836883545,0.29459163546562195,2.485107660293579,-0.814885139465332
-0.07294497638940811,0.2837580144405365,-0.6892716288566589,-2.290656566619873,0.298146516084671,2.490403890609741,-0.8329374194145203
-0.033576447516679764,0.27599769830703735,-0.7169907093048096,-2.307267189025879,0.3019866347312927,2.495487928390503,-0.8509896993637085
0.007751984987407923,0.2686888575553894,-0.7464720010757446,-2.3235745429992676,0.3061142861843109,2.5003585815429688,-0.8690419793128967
0.05105840787291527,0.2618565559387207,-0.7777274250984192,-2.3395793437957764,0.31053197383880615,2.5050156116485596,-0.887094259262085
0.09633920341730118,0.25552597641944885,-0.8107465505599976,-2.3552815914154053,0.3152419328689575,2.509458065032959,-0.9051465392112732
0.1435694694519043,0.24972279369831085,-0.845498263835907,-2.3706812858581543,0.3202482759952545,2.513683795928955,-0.9231988191604614
0.19268599152565002,0.2444734424352646,-0.8819131255149841,-2.3857779502868652,0.32555320858955383,2.5176916122436523,-0.9412510395050049
0.2435901165008545,0.23980282247066498,-0.9198868274688721,-2.400570869445801,0.33116012811660767,2.521479845046997,-0.9593033194541931
0.29614514112472534,0.23573538661003113,-0.9592770338058472,-2.415058135986328,0.3370712995529175,2.5250463485717773,-0.9773555994033813
0.35018032789230347,0.2322932928800583,-0.999907910823822,-2.4292383193969727,0.3432910740375519,2.528388023376465,-0.9954079389572144
0.4054754376411438,0.22949521243572235,-1.0415561199188232,-2.4431099891662598,0.3498212397098541,2.531503677368164,-1.0134601593017578
0.46178004145622253,0.22735735774040222,-1.0839629173278809,-2.4566707611083984,0.3566652238368988,2.5343899726867676,-1.0315124988555908
0.5188139081001282,0.225890651345253,-1.1268460750579834,-2.4699180126190186,0.3638252019882202,2.537044048309326,-1.0495647192001343
0.5762723684310913,0.2251013219356537,-1.169897198677063,-2.482848644256592,0.371303915977478,2.5394625663757324,-1.0676169395446777
0.6338369250297546,0.22499045729637146,-1.2127948999404907,-2.495460033416748,0.3791036605834961,2.541642665863037,-1.0856692790985107
0.6911917328834534,0.2255534827709198,-1.2552204132080078,-2.507748603820801,0.3872271776199341,2.5435798168182373,-1.1037214994430542
0.7480236291885376,0.22678229212760925,-1.2968581914901733,-2.5197103023529053,0.395675390958786,2.5452709197998047,-1.1217738389968872
0.8040400743484497,0.22866185009479523,-1.337414264678955,-2.531342029571533,0.404450386762619,2.5467116832733154,-1.1398260593414307
0.8589791059494019,0.23117367923259735,-1.3766255378723145,-2.5426394939422607,0.4135531485080719,2.5478978157043457,-1.1578783988952637
0.9126071333885193,0.23429657518863678,-1.4142581224441528,-2.553598403930664,0.42298424243927,2.5488250255584717,-1.1759306192398071
0.9647306203842163,0.23800666630268097,-1.4501186609268188,-2.564213991165161,0.4327462315559387,2.549488067626953,-1.1939828395843506
1.0151934623718262,0.24227504432201385,-1.4840524196624756,-2.5744822025299072,0.44283443689346313,2.5498838424682617,-1.2120351791381836
1.063887119293213,0.24707657098770142,-1.5159525871276855,-2.584397792816162,0.4532509744167328,2.550004720687866,-1.230087399482727
1.1107271909713745,0.25238218903541565,-1.545737385749817,-2.593956470489502,0.46399372816085815,2.5498476028442383,-1.24813973903656
1.155670404434204,0.2581651210784912,-1.5733675956726074,-2.6031532287597656,0.4750615358352661,2.549406051635742,-1.2661919593811035
1.1987017393112183,0.2643999755382538,-1.598832368850708,-2.6119823455810547,0.4864521324634552,2.548673629760742,-1.2842442989349365
1.2398264408111572,0.27106109261512756,-1.6221425533294678,-2.620439052581787,0.4981616735458374,2.547645092010498,-1.3022966384887695
1.2790727615356445,0.278125137090683,-1.6433333158493042,-2.628518581390381,0.5101863741874695,2.5463144779205322,-1.320348858833313
1.3164851665496826,0.28557243943214417,-1.6624557971954346,-2.636215925216675,0.5225231647491455,2.5446746349334717,-1.3384010791778564
1.3521192073822021,0.2933841645717621,-1.6795750856399536,-2.6435258388519287,0.5351651906967163,2.5427186489105225,-1.3564534187316895
1.3860360383987427,0.3015436828136444,-1.6947617530822754,-2.6504430770874023,0.5481078624725342,2.5404396057128906,-1.3745057582855225
1.418305516242981,0.31003791093826294,-1.7080965042114258,-2.6569631099700928,0.5613431334495544,2.537830352783203,-1.3925578594207764
1.4490009546279907,0.3188551664352417,-1.719664454460144,-2.663080930709839,0.5748648643493652,2.5348830223083496,-1.4106100797653198
1.4781944751739502,0.32798609137535095,-1.729550838470459,-2.668792247772217,0.5886645913124084,2.531589984893799,-1.4286624193191528
1.5059608221054077,0.33742576837539673,-1.7378449440002441,-2.6740922927856445,0.602734386920929,2.527942180633545,-1.4467147588729858
1.5323712825775146,0.34716886281967163,-1.7446331977844238,-2.6789774894714355,0.6170634627342224,2.5239322185516357,-1.4647669792175293
1.5574990510940552,0.3572138547897339,-1.7500052452087402,-2.683443307876587,0.6316426992416382,2.51954984664917,-1.4828191995620728
1.5814127922058105,0.3675621449947357,-1.754047155380249,-2.687486171722412,0.6464617848396301,2.5147857666015625,-1.5008715391159058
1.6041758060455322,0.37821459770202637,-1.756840705871582,-2.6911027431488037,0.6615093350410461,2.5096311569213867,-1.5189238786697388
1.6258556842803955,0.3891773819923401,-1.7584733963012695,-2.6942906379699707,0.6767746210098267,2.5040743350982666,-1.5369760990142822
1.6465104818344116,0.40045592188835144,-1.759022831916809,-2.6970465183258057,0.6922443509101868,2.498106002807617,-1.5550284385681152
1.6661995649337769,0.41205984354019165,-1.7585711479187012,-2.6993680000305176,0.7079084515571594,2.491713523864746,-1.5730807781219482
1.684975504875183,0.4239979088306427,-1.7571921348571777,-2.701253890991211,0.7237530946731567,2.4848873615264893,-1.5911329984664917
1.7028932571411133,0.43628355860710144,-1.7549642324447632,-2.702702283859253,0.7397670149803162,2.4776129722595215,-1.6091852188110352
1.7200018167495728,0.4489308297634125,-1.7519593238830566,-2.703712224960327,0.755937933921814,2.4698781967163086,-1.6272375583648682
1.7363492250442505,0.46195462346076965,-1.7482500076293945,-2.7042832374572754,0.7722541093826294,2.461669921875,-1.6452898979187012
1.7519813776016235,0.4753723442554474,-1.7439067363739014,-2.7044153213500977,0.7887035608291626,2.4529733657836914,-1.6633421182632446
1.766939401626587,0.4892035126686096,-1.7389960289001465,-2.704108238220215,0.8052753210067749,2.4437732696533203,-1.6813942193984985
1.7812635898590088,0.5034675002098083,-1.733583688735962,-2.7033629417419434,0.821959912776947,2.434054374694824,-1.6994465589523315
1.794995903968811,0.518187403678894,-1.7277371883392334,-2.702180862426758,0.8387463092803955,2.4237992763519287,-1.7174988985061646
1.8081707954406738,0.5333862900733948,-1.7215173244476318,-2.700563669204712,0.8556264042854309,2.4129903316497803,-1.735551118850708
1.8208242654800415,0.5490890145301819,-1.7149863243103027,-2.6985135078430176,0.8725926876068115,2.401608467102051,-1.7536033391952515
1.8329894542694092,0.5653236508369446,-1.7082037925720215,-2.6960325241088867,0.8896389603614807,2.3896331787109375,-1.7716556787490845
1.8446975946426392,0.5821182727813721,-1.7012273073196411,-2.6931238174438477,0.9067596793174744,2.3770430088043213,-1.7897080183029175
1.8559775352478027,0.5995034575462341,-1.6941131353378296,-2.6897902488708496,0.9239517450332642,2.363814353942871,-1.807760238647461
1.8446271419525146,0.5706200003623962,-1.6846472024917603,-2.6786110401153564,0.8944246172904968,2.3826494216918945,-1.8151284456253052
1.831788420677185,0.5432833433151245,-1.6736807823181152,-2.6672894954681396,0.8650540709495544,2.3998212814331055,-1.822496771812439
1.817366600036621,0.5173455476760864,-1.6611171960830688,-2.6558210849761963,0.8358122706413269,2.415480375289917,-1.8298650979995728
1.801251769065857,0.4926830232143402,-1.6468439102172852,-2.6442008018493652,0.8066765666007996,2.4297540187835693,-1.837233304977417
1.7833168506622314,0.4691915214061737,-1.6307309865951538,-2.6324241161346436,0.7776272892951965,2.4427545070648193,-1.8446016311645508
1.7634179592132568,0.44678348302841187,-1.612630844116211,-2.620486259460449,0.7486475706100464,2.454578161239624,-1.851969838142395
1.7413880825042725,0.4253871738910675,-1.5923722982406616,-2.608382225036621,0.7197229862213135,2.4653100967407227,-1.8593381643295288
1.717039704322815,0.4049450159072876,-1.5697628259658813,-2.59610652923584,0.6908420920372009,2.4750237464904785,-1.866706371307373
1.690157413482666,0.3854106068611145,-1.5445817708969116,-2.583655595779419,0.661991536617279,2.483785390853882,-1.8740746974945068
1.6605033874511719,0.36675283312797546,-1.5165855884552002,-2.57102370262146,0.6331621408462524,2.4916510581970215,-1.881442904472351
1.6278045177459717,0.3489522337913513,-1.4854950904846191,-2.5582056045532227,0.60434490442276,2.498671770095825,-1.8888112306594849
1.591762661933899,0.3320007026195526,-1.4510060548782349,-2.545197010040283,0.5755307674407959,2.504892349243164,-1.896179437637329
1.5520520210266113,0.3159051239490509,-1.412785530090332,-2.5319924354553223,0.5467115044593811,2.5103507041931152,-1.903547763824463
1.5083229541778564,0.300685316324234,-1.370476245880127,-2.518587350845337,0.5178796648979187,2.5150814056396484,-1.9109160900115967
1.4602068662643433,0.2863762080669403,-1.3237030506134033,-2.5049755573272705,0.48902687430381775,2.5191140174865723,-1.918284296989441
1.4073383808135986,0.273026704788208,-1.2720913887023926,-2.4911530017852783,0.46014678478240967,2.522474765777588,-1.9256525039672852
1.349373698234558,0.26070353388786316,-1.215289831161499,-2.477113723754883,0.43123120069503784,2.5251851081848145,-1.933020830154419
1.2860205173492432,0.24948850274085999,-1.1529967784881592,-2.4628524780273438,0.40227240324020386,2.5272650718688965,-1.9403890371322632
1.2170928716659546,0.23947688937187195,-1.085017204284668,-2.448363780975342,0.3732627034187317,2.5287299156188965,-1.947757363319397
1.1425577402114868,0.230779230594635,-1.011307954788208,-2.433642625808716,0.3441939651966095,2.529592990875244,-1.9551255702972412
1.0625947713851929,0.2235119789838791,-0.9320383667945862,-2.418682813644409,0.31505706906318665,2.5298655033111572,-1.962493896484375
0.9700417518615723,0.20439378917217255,-0.8429553508758545,-2.415764808654785,0.2693538963794708,2.53572416305542,-1.9302252531051636
0.8615146279335022,0.1876550167798996,-0.7379629015922546,-2.4124667644500732,0.22373458743095398,2.5403213500976562,-1.8979567289352417
0.7353184819221497,0.1737069934606552,-0.6153277158737183,-2.4087843894958496,0.17817525565624237,2.543703556060791,-1.8656880855560303
0.5912389755249023,0.16305182874202728,-0.47479817271232605,-2.4047138690948486,0.13265348970890045,2.5459060668945312,-1.8334194421768188
0.4317191243171692,0.15621604025363922,-0.3187808692455292,-2.400251865386963,0.08714953064918518,2.54695200920105,-1.801150918006897
0.2625415027141571,0.1536310464143753,-0.1530178338289261,-2.3953957557678223,0.04164159670472145,2.5468568801879883,-1.7688822746276855
0.09212742000818253,0.15549953281879425,0.014103186316788197,-2.390143394470215,-0.0038911274168640375,2.545623540878296,-1.7366136312484741
-0.07076479494571686,0.16172127425670624,0.17386317253112793,-2.384493350982666,-0.04947050288319588,2.543248176574707,-1.7043451070785522
-0.21955588459968567,0.17193995416164398,0.31972166895866394,-2.378443717956543,-0.09512054920196533,2.539715528488159,-1.6720765829086304
-0.35100412368774414,0.18565915524959564,0.44847729802131653,-2.371994972229004,-0.14086711406707764,2.5349996089935303,-1.6398078203201294
-0.46476465463638306,0.20237979292869568,0.5598269104957581,-2.3651461601257324,-0.186738058924675,2.529066324234009,-1.6075392961502075
-0.5622656941413879,0.2216765582561493,0.6552427411079407,-2.357897996902466,-0.23276600241661072,2.5218687057495117,-1.575270652770996
-0.6456790566444397,0.2432289719581604,0.7369438409805298,-2.3502511978149414,-0.2789875268936157,2.5133466720581055,-1.5430021286010742
-0.6799455285072327,0.2602642774581909,0.7903639674186707,-2.344705820083618,-0.3132491409778595,2.506282329559326,-1.5196220874786377
-0.7077549695968628,0.2788190245628357,0.8375585675239563,-2.3382110595703125,-0.34781694412231445,2.4981489181518555,-1.4962419271469116
-0.7299621105194092,0.29886695742607117,0.8794185519218445,-2.330765724182129,-0.38274943828582764,2.488882064819336,-1.472861886024475
-0.7473664283752441,0.320415198802948,0.9167850017547607,-2.322366237640381,-0.41811078786849976,2.478403091430664,-1.4494818449020386
-0.7606850862503052,0.34350502490997314,0.9504236578941345,-2.313009738922119,-0.45397335290908813,2.466620922088623,-1.4261016845703125
-0.7705504894256592,0.36820918321609497,0.981022834777832,-2.302692413330078,-0.490418016910553,2.453428030014038,-1.402721643447876
-0.7775142192840576,0.3946317434310913,1.0092027187347412,-2.291409492492676,-0.527535617351532,2.4386963844299316,-1.3793416023254395
-0.78205406665802,0.42291346192359924,1.0355161428451538,-2.279155969619751,-0.5654337406158447,2.422274351119995,-1.3559614419937134
-0.7845741510391235,0.4532310366630554,1.060463786125183,-2.2659261226654053,-0.6042327284812927,2.4039835929870605,-1.3325814008712769
-0.7854244709014893,0.48580777645111084,1.0845105648040771,-2.2517127990722656,-0.6440801620483398,2.3836069107055664,-1.3092013597488403
-0.7849028706550598,0.5209217071533203,1.1080944538116455,-2.2365078926086426,-0.6851517558097839,2.3608813285827637,-1.2858211994171143
-0.7832539081573486,0.5589185953140259,1.1316345930099487,-2.2203030586242676,-0.7276613116264343,2.3354878425598145,-1.2624411582946777
-0.7806901335716248,0.6002364754676819,1.1555638313293457,-2.20308780670166,-0.7718777656555176,2.307023286819458,-1.2390611171722412
-0.7773786187171936,0.6454355716705322,1.1803336143493652,-2.1848504543304443,-0.8181430101394653,2.2749786376953125,-1.2156809568405151
-0.7734515070915222,0.6952497959136963,1.2064523696899414,-2.1655774116516113,-0.8669091463088989,2.238690137863159,-1.1923009157180786
-0.769004225730896,0.7506745457649231,1.2345300912857056,-2.1452531814575195,-0.9187939167022705,2.1972625255584717,-1.168920874595642
-0.764082133769989,0.8131003975868225,1.2653439044952393,-2.1238608360290527,-0.9746671319007874,2.1494479179382324,-1.145540714263916
-0.7586713433265686,0.8846115469932556,1.299988865852356,-2.1013805866241455,-1.0358555316925049,2.093388795852661,-1.1221606731414795
-0.6823861002922058,0.8086155652999878,1.233926773071289,-2.0854482650756836,-0.95468670129776,2.1507699489593506,-1.150108814239502
-0.6013665199279785,0.7474961280822754,1.1665656566619873,-2.0674593448638916,-0.8793402314186096,2.195094108581543,-1.1780568361282349
-0.5157588720321655,0.6978316903114319,1.096696376800537,-2.0473976135253906,-0.8081302046775818,2.229612350463867,-1.2060049772262573
-0.42576125264167786,0.6575333476066589,1.0236575603485107,-2.025242805480957,-0.7400265336036682,2.256383180618286,-1.2339529991149902
-0.3316883444786072,0.6252456903457642,0.947163462638855,-2.0009703636169434,-0.6743274927139282,2.2768032550811768,-1.2619011402130127
-0.23402300477027893,0.6000658273696899,0.8672497272491455,-1.9745466709136963,-0.6105281710624695,2.2918527126312256,-1.2898491621017456
-0.13343343138694763,0.5813730359077454,0.7842280864715576,-1.945932149887085,-0.5482335090637207,2.302238941192627,-1.317797303199768
-0.030769595876336098,0.5687298774719238,0.6986483931541443,-1.9150747060775757,-0.4871172606945038,2.3084754943847656,-1.345745325088501
0.0729772225022316,0.5618153214454651,0.6112340092658997,-1.8819091320037842,-0.42688992619514465,2.310934066772461,-1.3736934661865234
0.1767377406358719,0.5603827834129333,0.5228007435798645,-1.8463526964187622,-0.36727529764175415,2.309875726699829,-1.4016414880752563
0.2794427275657654,0.564236044883728,0.4341640770435333,-1.8083020448684692,-0.30799683928489685,2.305471897125244,-1.4295896291732788
0.3801030218601227,0.5732212066650391,0.3460443317890167,-1.767627239227295,-0.24875742197036743,2.297813892364502,-1.4575376510620117
0.477873831987381,0.587227463722229,0.25898468494415283,-1.7241634130477905,-0.18922646343708038,2.2869210243225098,-1.4854857921600342
0.4318952262401581,0.575890302658081,0.3175361752510071,-1.7560194730758667,-0.22912061214447021,2.2955732345581055,-1.4537330865859985
0.38550063967704773,0.5665758848190308,0.37584948539733887,-1.7866995334625244,-0.26809555292129517,2.3029091358184814,-1.4219805002212524
0.3388948440551758,0.5592244863510132,0.4338316321372986,-1.8162782192230225,-0.30625563859939575,2.308990478515625,-1.3902277946472168
0.2923007607460022,0.5537839531898499,0.49136000871658325,-1.8448225259780884,-0.3436896502971649,2.3138694763183594,-1.3584750890731812
0.2459515929222107,0.550208330154419,0.5482880473136902,-1.8723912239074707,-0.38047319650650024,2.3175857067108154,-1.3267223834991455
0.200087308883667,0.5484547019004822,0.6044519543647766,-1.8990370035171509,-0.41667044162750244,2.32017183303833,-1.2949697971343994
0.15494509041309357,0.5484839677810669,0.6596822738647461,-1.9248067140579224,-0.452338308095932,2.321650266647339,-1.2632170915603638
0.1107577458024025,0.5502591729164124,0.7138076424598694,-1.949742078781128,-0.48752495646476746,2.3220362663269043,-1.2314643859863281
0.06774339824914932,0.5537458062171936,0.7666656374931335,-1.973881483078003,-0.522274374961853,2.3213391304016113,-1.199711799621582
0.026099778711795807,0.5589147806167603,0.8181099891662598,-1.9972583055496216,-0.5566300749778748,2.3195576667785645,-1.1679589748382568
-0.013989264145493507,0.5657337307929993,0.8680036664009094,-2.019904375076294,-0.5906204581260681,2.3166885375976562,-1.1362063884735107
-0.05237007513642311,0.5741806626319885,0.9162378311157227,-2.0418477058410645,-0.624282956123352,2.3127195835113525,-1.104453682899475
-0.014215032570064068,0.54108726978302,0.8690544962882996,-2.0519022941589355,-0.5757718682289124,2.334237575531006,-1.1358835697174072
0.026684656739234924,0.5105947256088257,0.8201867938041687,-2.061593532562256,-0.5282713770866394,2.353498697280884,-1.167313575744629
0.07057991623878479,0.4824970066547394,0.7692444920539856,-2.070920944213867,-0.48162537813186646,2.3707334995269775,-1.198743462562561
0.11772184818983078,0.45664408802986145,0.7158597707748413,-2.0798840522766113,-0.4357123076915741,2.3861289024353027,-1.2301734685897827
0.16837279498577118,0.4329298734664917,0.6596711277961731,-2.0884828567504883,-0.390424907207489,2.3998425006866455,-1.2616033554077148
0.22278042137622833,0.4112866520881653,0.6003450155258179,-2.096717357635498,-0.34567245841026306,2.412003755569458,-1.2930333614349365
0.2811560332775116,0.39168158173561096,0.5375933051109314,-2.104588031768799,-0.30138078331947327,2.4227206707000732,-1.3244632482528687
0.343661904335022,0.3741111755371094,0.47119036316871643,-2.112095355987549,-0.25748348236083984,2.432084798812866,-1.3558931350708008
0.4103676378726959,0.3585965931415558,0.40100380778312683,-2.1192398071289062,-0.2139233499765396,2.4401700496673584,-1.3873231410980225
0.4812253713607788,0.345179945230484,0.3270310163497925,-2.1260221004486084,-0.17065094411373138,2.4470391273498535,-1.4187530279159546
0.5560320019721985,0.3339169919490814,0.24942241609096527,-2.132443428039551,-0.12762130796909332,2.452742576599121,-1.4501830339431763
0.6344015598297119,0.32486891746520996,0.1685178130865097,-2.138505458831787,-0.08479268848896027,2.4573206901550293,-1.4816129207611084
0.7157468795776367,0.3180994391441345,0.08486058562994003,-2.144209384918213,-0.04213054105639458,2.4608054161071777,-1.5130428075790405
0.7992925047874451,0.31366097927093506,-0.0008149273344315588,-2.149557113647461,0.0004004880611319095,2.4632177352905273,-1.5444728136062622
0.8841020464897156,0.3115898072719574,-0.08761215955018997,-2.1545510292053223,0.04283251613378525,2.4645731449127197,-1.5759027004241943
0.9691395163536072,0.3119015097618103,-0.1745334267616272,-2.1591930389404297,0.08519485592842102,2.4648778438568115,-1.607332706451416
1.0533456802368164,0.31458693742752075,-0.26055747270584106,-2.1634860038757324,0.1275171935558319,2.4641311168670654,-1.6387627124786377
1.1357200145721436,0.3196120262145996,-0.3447203040122986,-2.167433023452759,0.1698283702135086,2.462324380874634,-1.6701924800872803
1.2153918743133545,0.3269248306751251,-0.42618903517723083,-2.171037197113037,0.21215839684009552,2.459440231323242,-1.701622486114502
1.2916622161865234,0.3364608585834503,-0.5043023824691772,-2.1743016242980957,0.25453612208366394,2.4554548263549805,-1.7330524921417236
1.3640356063842773,0.34814873337745667,-0.5786028504371643,-2.1772308349609375,0.2969929575920105,2.450333595275879,-1.7644823789596558
1.4322081804275513,0.3619239628314972,-0.6488261818885803,-2.179828643798828,0.33956193923950195,2.44403338432312,-1.7959123849868774
1.4960472583770752,0.37773004174232483,-0.7148812413215637,-2.1820991039276123,0.38227909803390503,2.436500072479248,-1.82734215259552
1.5555611848831177,0.395529180765152,-0.7768225073814392,-2.184047222137451,0.4251830279827118,2.4276680946350098,-1.8587721586227417
1.6108677387237549,0.41530606150627136,-0.8348104953765869,-2.1856775283813477,0.4683193564414978,2.4174559116363525,-1.8902021646499634
1.6621496677398682,0.4370715320110321,-0.8890811800956726,-2.1869959831237793,0.5117358565330505,2.405768871307373,-1.921631932258606
1.709639310836792,0.4608699381351471,-0.9399239420890808,-2.188007116317749,0.5554918646812439,2.392491102218628,-1.9530619382858276
1.7535927295684814,0.4867791533470154,-0.9876580238342285,-2.1887171268463135,0.599653959274292,2.377483606338501,-1.9844919443130493
1.7942700386047363,0.5149179100990295,-1.032616138458252,-2.1891322135925293,0.6443016529083252,2.3605802059173584,-2.0159218311309814
1.831923484802246,0.5454539060592651,-1.0751338005065918,-2.189258098602295,0.6895308494567871,2.3415799140930176,-2.047351837158203
1.8667967319488525,0.5786100029945374,-1.1155537366867065,-2.1891016960144043,0.7354575991630554,2.320236921310425,-2.0787816047668457
1.8991115093231201,0.6146804690361023,-1.1542186737060547,-2.188669204711914,0.7822283506393433,2.2962474822998047,-2.1102116107940674
1.9290673732757568,0.6540496349334717,-1.1914762258529663,-2.1879680156707764,0.8300271034240723,2.2692325115203857,-2.141641616821289
1.9568374156951904,0.6972202062606812,-1.2276878356933594,-2.187005043029785,0.8790913820266724,2.238710403442383,-2.1730716228485107
1.9825680255889893,0.7448635697364807,-1.2632484436035156,-2.1857874393463135,0.9297402501106262,2.2040517330169678,-2.2045016288757324
2.0063695907592773,0.7978917956352234,-1.2986037731170654,-2.1843228340148926,0.9824107885360718,2.1644132137298584,-2.235931396484375
2.0283119678497314,0.8575956225395203,-1.3343056440353394,-2.1826188564300537,1.037735939025879,2.11861515045166,-2.2673614025115967
2.0484020709991455,0.9258906245231628,-1.3710906505584717,-2.180683135986328,1.0966788530349731,2.064922332763672,-2.2987914085388184
2.0665488243103027,1.005855917930603,-1.410072684288025,-2.1785242557525635,1.160838007926941,2.000563144683838,-2.330221176147461
2.0824592113494873,1.1030861139297485,-1.4532217979431152,-2.176149368286133,1.2332254648208618,1.9205362796783447,-2.3616511821746826
