2.049142360687256,1.1025736331939697,-1.4025999307632446,-2.0430474281311035,1.2080134153366089,1.9159376621246338,-2.2459821701049805
2.039205551147461,1.0543535947799683,-1.3759299516677856,-2.045107841491699,1.1691265106201172,1.9555389881134033,-2.217212677001953
2.0286736488342285,1.0110443830490112,-1.3509159088134766,-2.0471103191375732,1.1329748630523682,1.990738034248352,-2.1884429454803467
2.0176169872283936,0.9716313481330872,-1.327115774154663,-2.04905366897583,1.0989257097244263,2.0224342346191406,-2.1596734523773193
2.0060653686523438,0.9354099631309509,-1.304215669631958,-2.0509376525878906,1.066549301147461,2.0512523651123047,-2.130903959274292
1.9940420389175415,0.9018697738647461,-1.2819898128509521,-2.0527610778808594,1.0355372428894043,2.0776469707489014,-2.1021342277526855
1.9815584421157837,0.8706262111663818,-1.2602665424346924,-2.054523229598999,1.0056617259979248,2.101961135864258,-2.073364734649658
1.9686193466186523,0.8413811326026917,-1.2389094829559326,-2.056222915649414,0.9767480492591858,2.1244633197784424,-2.044595241546631
1.9552257061004639,0.8138958215713501,-1.217807650566101,-2.0578598976135254,0.9486583471298218,2.145367383956909,-2.0158255100250244
1.9413738250732422,0.7879781126976013,-1.196869134902954,-2.0594329833984375,0.9212814569473267,2.1648478507995605,-1.9870558977127075
1.9270581007003784,0.7634701132774353,-1.17601478099823,-2.060941696166992,0.8945302963256836,2.1830484867095947,-1.9582864046096802
1.912268042564392,0.7402383089065552,-1.1551737785339355,-2.0623843669891357,0.8683277368545532,2.2000911235809326,-1.9295167922973633
1.8969948291778564,0.718171238899231,-1.1342860460281372,-2.0637614727020264,0.8426122665405273,2.216078281402588,-1.9007471799850464
1.8812257051467896,0.6971750855445862,-1.1132962703704834,-2.0650711059570312,0.8173326253890991,2.2310969829559326,-1.871977686882019
1.8649449348449707,0.6771663427352905,-1.0921502113342285,-2.0663132667541504,0.7924405932426453,2.2452263832092285,-1.8432080745697021
1.8481403589248657,0.6580763459205627,-1.070804238319397,-2.0674872398376465,0.7679001688957214,2.2585299015045166,-1.8144384622573853
1.8307929039001465,0.6398434638977051,-1.049211025238037,-2.068591594696045,0.7436752915382385,2.2710680961608887,-1.785668969154358
1.8128883838653564,0.6224145889282227,-1.0273305177688599,-2.0696263313293457,0.7197372913360596,2.282891273498535,-1.7568992376327515
1.7944060564041138,0.6057441234588623,-1.0051209926605225,-2.070590019226074,0.696060061454773,2.29404616355896,-1.7281296253204346
1.7753291130065918,0.5897906422615051,-0.9825449585914612,-2.0714826583862305,0.6726195812225342,2.3045730590820312,-1.6993602514266968
1.7556376457214355,0.5745198726654053,-0.9595650434494019,-2.072303295135498,0.6493960022926331,2.3145086765289307,-1.6705906391143799
1.7353119850158691,0.5598994493484497,-0.9361450672149658,-2.0730514526367188,0.6263688802719116,2.3238863945007324,-1.641821026802063
1.7143349647521973,0.5459045767784119,-0.9122537970542908,-2.073726177215576,0.6035245060920715,2.3327341079711914,-1.613051414489746
1.6926853656768799,0.5325106382369995,-0.8878558278083801,-2.074326753616333,0.5808455348014832,2.3410799503326416,-1.5842819213867188
1.6703441143035889,0.5196967124938965,-0.8629202842712402,-2.07485294342041,0.5583181381225586,2.3489482402801514,-1.5555123090744019
1.647292971611023,0.5074468851089478,-0.8374176621437073,-2.0753040313720703,0.5359315276145935,2.356360673904419,-1.526742696762085
1.643276333808899,0.5056445002555847,-0.8328676819801331,-2.0750017166137695,0.5321993231773376,2.3574156761169434,-1.5031933784484863
1.6392385959625244,0.5038571357727051,-0.8282991647720337,-2.074697494506836,0.5284693837165833,2.358459234237671,-1.4796439409255981
1.635179877281189,0.5020861029624939,-0.8237126469612122,-2.074390411376953,0.5247427821159363,2.3594906330108643,-1.4560946226119995
1.6310992240905762,0.5003301501274109,-0.8191068172454834,-2.0740814208984375,0.5210177302360535,2.360511064529419,-1.4325453042984009
1.627000331878662,0.4985896050930023,-0.8144852519035339,-2.0737695693969727,0.5172958970069885,2.361518383026123,-1.4089958667755127
1.6228781938552856,0.49686509370803833,-0.8098427653312683,-2.073455333709717,0.513576090335846,2.3625149726867676,-1.385446548461914
1.6187355518341064,0.49515581130981445,-0.8051825761795044,-2.073138952255249,0.5098592638969421,2.363499879837036,-1.3618972301483154
1.6145718097686768,0.4934614896774292,-0.8005033135414124,-2.0728201866149902,0.50614333152771,2.364473581314087,-1.3383477926254272
1.6103864908218384,0.49178290367126465,-0.7958053946495056,-2.0724987983703613,0.5024309158325195,2.365435838699341,-1.3147984743118286
1.6061809062957764,0.4901195466518402,-0.7910892963409424,-2.0721750259399414,0.49872034788131714,2.366386651992798,-1.2912490367889404
1.601953387260437,0.48847153782844543,-0.7863537073135376,-2.0718491077423096,0.4950120747089386,2.367326498031616,-1.2676997184753418
1.5977057218551636,0.4868391752243042,-0.7816003561019897,-2.0715203285217285,0.49130597710609436,2.3682544231414795,-1.2441504001617432
1.5934360027313232,0.4852219820022583,-0.7768272161483765,-2.0711889266967773,0.4876022934913635,2.369171619415283,-1.2206010818481445
1.5891449451446533,0.4836193323135376,-0.7720348238945007,-2.0708556175231934,0.483899861574173,2.3700780868530273,-1.1970516443252563
1.5848305225372314,0.48203045129776,-0.7672209143638611,-2.0705199241638184,0.4801969528198242,2.370974063873291,-1.1735023260116577
1.5804965496063232,0.4804585576057434,-0.7623899579048157,-2.0701816082000732,0.47649887204170227,2.371858596801758,-1.149953007698059
1.576141595840454,0.4789014756679535,-0.7575402855873108,-2.069840908050537,0.4728022813796997,2.372732162475586,-1.126403570175171
1.5717660188674927,0.4773591160774231,-0.7526719570159912,-2.069497585296631,0.46910807490348816,2.3735952377319336,-1.1028542518615723
1.5673679113388062,0.4758322536945343,-0.7477830648422241,-2.0691518783569336,0.46541470289230347,2.3744475841522217,-1.079304814338684
1.5629489421844482,0.4743201434612274,-0.7428750991821289,-2.0688037872314453,0.46172401309013367,2.375288963317871,-1.0557554960250854
1.5585097074508667,0.47282344102859497,-0.7379493117332458,-2.068452835083008,0.45803505182266235,2.376119613647461,-1.0322061777114868
1.554047703742981,0.47134169936180115,-0.7330024838447571,-2.0680999755859375,0.454347163438797,2.3769402503967285,-1.0086568593978882
1.5495651960372925,0.4698745608329773,-0.7280369997024536,-2.067744255065918,0.4506617486476898,2.3777503967285156,-0.985107421875
1.5450623035430908,0.4684227705001831,-0.7230529189109802,-2.0673863887786865,0.4469784200191498,2.378549575805664,-0.9615581035614014
1.5405371189117432,0.4669859707355499,-0.718048632144928,-2.067025899887085,0.44329577684402466,2.379338502883911,-0.938008725643158
1.5359898805618286,0.46556344628334045,-0.7130239605903625,-2.0666627883911133,0.439614474773407,2.380117893218994,-0.9144593477249146
1.5314236879348755,0.46415650844573975,-0.7079821228981018,-2.0662975311279297,0.4359358847141266,2.380885601043701,-0.8909099698066711
1.5268347263336182,0.4627643823623657,-0.7029191851615906,-2.0659291744232178,0.4322587847709656,2.3816440105438232,-0.8673606514930725
1.5222256183624268,0.461387038230896,-0.6978377103805542,-2.065558671951294,0.4285823702812195,2.382392168045044,-0.8438112735748291
1.5175950527191162,0.4600241780281067,-0.6927364468574524,-2.065185546875,0.42490777373313904,2.3831300735473633,-0.8202618956565857
1.5129427909851074,0.4586765766143799,-0.6876154541969299,-2.064810276031494,0.4212341606616974,2.3838582038879395,-0.7967125773429871
1.5082697868347168,0.4573443830013275,-0.6824751496315002,-2.064432144165039,0.4175628423690796,2.3845760822296143,-0.7731631994247437
1.503576636314392,0.4560260772705078,-0.6773158311843872,-2.064051628112793,0.4138926565647125,2.385284185409546,-0.7496138215065002
1.4988620281219482,0.4547232985496521,-0.6721369028091431,-2.0636684894561768,0.4102233350276947,2.385982036590576,-0.7260645031929016
1.4941271543502808,0.4534352123737335,-0.666939377784729,-2.0632829666137695,0.4065558910369873,2.386669874191284,-0.7025151252746582
1.4893712997436523,0.45216119289398193,-0.6617221236228943,-2.062894821166992,0.4028894901275635,2.387348175048828,-0.6789657473564148
1.4845943450927734,0.4509029686450958,-0.6564853191375732,-2.062504291534424,0.3992244303226471,2.388016700744629,-0.6554164290428162
1.479796051979065,0.4496592879295349,-0.6512283682823181,-2.0621111392974854,0.39556044340133667,2.3886759281158447,-0.6318670511245728
1.4749780893325806,0.4484303891658783,-0.6459532380104065,-2.0617153644561768,0.391897588968277,2.38932466506958,-0.6083177328109741
1.4701393842697144,0.44721630215644836,-0.6406588554382324,-2.061316967010498,0.38823646306991577,2.3899641036987305,-0.5847682952880859
1.4652795791625977,0.4460173547267914,-0.6353445649147034,-2.0609161853790283,0.3845756947994232,2.390594244003296,-0.5612189769744873
1.4604003429412842,0.44483283162117004,-0.6300118565559387,-2.0605127811431885,0.3809167444705963,2.39121413230896,-0.5376695394515991
1.455500841140747,0.44366300106048584,-0.6246601343154907,-2.0601067543029785,0.37725839018821716,2.391824722290039,-0.5141202211380005
1.4505807161331177,0.44250842928886414,-0.6192895174026489,-2.0596985816955566,0.37360137701034546,2.392426013946533,-0.49057093262672424
1.4456393718719482,0.44136884808540344,-0.6138983964920044,-2.0592873096466064,0.3699452579021454,2.3930182456970215,-0.46702152490615845
1.4406802654266357,0.4402434527873993,-0.6084907650947571,-2.0588736534118652,0.366289883852005,2.3936002254486084,-0.4434722065925598
1.4356995820999146,0.4391334354877472,-0.6030628085136414,-2.058457374572754,0.36263594031333923,2.3941733837127686,-0.419922798871994
1.4306995868682861,0.4380379319190979,-0.59761643409729,-2.0580387115478516,0.3589828312397003,2.3947370052337646,-0.3963734805583954
1.425679326057434,0.43695732951164246,-0.592150866985321,-2.057617664337158,0.355330228805542,2.395291566848755,-0.3728240430355072
1.4206393957138062,0.4358918368816376,-0.5866667628288269,-2.0571937561035156,0.3516784906387329,2.3958370685577393,-0.34927475452423096
1.4155807495117188,0.4348407983779907,-0.5811651349067688,-2.056767225265503,0.3480277359485626,2.3963727951049805,-0.3257253170013428
1.4105031490325928,0.43380481004714966,-0.5756450891494751,-2.056338310241699,0.3443785607814789,2.3968992233276367,-0.30217602849006653
1.4054057598114014,0.4327836334705353,-0.5701063275337219,-2.055906295776367,0.3407297134399414,2.397416830062866,-0.2786267101764679
1.4002881050109863,0.4317779242992401,-0.5645484924316406,-2.0554723739624023,0.3370811641216278,2.397925853729248,-0.2550772726535797
1.3951528072357178,0.4307864010334015,-0.5589734315872192,-2.055035352706909,0.33343374729156494,2.3984246253967285,-0.23152796924114227
1.3899978399276733,0.42981019616127014,-0.5533799529075623,-2.054595947265625,0.3297867178916931,2.3989150524139404,-0.20797854661941528
1.3848252296447754,0.4288485050201416,-0.5477695465087891,-2.0541539192199707,0.3261409401893616,2.3993964195251465,-0.18442924320697784
1.3796340227127075,0.4279014468193054,-0.5421410799026489,-2.053709030151367,0.32249534130096436,2.3998684883117676,-0.16087982058525085
1.3744239807128906,0.4269700348377228,-0.5364949703216553,-2.0532617568969727,0.31885063648223877,2.400331497192383,-0.13733050227165222
1.3691942691802979,0.42605355381965637,-0.5308293104171753,-2.052812099456787,0.3152061998844147,2.4007866382598877,-0.11378109455108643
1.3639482259750366,0.4251515865325928,-0.5251485705375671,-2.0523593425750732,0.3115628659725189,2.4012317657470703,-0.09023177623748779
1.3586845397949219,0.4242648780345917,-0.519450843334198,-2.0519042015075684,0.3079202473163605,2.401668071746826,-0.06668246537446976
1.3534023761749268,0.423392653465271,-0.513734757900238,-2.0514466762542725,0.3042779266834259,2.4020962715148926,-0.043133046478033066
1.3481031656265259,0.42253589630126953,-0.5080026984214783,-2.0509862899780273,0.3006356954574585,2.4025144577026367,-0.01958373561501503
1.3427852392196655,0.4216945469379425,-0.5022525191307068,-2.050523042678833,0.29699423909187317,2.4029250144958496,0.003965682815760374
1.3374513387680054,0.4208671748638153,-0.49648675322532654,-2.0500574111938477,0.2933529019355774,2.4033260345458984,0.027514996007084846
1.3320995569229126,0.4200552999973297,-0.4907037019729614,-2.049589157104492,0.2897122800350189,2.403718948364258,0.05106441304087639
1.3267313241958618,0.4192587435245514,-0.4849047362804413,-2.0491180419921875,0.2860718369483948,2.4041028022766113,0.07461372762918472
1.3213474750518799,0.41847679018974304,-0.47909054160118103,-2.048644542694092,0.2824323773384094,2.404477596282959,0.09816314280033112
1.3159456253051758,0.41771021485328674,-0.47325900197029114,-2.048168182373047,0.2787928879261017,2.404844284057617,0.12171245366334915
1.3105292320251465,0.41695845127105713,-0.4674132168292999,-2.047689199447632,0.2751540541648865,2.4052019119262695,0.1452617645263672
1.3050944805145264,0.4162222146987915,-0.46154916286468506,-2.0472075939178467,0.271514892578125,2.4055516719818115,0.16881118714809418
1.2996454238891602,0.41550105810165405,-0.4556715488433838,-2.0467233657836914,0.26787611842155457,2.4058918952941895,0.1923605054616928
1.2941805124282837,0.4147945046424866,-0.4497782289981842,-2.046236515045166,0.26423755288124084,2.406224250793457,0.21590980887413025
1.288701057434082,0.414103239774704,-0.44387081265449524,-2.0457468032836914,0.26059985160827637,2.4065475463867188,0.23945917189121246
1.2832056283950806,0.4134272634983063,-0.43794751167297363,-2.0452542304992676,0.2569619119167328,2.406862497329712,0.26300865411758423
1.2776960134506226,0.4127662181854248,-0.43201035261154175,-2.044759750366211,0.25332432985305786,2.4071688652038574,0.28655800223350525
1.2721710205078125,0.4121204614639282,-0.4260581433773041,-2.044261932373047,0.24968655407428741,2.4074666500091553,0.3101072609424591
1.266632080078125,0.4114901125431061,-0.4200921654701233,-2.0437614917755127,0.24604937434196472,2.4077563285827637,0.3336566388607025
1.2610788345336914,0.41087448596954346,-0.41411179304122925,-2.0432586669921875,0.24241173267364502,2.4080371856689453,0.3572061061859131
1.255511999130249,0.41027504205703735,-0.4081180691719055,-2.042752742767334,0.23877492547035217,2.4083096981048584,0.3807552456855774
1.2499295473098755,0.4096897840499878,-0.4021090269088745,-2.0422444343566895,0.23513688147068024,2.408574342727661,0.40430474281311035
1.2443361282348633,0.4091201722621918,-0.3960890471935272,-2.0417332649230957,0.23150032758712769,2.408829689025879,0.42785409092903137
1.2387287616729736,0.40856602787971497,-0.390054851770401,-2.0412192344665527,0.22786295413970947,2.4090771675109863,0.45140355825424194
1.2331085205078125,0.40802711248397827,-0.3840083181858063,-2.0407028198242188,0.22422590851783752,2.409316062927246,0.47495272755622864
1.2274761199951172,0.4075029790401459,-0.37794941663742065,-2.0401835441589355,0.22058846056461334,2.409546136856079,0.4985021948814392
1.2218304872512817,0.40699493885040283,-0.3718770146369934,-2.039661407470703,0.216950923204422,2.40976881980896,0.5220515727996826
1.216173768043518,0.4065017104148865,-0.36579370498657227,-2.0391368865966797,0.21331356465816498,2.409982681274414,0.5456008315086365
1.2105050086975098,0.40602385997772217,-0.3596983253955841,-2.038609504699707,0.20967623591423035,2.4101881980895996,0.5691502094268799
1.204824447631836,0.40556150674819946,-0.3535909354686737,-2.038079261779785,0.2060387283563614,2.4103856086730957,0.5926996469497681
1.1991331577301025,0.40511441230773926,-0.34747248888015747,-2.0375466346740723,0.2024008184671402,2.4105746746063232,0.6162490248680115
1.1934309005737305,0.40468260645866394,-0.3413434326648712,-2.03701114654541,0.1987629234790802,2.4107553958892822,0.6397982835769653
1.1877180337905884,0.4042663872241974,-0.33520305156707764,-2.0364723205566406,0.19512468576431274,2.4109277725219727,0.6633476614952087
1.1819950342178345,0.40386533737182617,-0.32905256748199463,-2.0359315872192383,0.19148604571819305,2.4110918045043945,0.6868970990180969
1.1762620210647583,0.4034799635410309,-0.3228917121887207,-2.0353877544403076,0.18784742057323456,2.411248207092285,0.7104464769363403
1.1705195903778076,0.4031097888946533,-0.316721111536026,-2.034841299057007,0.18420858681201935,2.411395788192749,0.7339957356452942
1.1647672653198242,0.40275534987449646,-0.31054064631462097,-2.0342917442321777,0.18056954443454742,2.4115355014801025,0.7575451135635376
1.1590065956115723,0.40241608023643494,-0.3043513000011444,-2.0337398052215576,0.17692966759204865,2.4116666316986084,0.7810946106910706
1.1532365083694458,0.4020925462245941,-0.2981521189212799,-2.0331850051879883,0.1732897311449051,2.411789894104004,0.8046437501907349
1.147458553314209,0.40178388357162476,-0.2919447720050812,-2.032627582550049,0.16964934766292572,2.411904811859131,0.828193187713623
1.1416724920272827,0.4014914333820343,-0.28572878241539,-2.032067060470581,0.1660088449716568,2.4120113849639893,0.8517425656318665
1.135878086090088,0.40121421217918396,-0.27950403094291687,-2.031503915786743,0.16236750781536102,2.4121103286743164,0.8752920627593994
1.1300768852233887,0.4009528160095215,-0.27327224612236023,-2.030938148498535,0.15872621536254883,2.412200689315796,0.8988412022590637
1.1242685317993164,0.4007064700126648,-0.26703256368637085,-2.030369281768799,0.15508422255516052,2.412282943725586,0.9223906397819519
1.1184533834457397,0.40047594904899597,-0.2607854902744293,-2.0297980308532715,0.15144170820713043,2.4123573303222656,0.9459400177001953
1.112632155418396,0.4002608060836792,-0.25453197956085205,-2.029223918914795,0.14779849350452423,2.4124231338500977,0.9694892764091492
1.1068047285079956,0.4000612497329712,-0.248271644115448,-2.028646945953369,0.14415498077869415,2.4124810695648193,0.9930386543273926
1.1009712219238281,0.39987725019454956,-0.24200473725795746,-2.028067111968994,0.14051072299480438,2.4125306606292725,1.0165880918502808
1.0951324701309204,0.39970865845680237,-0.23573176562786102,-2.027484655380249,0.13686615228652954,2.4125726222991943,1.040137529373169
1.0892887115478516,0.39955592155456543,-0.2294531911611557,-2.0268990993499756,0.1332206130027771,2.4126057624816895,1.063686728477478
1.0834403038024902,0.39941877126693726,-0.22316929697990417,-2.026310920715332,0.12957459688186646,2.412631034851074,1.0872361660003662
1.0775872468948364,0.39929723739624023,-0.2168799340724945,-2.0257201194763184,0.1259278506040573,2.4126486778259277,1.1107856035232544
1.0717307329177856,0.39919111132621765,-0.21058650314807892,-2.0251262187957764,0.12228070199489594,2.4126577377319336,1.134334683418274
1.065869927406311,0.3991006314754486,-0.2042878270149231,-2.0245299339294434,0.11863242089748383,2.41265869140625,1.1578842401504517
1.0600022077560425,0.3990252912044525,-0.19798143208026886,-2.023930549621582,0.11498130857944489,2.412652015686035,1.1814335584640503
1.054135799407959,0.39896607398986816,-0.19167587161064148,-2.0233283042907715,0.11133190989494324,2.4126365184783936,1.2049829959869385
1.0482672452926636,0.39892247319221497,-0.18536704778671265,-2.0227231979370117,0.10768219828605652,2.4126129150390625,1.2285321950912476
1.042396068572998,0.39889487624168396,-0.17905482649803162,-2.0221152305603027,0.10403138399124146,2.4125819206237793,1.2520816326141357
1.0365231037139893,0.39888304471969604,-0.17273953557014465,-2.0215046405792236,0.10037980228662491,2.4125425815582275,1.275631070137024
1.0306484699249268,0.39888644218444824,-0.16642197966575623,-2.0208911895751953,0.09672702848911285,2.4124951362609863,1.299180507659912
1.0247726440429688,0.39890533685684204,-0.16010236740112305,-2.020275115966797,0.093073770403862,2.4124393463134766,1.3227297067642212
1.0188956260681152,0.39893966913223267,-0.1537805050611496,-2.019655704498291,0.08941943198442459,2.4123756885528564,1.3462791442871094
1.0130186080932617,0.39899012446403503,-0.14745739102363586,-2.019033670425415,0.08576365560293198,2.4123034477233887,1.369828462600708
1.007140874862671,0.39905643463134766,-0.14113248884677887,-2.01840877532959,0.08210732042789459,2.4122238159179688,1.3933777809143066
1.001263976097107,0.3991378843784332,-0.1348074972629547,-2.0177812576293945,0.07845022529363632,2.412135601043701,1.4169270992279053
0.9953870177268982,0.39923492074012756,-0.12848123908042908,-2.01715087890625,0.0747915729880333,2.412039279937744,1.440476655960083
0.9895111918449402,0.3993479609489441,-0.12215514481067657,-2.0165176391601562,0.07113219797611237,2.411935329437256,1.4640259742736816
0.9836363792419434,0.3994770348072052,-0.11582881212234497,-2.015881061553955,0.06747189909219742,2.41182279586792,1.4875751733779907
0.9777631759643555,0.3996208906173706,-0.1095028892159462,-2.015242099761963,0.06381016969680786,2.4117023944854736,1.511124610900879
0.9718919396400452,0.3997812569141388,-0.10317758470773697,-2.0146002769470215,0.060147546231746674,2.411573886871338,1.534674048423767
0.9660232067108154,0.39995673298835754,-0.09685336798429489,-2.013955593109131,0.0564831979572773,2.4114372730255127,1.5582232475280762
0.9601572155952454,0.40014803409576416,-0.09053094685077667,-2.013307571411133,0.05281834304332733,2.4112918376922607,1.5817726850509644
0.9542942643165588,0.40035513043403625,-0.08421023935079575,-2.0126571655273438,0.049152351915836334,2.4111390113830566,1.605322003364563
0.9484341740608215,0.40057772397994995,-0.07789097726345062,-2.0120038986206055,0.04548485949635506,2.410977602005005,1.6288715600967407
0.9425787329673767,0.40081554651260376,-0.07157479971647263,-2.011347770690918,0.041816212236881256,2.4108083248138428,1.6524206399917603
0.9367259740829468,0.40106961131095886,-0.06526002287864685,-2.010688543319702,0.03814609348773956,2.4106311798095703,1.675970196723938
0.9308790564537048,0.4013393521308899,-0.05894964560866356,-2.010026454925537,0.03447505831718445,2.41044545173645,1.6995195150375366
0.9250357747077942,0.40162456035614014,-0.052641525864601135,-2.009361505508423,0.030802389606833458,2.4102513790130615,1.7230689525604248
0.9191985726356506,0.4019254446029663,-0.04633799195289612,-2.0086936950683594,0.02712910622358322,2.4100496768951416,1.7466181516647339
0.91336590051651,0.40224194526672363,-0.04003724083304405,-2.0080230236053467,0.02345344051718712,2.409839630126953,1.770167589187622
0.9075387120246887,0.40257418155670166,-0.03374049440026283,-2.0073494911193848,0.0197765976190567,2.409621000289917,1.7937170267105103
0.9017186164855957,0.40292197465896606,-0.02744941972196102,-2.0066728591918945,0.0160988736897707,2.4093947410583496,1.8172662258148193
0.8959048986434937,0.403285413980484,-0.021162942051887512,-2.005993604660034,0.012419715523719788,2.4091596603393555,1.840815544128418
0.8900972008705139,0.40366435050964355,-0.01488088071346283,-2.0053114891052246,0.008738866075873375,2.408916473388672,1.8643651008605957
0.8842966556549072,0.4040590524673462,-0.008604153990745544,-2.0046262741088867,0.005056301131844521,2.408665418624878,1.8879144191741943
0.8785040974617004,0.40446940064430237,-0.0023339567705988884,-2.0039381980895996,0.0013723174342885613,2.4084060192108154,1.911463737487793
0.8727185130119324,0.40489548444747925,0.003931115381419659,-2.0032472610473633,-0.0023133878130465746,2.4081385135650635,1.9350130558013916
0.7768223285675049,0.42838844656944275,0.08374954015016556,-1.9669474363327026,-0.05109811946749687,2.393359422683716,1.961266279220581
0.6882858276367188,0.45524805784225464,0.15819579362869263,-1.9285304546356201,-0.1001579537987709,2.3763256072998047,1.9875195026397705
0.6066727638244629,0.4853776693344116,0.2279260754585266,-1.8879141807556152,-0.14975383877754211,2.3569321632385254,2.01377272605896
0.5314251780509949,0.5187628269195557,0.29376745223999023,-1.84499192237854,-0.20020385086536407,2.335031747817993,2.0400259494781494
0.4619431495666504,0.5554783344268799,0.35665711760520935,-1.7996294498443604,-0.2519002854824066,2.3104283809661865,2.066279411315918
0.39763689041137695,0.5957056879997253,0.4176202118396759,-1.7516542673110962,-0.3053404688835144,2.282858371734619,2.0925326347351074
0.3379564583301544,0.6397547721862793,0.47778528928756714,-1.7008471488952637,-0.36116841435432434,2.251970052719116,2.118785858154297
0.2824081480503082,0.6880993843078613,0.5384247899055481,-1.6469277143478394,-0.4202457070350647,2.2172889709472656,2.1450390815734863
0.23056212067604065,0.7414456605911255,0.6010764837265015,-1.5895311832427979,-0.48376619815826416,2.1781563758850098,2.171292304992676
0.2601887881755829,0.7153009176254272,0.5518270134925842,-1.607933521270752,-0.4382576048374176,2.197082042694092,2.1399877071380615
0.2908409833908081,0.691252589225769,0.5030796527862549,-1.6257601976394653,-0.39433616399765015,2.214296579360962,2.1086831092834473
0.3225267231464386,0.6691343188285828,0.45462241768836975,-1.6430329084396362,-0.35179078578948975,2.229961395263672,2.077378511428833
0.3552514612674713,0.6488117575645447,0.4062788188457489,-1.6597726345062256,-0.31044188141822815,2.244213104248047,2.0460739135742188
0.3890104591846466,0.6301765441894531,0.357910692691803,-1.6759982109069824,-0.2701438069343567,2.2571640014648438,2.0147690773010254
0.4237903654575348,0.6131415963172913,0.30940842628479004,-1.691727638244629,-0.2307717502117157,2.268908739089966,1.9834645986557007
0.45956915616989136,0.5976344347000122,0.2606925368309021,-1.7069768905639648,-0.1922186315059662,2.2795276641845703,1.9521600008010864
0.4963163733482361,0.5835992097854614,0.2117002159357071,-1.7217605113983154,-0.15439091622829437,2.289090394973755,1.9208552837371826
0.5339838266372681,0.5709885358810425,0.16240017116069794,-1.736093282699585,-0.11720984429121017,2.2976551055908203,1.8895506858825684
0.5725120306015015,0.5597654581069946,0.11278142780065536,-1.7499877214431763,-0.08060502260923386,2.305271625518799,1.858246088027954
0.611830472946167,0.5499005913734436,0.06285130977630615,-1.7634563446044922,-0.044512901455163956,2.311983108520508,1.8269414901733398
0.6518500447273254,0.5413694381713867,0.012643217109143734,-1.776510238647461,-0.008879704400897026,2.3178248405456543,1.795636773109436
0.6924729943275452,0.5341532826423645,-0.037796683609485626,-1.7891607284545898,0.02634553425014019,2.3228275775909424,1.7643321752548218
0.7335846424102783,0.528235912322998,-0.0883997306227684,-1.8014177083969116,0.06120728701353073,2.3270163536071777,1.7330275774002075
0.7750602960586548,0.5236048698425293,-0.13908430933952332,-1.8132911920547485,0.09574536234140396,2.330411911010742,1.7017229795455933
0.8167670369148254,0.5202497243881226,-0.1897566169500351,-1.8247897624969482,0.12999767065048218,2.3330295085906982,1.670418381690979
0.8585638999938965,0.5181601643562317,-0.24031291902065277,-1.8359227180480957,0.1639997810125351,2.33488130569458,1.6391136646270752
0.9003050923347473,0.5173294544219971,-0.2906414866447449,-1.8466980457305908,0.19778358936309814,2.3359758853912354,1.607809066772461
0.9418439865112305,0.5177492499351501,-0.340628981590271,-1.8571240901947021,0.23137874901294708,2.3363163471221924,1.5765043497085571
0.9830344319343567,0.5194137692451477,-0.39016005396842957,-1.8672080039978027,0.2648147642612457,2.335904598236084,1.5451998710632324
1.0237376689910889,0.5223177671432495,-0.4391263723373413,-1.8769572973251343,0.2981198728084564,2.3347361087799072,1.5138951539993286
1.0638182163238525,0.5264564156532288,-0.4874213933944702,-1.8863792419433594,0.33132073283195496,2.332805633544922,1.4825905561447144
1.1031537055969238,0.5318278074264526,-0.53495192527771,-1.8954806327819824,0.36444413661956787,2.3301010131835938,1.4512859582901
1.141631007194519,0.5384306907653809,-0.5816324353218079,-1.9042679071426392,0.39751750230789185,2.326608180999756,1.4199813604354858
1.1791491508483887,0.5462679862976074,-0.6273911595344543,-1.9127473831176758,0.43056604266166687,2.3223087787628174,1.388676643371582
1.2156243324279785,0.5553447604179382,-0.6721724271774292,-1.920925259590149,0.4636186361312866,2.3171777725219727,1.3573721647262573
1.2509832382202148,0.5656709671020508,-0.7159324884414673,-1.9288076162338257,0.4967036247253418,2.311188220977783,1.3260674476623535
1.2851685285568237,0.5772625207901001,-0.7586441040039062,-1.9364001750946045,0.5298510789871216,2.304305076599121,1.2947628498077393
1.3181350231170654,0.5901411175727844,-0.8002939820289612,-1.9437087774276733,0.563092827796936,2.2964887619018555,1.2634581327438354
1.349850058555603,0.6043354868888855,-0.8408829569816589,-1.950738787651062,0.5964639782905579,2.287692070007324,1.2321536540985107
1.380294919013977,0.6198846101760864,-0.8804282546043396,-1.9574956893920898,0.6300023794174194,2.2778594493865967,1.200848937034607
1.3627614974975586,0.5895610451698303,-0.8730379343032837,-1.99237859249115,0.6079704165458679,2.2997310161590576,1.1753400564193726
1.3440096378326416,0.5603993535041809,-0.8662078976631165,-2.0255846977233887,0.586276650428772,2.320424795150757,1.1498310565948486
1.323947548866272,0.5323284268379211,-0.8597368597984314,-2.0571556091308594,0.564788281917572,2.3400001525878906,1.1243221759796143
1.3024632930755615,0.5052932500839233,-0.8534196615219116,-2.0871238708496094,0.543391227722168,2.3585047721862793,1.0988131761550903
1.2794289588928223,0.4792494475841522,-0.8470471501350403,-2.1155126094818115,0.5219907760620117,2.3759765625,1.073304295539856
1.2546902894973755,0.4541650712490082,-0.840391993522644,-2.142336368560791,0.5005069375038147,2.392446517944336,1.0477954149246216
1.2280676364898682,0.4300163686275482,-0.8332077264785767,-2.167604684829712,0.4788755774497986,2.4079396724700928,1.0222864151000977
1.1993508338928223,0.40678805112838745,-0.825221061706543,-2.191319465637207,0.457042396068573,2.4224748611450195,0.9967775344848633
1.168292760848999,0.3844732940196991,-0.8161198496818542,-2.213480234146118,0.43496644496917725,2.4360690116882324,0.9712685942649841
1.1346076726913452,0.3630731999874115,-0.8055607080459595,-2.2340803146362305,0.41261738538742065,2.448732852935791,0.945759654045105
1.0979574918746948,0.34259703755378723,-0.7931399345397949,-2.2531113624572754,0.38997307419776917,2.4604783058166504,0.9202507138252258
1.0579605102539062,0.3230629563331604,-0.7784104943275452,-2.270561695098877,0.36702340841293335,2.4713120460510254,0.8947418332099915
1.0141716003417969,0.304499089717865,-0.7608578205108643,-2.2864184379577637,0.3437662422657013,2.4812419414520264,0.8692328929901123
0.9661000370979309,0.28694412112236023,-0.7399184107780457,-2.300666570663452,0.3202076852321625,2.4902725219726562,0.8437239527702332
0.9132028222084045,0.2704504430294037,-0.714972198009491,-2.313291549682617,0.29636383056640625,2.498408555984497,0.8182150721549988
0.8549020886421204,0.255086749792099,-0.6853601336479187,-2.3242785930633545,0.27225759625434875,2.505654811859131,0.7927061319351196
0.7906224131584167,0.24093778431415558,-0.6504204273223877,-2.333613395690918,0.24791978299617767,2.512014389038086,0.7671971917152405
0.7834100723266602,0.20223800837993622,-0.6985437870025635,-2.388932228088379,0.22773201763629913,2.532458782196045,0.7718547582626343
0.911597490310669,0.1990857869386673,-0.8293813467025757,-2.418182611465454,0.2597949802875519,2.537747859954834,0.7406643033027649
1.040095567703247,0.19917647540569305,-0.960316002368927,-2.4468886852264404,0.2914809584617615,2.54217791557312,0.7094738483428955
1.1651110649108887,0.20242753624916077,-1.087589979171753,-2.4750735759735107,0.3228089511394501,2.545760154724121,0.6782833933830261
1.283380150794983,0.2086412012577057,-1.2079708576202393,-2.5027592182159424,0.3537944257259369,2.5484988689422607,0.6470929384231567
1.3925879001617432,0.21754345297813416,-1.31917405128479,-2.529965877532959,0.3844485878944397,2.5503952503204346,0.6159024834632874
1.491499662399292,0.22882245481014252,-1.4199929237365723,-2.5567119121551514,0.41478052735328674,2.551445484161377,0.584712028503418
1.5798157453536987,0.24217094480991364,-1.5101542472839355,-2.5830163955688477,0.444796085357666,2.5516412258148193,0.5535215735435486
1.6578835248947144,0.25730928778648376,-1.5900297164916992,-2.608895778656006,0.47449713945388794,2.550971031188965,0.5223311185836792
1.7264399528503418,0.2740015983581543,-1.6603803634643555,-2.6343655586242676,0.50388503074646,2.549417018890381,0.4911406636238098
1.7863905429840088,0.29205578565597534,-1.7221335172653198,-2.6594414710998535,0.5329573154449463,2.5469584465026855,0.45995020866394043
1.8386647701263428,0.31132298707962036,-1.7762407064437866,-2.6841373443603516,0.5617084503173828,2.543571710586548,0.42875978350639343
1.8841525316238403,0.3316948115825653,-1.8236124515533447,-2.7084665298461914,0.5901326537132263,2.53922438621521,0.39756932854652405
1.9236458539962769,0.35309037566185,-1.8650603294372559,-2.7324419021606445,0.6182194352149963,2.5338857173919678,0.36637887358665466
1.895940899848938,0.3506939709186554,-1.8675185441970825,-2.732626438140869,0.6144636273384094,2.5352563858032227,0.3371284008026123
1.8656110763549805,0.34813055396080017,-1.8675611019134521,-2.731743812561035,0.610702395439148,2.536430835723877,0.30787792801856995
1.8326199054718018,0.3454481065273285,-1.865083932876587,-2.7297894954681396,0.607010543346405,2.537379741668701,0.2786274552345276
1.7969355583190918,0.3427017033100128,-1.8599880933761597,-2.7267613410949707,0.6034632325172424,2.538074254989624,0.24937696754932404
1.7585322856903076,0.339957594871521,-1.8521809577941895,-2.722658157348633,0.600135862827301,2.5384812355041504,0.22012650966644287
1.717396855354309,0.33728837966918945,-1.8415861129760742,-2.717482328414917,0.5971016883850098,2.538569688796997,0.19087602198123932
1.6735358238220215,0.3347776234149933,-1.828148365020752,-2.711237907409668,0.59443199634552,2.5383059978485107,0.16162556409835815
1.6269766092300415,0.332515686750412,-1.8118383884429932,-2.7039313316345215,0.5921958684921265,2.5376574993133545,0.1323750764131546
1.5777791738510132,0.33060088753700256,-1.7926640510559082,-2.6955697536468506,0.5904583930969238,2.536590337753296,0.10312462598085403
1.526043176651001,0.3291391432285309,-1.7706782817840576,-2.6861624717712402,0.5892814993858337,2.5350704193115234,0.07387413829565048
1.471917986869812,0.32824063301086426,-1.7459899187088013,-2.675720691680908,0.5887237191200256,2.533064126968384,0.04462365061044693
1.4156012535095215,0.3280189037322998,-1.7187621593475342,-2.6642556190490723,0.5888379812240601,2.5305376052856445,0.015373180620372295
1.3573517799377441,0.32859006524086,-1.6892261505126953,-2.651780366897583,0.5896742939949036,2.5274569988250732,-0.013877279125154018
1.2974847555160522,0.3300691246986389,-1.6576766967773438,-2.638307571411133,0.5912792682647705,2.5237879753112793,-0.04312774911522865
1.2363725900650024,0.3325676918029785,-1.6244726181030273,-2.623850107192993,0.593694269657135,2.519495964050293,-0.07237821817398071
1.1744328737258911,0.3361915647983551,-1.5900253057479858,-2.608421802520752,0.596959114074707,2.5145459175109863,-0.10162872076034546
1.112122893333435,0.3410396873950958,-1.5547925233840942,-2.5920348167419434,0.6011093854904175,2.5089011192321777,-0.13087919354438782
1.0499120950698853,0.34720054268836975,-1.5192517042160034,-2.574702024459839,0.6061791777610779,2.5025248527526855,-0.1601296216249466
0.9882757663726807,0.35475361347198486,-1.4838926792144775,-2.5564348697662354,0.6122012734413147,2.495378017425537,-0.18938012421131134
0.927668571472168,0.36376720666885376,-1.4491925239562988,-2.5372438430786133,0.6192076802253723,2.4874181747436523,-0.2186305969953537
0.868506133556366,0.3742993474006653,-1.4155950546264648,-2.5171380043029785,0.6272299885749817,2.478602170944214,-0.24788105487823486
0.811156690120697,0.3864009380340576,-1.38350510597229,-2.4961252212524414,0.6363017559051514,2.468881368637085,-0.2771315574645996
0.7559273838996887,0.4001157283782959,-1.353273868560791,-2.474212169647217,0.6464564800262451,2.4582042694091797,-0.3063820004463196
0.7030578851699829,0.4154852330684662,-1.3251911401748657,-2.4514026641845703,0.6577341556549072,2.4465136528015137,-0.3356325030326843
0.6527261734008789,0.43255138397216797,-1.2994952201843262,-2.427699565887451,0.6701774001121521,2.4337446689605713,-0.3648829758167267
0.6050495505332947,0.45135900378227234,-1.2763721942901611,-2.4031028747558594,0.683836042881012,2.4198246002197266,-0.39413341879844666
0.5600824952125549,0.4719611704349518,-1.2559560537338257,-2.377610683441162,0.6987668871879578,2.4046730995178223,-0.4233839213848114
0.5178394913673401,0.4944222867488861,-1.2383522987365723,-2.351217746734619,0.715039074420929,2.388195037841797,-0.45263436436653137
0.47829076647758484,0.5188226699829102,-1.2236363887786865,-2.3239171504974365,0.7327335476875305,2.3702826499938965,-0.4818848669528961
0.4413745403289795,0.5452647805213928,-1.2118682861328125,-2.2956979274749756,0.7519493103027344,2.350809097290039,-0.5111353397369385
0.40700605511665344,0.573877215385437,-1.2031058073043823,-2.2665462493896484,0.7728060483932495,2.329625368118286,-0.5403857827186584
0.3750806450843811,0.6048243641853333,-1.1974120140075684,-2.2364444732666016,0.7954524159431458,2.3065524101257324,-0.569636344909668
0.34548333287239075,0.6383147835731506,-1.1948752403259277,-2.2053709030151367,0.8200728297233582,2.281374454498291,-0.5988867282867432
0.3180859088897705,0.6746172904968262,-1.1956126689910889,-2.1732993125915527,0.8469001650810242,2.2538259029388428,-0.6281372904777527
0.29275497794151306,0.7140775322914124,-1.1997950077056885,-2.1401987075805664,0.8762326240539551,2.2235753536224365,-0.6573877334594727
0.2693505585193634,0.7571518421173096,-1.2076703310012817,-2.106032371520996,0.9084612131118774,2.1901967525482178,-0.6866381168365479
0.24772755801677704,0.8044524192810059,-1.2195992469787598,-2.070756196975708,0.9441089034080505,2.1531295776367188,-0.7158886790275574
0.2277292162179947,0.8568269610404968,-1.2361114025115967,-2.034320831298828,0.9839004278182983,2.1116104125976562,-0.7451391220092773
0.20917920768260956,0.9155029654502869,-1.2580063343048096,-1.9966661930084229,1.0288848876953125,2.064547061920166,-0.7743896245956421
0.19186952710151672,0.9823692440986633,-1.286555290222168,-1.9577232599258423,1.0806779861450195,2.0102717876434326,-0.8036400675773621
0.16531114280223846,0.9154085516929626,-1.2315928936004639,-1.9537779092788696,1.0127136707305908,2.0628480911254883,-0.774141788482666
0.13618452847003937,0.8580802083015442,-1.1780729293823242,-1.949379801750183,0.9493250250816345,2.106827735900879,-0.7446435689926147
0.10451054573059082,0.8081934452056885,-1.1249114274978638,-1.9445149898529053,0.8891704678535461,2.1441969871520996,-0.7151452898979187
0.07026473432779312,0.7643429636955261,-1.0713791847229004,-1.939168930053711,0.8314002156257629,2.176250457763672,-0.6856470108032227
0.03339929133653641,0.7255698442459106,-1.0169426202774048,-1.933327555656433,0.7754355072975159,2.2038912773132324,-0.6561487913131714
-0.006137948017567396,0.6911977529525757,-0.9611968398094177,-1.9269757270812988,0.7208605408668518,2.227776050567627,-0.6266505122184753
-0.04839026927947998,0.6607372760772705,-0.9038283824920654,-1.9200992584228516,0.6673620343208313,2.248398780822754,-0.5971522331237793
-0.09338118135929108,0.6338339447975159,-0.8446009159088135,-1.9126825332641602,0.6146987676620483,2.26613712310791,-0.567654013633728
-0.14110147953033447,0.6102290153503418,-0.7833478450775146,-1.9047104120254517,0.5626767873764038,2.2812862396240234,-0.538155734539032
-0.19150416553020477,0.589735746383667,-0.7199674248695374,-1.8961671590805054,0.5111343264579773,2.2940800189971924,-0.5086575150489807
-0.2444862574338913,0.5722237229347229,-0.654432475566864,-1.8870365619659424,0.45993539690971375,2.3047003746032715,-0.47915923595428467
-0.29988956451416016,0.5576054453849792,-0.5867845416069031,-1.8773024082183838,0.4089609980583191,2.313293218612671,-0.449660986661911
-0.3574891984462738,0.5458253026008606,-0.5171397924423218,-1.8669480085372925,0.3581025004386902,2.31997013092041,-0.42016273736953735
-0.4169948399066925,0.536851704120636,-0.44568583369255066,-1.8559558391571045,0.3072596788406372,2.3248164653778076,-0.3906644582748413
-0.47805255651474,0.5306724309921265,-0.372677206993103,-1.8443078994750977,0.2563377618789673,2.3278934955596924,-0.36116620898246765
-0.5402558445930481,0.5272852778434753,-0.2984200417995453,-1.8319857120513916,0.2052418738603592,2.3292410373687744,-0.331667959690094
-0.603158712387085,0.5266985893249512,-0.22325900197029114,-1.8189703226089478,0.15387693047523499,2.3288795948028564,-0.30216971039772034
-0.6662930846214294,0.5289252400398254,-0.14755591750144958,-1.8052409887313843,0.10214291512966156,2.326810359954834,-0.2726714313030243
-0.7291886806488037,0.5339846611022949,-0.07166864722967148,-1.7907768487930298,0.04993436858057976,2.3230137825012207,-0.24317319691181183
-0.7913981676101685,0.5419033169746399,0.0040776701644063,-1.7755553722381592,-0.0028654448688030243,2.317452907562256,-0.21367491781711578
-0.8525097370147705,0.5527170300483704,0.07940585166215897,-1.7595524787902832,-0.05638513341546059,2.310068368911743,-0.18417669832706451
-0.9121657609939575,0.5664750933647156,0.1541098654270172,-1.7427430152893066,-0.1107727587223053,2.300776958465576,-0.15467841923236847
-0.9700695276260376,0.5832486152648926,0.2280661165714264,-1.7250995635986328,-0.16619782149791718,2.289469003677368,-0.125180184841156
-1.0259913206100464,0.6031368970870972,0.3012463450431824,-1.7065925598144531,-0.2228616625070572,2.2760026454925537,-0.09568190574645996
-1.0797655582427979,0.6262795329093933,0.37372398376464844,-1.6871896982192993,-0.281004935503006,2.2601964473724365,-0.0661836788058281
-1.1312854290008545,0.652869701385498,0.44568103551864624,-1.6668555736541748,-0.34092265367507935,2.2418212890625,-0.03668539598584175
-1.0631563663482666,0.6050135493278503,0.3738580346107483,-1.722691535949707,-0.2761785089969635,2.2755446434020996,-0.06429090350866318
-0.9894693493843079,0.5620400309562683,0.3011646270751953,-1.7752065658569336,-0.21460986137390137,2.3051347732543945,-0.0918964073061943
-0.9095857739448547,0.5235252976417542,0.22615781426429749,-1.8247020244598389,-0.1553257405757904,2.3310811519622803,-0.11950190365314484
-0.8228585720062256,0.48923981189727783,0.1475999355316162,-1.8714104890823364,-0.09765774756669998,2.353740692138672,-0.14710740745067596
-0.7286983728408813,0.4591052234172821,0.06445404142141342,-1.915513515472412,-0.04108870401978493,2.3733713626861572,-0.1747129261493683
-0.6266738772392273,0.433167040348053,-0.024060232564806938,-1.957153081893921,0.014792238362133503,2.39015531539917,-0.20231841504573822
-0.5166440606117249,0.41157668828964233,-0.11836407333612442,-1.9964390993118286,0.07032163441181183,2.4042162895202637,-0.22992391884326935
-0.3989216983318329,0.3945615589618683,-0.21837712824344635,-2.0334556102752686,0.12577809393405914,2.4156241416931152,-0.25752943754196167
-0.27442046999931335,0.3823952376842499,-0.3233845829963684,-2.0682666301727295,0.18140114843845367,2.4244027137756348,-0.2851349413394928
-0.14473824203014374,0.3753598928451538,-0.43196672201156616,-2.100918769836426,0.23739665746688843,2.4305319786071777,-0.3127404451370239
-0.012096505612134933,0.37370696663856506,-0.5420672297477722,-2.1314444541931152,0.2939503490924835,2.4339447021484375,-0.34034594893455505
0.12088286131620407,0.3776244819164276,-0.6512238383293152,-2.159865379333496,0.35123056173324585,2.434525489807129,-0.3679514229297638
0.2515263259410858,0.3872336149215698,-0.7569249272346497,-2.186192512512207,0.4093981385231018,2.432102680206299,-0.3955569565296173
0.3774719834327698,0.40260112285614014,-0.8569812774658203,-2.210430383682251,0.4686097502708435,2.426440477371216,-0.42316246032714844
0.49694839119911194,0.423790842294693,-0.9498049020767212,-2.232576608657837,0.5290297865867615,2.4172203540802,-0.45076796412467957
0.6088621616363525,0.45092305541038513,-1.0345145463943481,-2.2526254653930664,0.5908390879631042,2.4040229320526123,-0.4783734679222107
0.5927227139472961,0.4441358745098114,-1.0174877643585205,-2.2491917610168457,0.5772390961647034,2.4075369834899902,-0.494710773229599
0.5761687755584717,0.43756553530693054,-1.0000609159469604,-2.2457211017608643,0.5636535286903381,2.410886287689209,-0.5110480785369873
0.5591983795166016,0.4312104284763336,-0.9822304844856262,-2.242213249206543,0.5500794053077698,2.414074182510376,-0.5273853540420532
0.5418065190315247,0.42507046461105347,-0.9639895558357239,-2.2386677265167236,0.5365164875984192,2.4171037673950195,-0.5437226295471191
0.5239889025688171,0.419144868850708,-0.9453325271606445,-2.235084056854248,0.5229629278182983,2.4199790954589844,-0.5600599646568298
0.5057432651519775,0.4134339392185211,-0.9262561798095703,-2.231462240219116,0.5094171166419983,2.4227030277252197,-0.5763972401618958
0.4870656430721283,0.4079369604587555,-0.9067548513412476,-2.22780179977417,0.49587753415107727,2.425278902053833,-0.5927345156669617
0.46795737743377686,0.402655690908432,-0.8868282437324524,-2.224102020263672,0.4823434352874756,2.427708864212036,-0.6090717911720276
0.44841641187667847,0.39759039878845215,-0.8664731979370117,-2.220362901687622,0.4688132405281067,2.4299960136413574,-0.6254091262817383
0.428444504737854,0.3927421569824219,-0.8456904292106628,-2.216583728790283,0.4552857279777527,2.4321422576904297,-0.6417464017868042
0.4080459773540497,0.3881112039089203,-0.8244804739952087,-2.2127647399902344,0.44176000356674194,2.434150218963623,-0.6580836772918701
0.3872208297252655,0.3837006986141205,-0.802844226360321,-2.208904981613159,0.42823439836502075,2.4360222816467285,-0.6744210124015808
0.36597639322280884,0.3795110583305359,-0.7807891964912415,-2.2050044536590576,0.41470807790756226,2.4377598762512207,-0.6907582879066467
0.34431907534599304,0.3755445182323456,-0.7583186626434326,-2.2010626792907715,0.40117961168289185,2.4393651485443115,-0.7070955634117126
0.3222571909427643,0.3718023896217346,-0.7354397177696228,-2.1970791816711426,0.3876480758190155,2.4408397674560547,-0.7234328985214233
0.29979899525642395,0.3682878017425537,-0.7121595144271851,-2.1930534839630127,0.37411242723464966,2.442185640335083,-0.7397701740264893
0.2769586443901062,0.3650011718273163,-0.6884905695915222,-2.188985824584961,0.3605709969997406,2.443403720855713,-0.7561074495315552
0.25374776124954224,0.361946702003479,-0.6644434928894043,-2.184875011444092,0.3470236361026764,2.44449520111084,-0.7724447846412659
0.2301810085773468,0.35912442207336426,-0.6400313973426819,-2.1807215213775635,0.33346784114837646,2.445462703704834,-0.7887820601463318
0.20627661049365997,0.3565380275249481,-0.6152713894844055,-2.1765246391296387,0.31990355253219604,2.446305990219116,-0.8051193356513977
0.1820542961359024,0.3541896939277649,-0.5901816487312317,-2.172283172607422,0.30632999539375305,2.447026014328003,-0.8214566707611084
0.15753217041492462,0.3520803451538086,-0.5647789835929871,-2.1679983139038086,0.2927444875240326,2.447624444961548,-0.8377938866615295
0.13273414969444275,0.35021302103996277,-0.5390859842300415,-2.163668155670166,0.27914753556251526,2.44810152053833,-0.8541312217712402
0.10768429934978485,0.3485887348651886,-0.5131253004074097,-2.1592936515808105,0.2655368447303772,2.448457717895508,-0.8704684972763062
0.08240631967782974,0.3472110629081726,-0.48691922426223755,-2.1548736095428467,0.2519122362136841,2.4486947059631348,-0.8868058323860168
0.05692819505929947,0.3460801839828491,-0.4604944586753845,-2.1504077911376953,0.23827175796031952,2.4488120079040527,-0.9031431674957275
0.031276874244213104,0.345198392868042,-0.43387630581855774,-2.1458959579467773,0.22461390495300293,2.448810577392578,-0.9194804430007935
0.005483894143253565,0.34456655383110046,-0.40709513425827026,-2.1413378715515137,0.21093910932540894,2.4486896991729736,-0.9358177185058594
-0.020424343645572662,0.3441866338253021,-0.38017570972442627,-2.136732578277588,0.1972445696592331,2.448451042175293,-0.9521549940109253
-0.04641525447368622,0.3440585434436798,-0.3531489670276642,-2.132080078125,0.18352942168712616,2.448094129562378,-0.9684922695159912
-0.07245872914791107,0.34418395161628723,-0.32604384422302246,-2.12738037109375,0.1697923243045807,2.4476184844970703,-0.9848295450210571
-0.09852196276187897,0.3445628583431244,-0.2988913953304291,-2.1226322650909424,0.1560327261686325,2.447024345397949,-1.001166820526123
-0.12457521259784698,0.3451964855194092,-0.27171972393989563,-2.117835521697998,0.1422484815120697,2.4463114738464355,-1.0175042152404785
-0.15058818459510803,0.34608352184295654,-0.2445577085018158,-2.112990379333496,0.12843835353851318,2.44547963142395,-1.0338414907455444
-0.176529660820961,0.3472248911857605,-0.21743476390838623,-2.108096122741699,0.11460072547197342,2.444528579711914,-1.0501786470413208
-0.20236916840076447,0.3486206829547882,-0.19037966430187225,-2.103151798248291,0.1007346510887146,2.443458080291748,-1.0665160417556763
-0.22807902097702026,0.35026949644088745,-0.16341853141784668,-2.0981578826904297,0.08683844655752182,2.4422669410705566,-1.0828533172607422
-0.25363123416900635,0.35217052698135376,-0.13657748699188232,-2.093113422393799,0.07291058450937271,2.4409546852111816,-1.099190592765808
-0.27899837493896484,0.3543238937854767,-0.10988207906484604,-2.0880179405212402,0.058949463069438934,2.4395205974578857,-1.1155279874801636
-0.3041565716266632,0.3567280173301697,-0.08335438370704651,-2.082871437072754,0.04495319351553917,2.4379642009735107,-1.1318652629852295
-0.32908228039741516,0.35938194394111633,-0.05701601132750511,-2.0776729583740234,0.030920375138521194,2.436284065246582,-1.1482025384902954
-0.35375308990478516,0.362284392118454,-0.030887514352798462,-2.072422504425049,0.01684861071407795,2.434478759765625,-1.1645398139953613
-0.37814441323280334,0.3654342591762543,-0.004991437774151564,-2.067119598388672,0.0027393740601837635,2.4325480461120605,-1.1808770895004272
-0.4022477865219116,0.36883029341697693,0.02066633850336075,-2.0617637634277344,-0.011414846405386925,2.4304897785186768,-1.1972143650054932
-0.4260413348674774,0.3724707067012787,0.04606536403298378,-2.056354522705078,-0.025613931939005852,2.4283030033111572,-1.213551640510559
-0.4495094120502472,0.3763539493083954,0.07119245082139969,-2.050891399383545,-0.03985878452658653,2.4259860515594482,-1.2298890352249146
-0.4726398289203644,0.38047972321510315,0.09603796899318695,-2.0453739166259766,-0.05415197089314461,2.423536777496338,-1.2462263107299805
-0.49542146921157837,0.38484591245651245,0.12059304118156433,-2.039801597595215,-0.06849635392427444,2.4209542274475098,-1.2625635862350464
-0.517844021320343,0.3894525170326233,0.1448497474193573,-2.0341739654541016,-0.08289328962564468,2.418236255645752,-1.2789008617401123
-0.5399000644683838,0.3942967653274536,0.1688038557767868,-2.0284905433654785,-0.09734586626291275,2.4153800010681152,-1.2952382564544678
-0.5615842938423157,0.39937862753868103,0.19245180487632751,-2.0227510929107666,-0.11185718327760696,2.412384033203125,-1.3115755319595337
-0.5828897953033447,0.4046980142593384,0.21578973531723022,-2.0169548988342285,-0.12642863392829895,2.4092462062835693,-1.3279128074645996
-0.6038155555725098,0.41025295853614807,0.2388196736574173,-2.011101722717285,-0.14106395840644836,2.405963182449341,-1.3442500829696655
-0.6243571043014526,0.4160435199737549,0.26154011487960815,-2.00519061088562,-0.15576568245887756,2.4025325775146484,-1.3605873584747314
-0.6445150375366211,0.4220699667930603,0.28395459055900574,-1.9992213249206543,-0.1705365628004074,2.398951530456543,-1.376924753189087
-0.6642904281616211,0.42833220958709717,0.3060678243637085,-1.993193507194519,-0.1853811889886856,2.3952174186706543,-1.3932619094848633
-0.6836826801300049,0.43483060598373413,0.32788246870040894,-1.9871060848236084,-0.20030160248279572,2.391326427459717,-1.4095993041992188
-0.702695906162262,0.44156569242477417,0.34940606355667114,-1.9809589385986328,-0.2153022736310959,2.3872756958007812,-1.4259364604949951
-0.7213330268859863,0.4485378861427307,0.3706454336643219,-1.974751591682434,-0.23038636147975922,2.3830604553222656,-1.442273736000061
-0.7395951747894287,0.4557504653930664,0.39160579442977905,-1.9684829711914062,-0.24555793404579163,2.3786780834198,-1.4586111307144165
-0.7574912309646606,0.46320268511772156,0.41229990124702454,-1.9621530771255493,-0.26082172989845276,2.3741235733032227,-1.4749482870101929
-0.7750229239463806,0.47089725732803345,0.4327338933944702,-1.9557610750198364,-0.2761816680431366,2.3693928718566895,-1.4912856817245483
-0.7921973466873169,0.4788375496864319,0.45291954278945923,-1.9493063688278198,-0.29164236783981323,2.364481210708618,-1.5076229572296143
-0.8090202808380127,0.487025648355484,0.47286733984947205,-1.9427884817123413,-0.3072091042995453,2.3593838214874268,-1.5239602327346802
-0.8254978060722351,0.4954649806022644,0.4925885796546936,-1.936206579208374,-0.32288721203804016,2.354095220565796,-1.540297508239746
-0.8416376113891602,0.5041592717170715,0.5120963454246521,-1.9295598268508911,-0.33868223428726196,2.348609447479248,-1.5566349029541016
-0.8574450612068176,0.5131133794784546,0.5314016342163086,-1.922848105430603,-0.35460031032562256,2.342921257019043,-1.572972059249878
-0.8729278445243835,0.5223316550254822,0.5505179166793823,-1.9160704612731934,-0.37064695358276367,2.337023973464966,-1.5893094539642334
-0.8880942463874817,0.5318190455436707,0.5694602727890015,-1.9092262983322144,-0.3868297338485718,2.3309102058410645,-1.6056467294692993
-0.9029502272605896,0.5415829420089722,0.5882416367530823,-1.902314305305481,-0.4031561017036438,2.324573278427124,-1.6219838857650757
-0.9175037741661072,0.5516286492347717,0.6068770289421082,-1.8953347206115723,-0.41963252425193787,2.318004846572876,-1.6383213996887207
-0.9317616820335388,0.561964213848114,0.62538081407547,-1.8882858753204346,-0.4362681806087494,2.311197280883789,-1.6546586751937866
-0.9457315802574158,0.5725978016853333,0.643769383430481,-1.8811678886413574,-0.4530714750289917,2.304141044616699,-1.6709959506988525
-0.9594211578369141,0.5835383534431458,0.6620590090751648,-1.8739793300628662,-0.47005271911621094,2.2968270778656006,-1.6873332262039185
-0.972835898399353,0.594795823097229,0.680264949798584,-1.8667196035385132,-0.487220823764801,2.2892448902130127,-1.7036705017089844
-0.985985279083252,0.6063805818557739,0.6984069347381592,-1.859387993812561,-0.5045881271362305,2.2813827991485596,-1.7200077772140503
-0.9988737106323242,0.6183054447174072,0.7165003418922424,-1.8519835472106934,-0.5221652388572693,2.2732295989990234,-1.7363450527191162
-1.0115094184875488,0.6305826902389526,0.7345654368400574,-1.8445051908493042,-0.5399656891822815,2.2647721767425537,-1.7526824474334717
-1.0238990783691406,0.6432271599769592,0.7526223659515381,-1.8369519710540771,-0.5580035448074341,2.255995750427246,-1.769019603729248
-1.0360485315322876,0.6562546491622925,0.770690381526947,-1.8293235301971436,-0.5762945413589478,2.2468862533569336,-1.7853569984436035
-1.047964334487915,0.6696828007698059,0.7887921333312988,-1.8216181993484497,-0.5948545336723328,2.2374260425567627,-1.8016942739486694
-1.0596508979797363,0.6835300326347351,0.8069481253623962,-1.8138355016708374,-0.6137011647224426,2.2275986671447754,-1.8180315494537354
-1.0711158514022827,0.6978184580802917,0.8251854181289673,-1.805973768234253,-0.6328554749488831,2.2173824310302734,-1.8343688249588013
-1.082363486289978,0.7125706672668457,0.8435278534889221,-1.7980328798294067,-0.6523392796516418,2.206757068634033,-1.8507062196731567
-1.093398928642273,0.7278141975402832,0.862003743648529,-1.790010690689087,-0.672177255153656,2.1956980228424072,-1.867043375968933
-1.10422682762146,0.74357670545578,0.8806422352790833,-1.7819068431854248,-0.6923954486846924,2.1841788291931152,-1.883380651473999
-1.1148524284362793,0.7598912119865417,0.8994765281677246,-1.7737199068069458,-0.7130251526832581,2.1721701622009277,-1.8997180461883545
-1.1252788305282593,0.7767946124076843,0.9185412526130676,-1.7654480934143066,-0.7341006398200989,2.1596388816833496,-1.9160552024841309
-1.1355106830596924,0.7943260669708252,0.9378753900527954,-1.7570914030075073,-0.7556580901145935,2.1465492248535156,-1.9323925971984863
-1.1455504894256592,0.8125348687171936,0.9575223326683044,-1.7486474514007568,-0.7777435779571533,2.1328585147857666,-1.9487298727035522
-1.1554007530212402,0.8314732909202576,0.977529764175415,-1.740114688873291,-0.8004050254821777,2.1185190677642822,-1.9650671482086182
-1.1650639772415161,0.8512004017829895,0.9979515075683594,-1.7314927577972412,-0.8236990571022034,2.10347843170166,-1.9814045429229736
-1.1745414733886719,0.8717893958091736,1.018850326538086,-1.7227795124053955,-0.8476923704147339,2.0876734256744385,-1.9977418184280396
-1.1838335990905762,0.8933212161064148,1.040297269821167,-1.7139731645584106,-0.872462272644043,2.071031093597412,-2.0140790939331055
-1.1929395198822021,0.9158926010131836,1.0623741149902344,-1.7050729990005493,-0.898098886013031,2.0534679889678955,-2.030416488647461
-1.201859474182129,0.9396204352378845,1.0851821899414062,-1.69607675075531,-0.9247130751609802,2.0348801612854004,-2.0467536449432373
-1.210587978363037,0.9646448493003845,1.1088371276855469,-1.686982274055481,-0.952436625957489,2.015146493911743,-2.0630910396575928
-1.2191219329833984,0.9911386966705322,1.1334855556488037,-1.6777887344360352,-0.9814340472221375,1.9941155910491943,-2.079428195953369
-1.227452278137207,1.0193171501159668,1.1593064069747925,-1.668493628501892,-1.0119106769561768,1.9716002941131592,-2.0957655906677246
-1.235573649406433,1.0494580268859863,1.1865352392196655,-1.659095048904419,-1.0441310405731201,1.947359323501587,-2.11210298538208
-1.2434600591659546,1.0819294452667236,1.2154706716537476,-1.6495914459228516,-1.0784493684768677,1.921073317527771,-2.1284401416778564
