-1.279680848121643,1.2855072021484375,1.2519259452819824,-1.1893634796142578,-1.1820802688598633,1.7461332082748413,-2.5272886753082275
-1.2883049249649048,1.270233392715454,1.2366970777511597,-1.2061736583709717,-1.1644418239593506,1.7589585781097412,-2.505577564239502
-1.2969484329223633,1.2561213970184326,1.223404884338379,-1.2225558757781982,-1.148819923400879,1.7708076238632202,-2.4838664531707764
-1.3056180477142334,1.2430026531219482,1.2117483615875244,-1.2385351657867432,-1.1348986625671387,1.781822681427002,-2.4621551036834717
-1.3143179416656494,1.230738639831543,1.2014834880828857,-1.2541379928588867,-1.1224231719970703,1.7921212911605835,-2.440443992614746
-1.3230533599853516,1.2192327976226807,1.192433476448059,-1.2693829536437988,-1.1112087965011597,1.8017842769622803,-2.4187328815460205
-1.3318254947662354,1.2083985805511475,1.1844441890716553,-1.2842903137207031,-1.1010949611663818,1.8108848333358765,-2.397021770477295
-1.340637445449829,1.1981697082519531,1.1773948669433594,-1.2988767623901367,-1.0919557809829712,1.81947922706604,-2.3753106594085693
-1.3494912385940552,1.188488483428955,1.1711822748184204,-1.3131592273712158,-1.0836840867996216,1.8276160955429077,-2.3535993099212646
-1.3583885431289673,1.1793079376220703,1.1657212972640991,-1.3271512985229492,-1.0761899948120117,1.8353354930877686,-2.331888198852539
-1.3673300743103027,1.170589566230774,1.160940408706665,-1.3408665657043457,-1.0694007873535156,1.8426694869995117,-2.3101770877838135
-1.3763176202774048,1.1622998714447021,1.1567790508270264,-1.3543167114257812,-1.0632530450820923,1.8496469259262085,-2.288465976715088
-1.385351538658142,1.154409408569336,1.1531823873519897,-1.3675124645233154,-1.0576903820037842,1.8562928438186646,-2.266754627227783
-1.3944321870803833,1.146891713142395,1.1501034498214722,-1.3804645538330078,-1.052664041519165,1.8626292943954468,-2.2450435161590576
-1.4035606384277344,1.1397252082824707,1.1475019454956055,-1.3931827545166016,-1.0481332540512085,1.8686747550964355,-2.223332405090332
-1.4127373695373535,1.1328914165496826,1.1453431844711304,-1.405674934387207,-1.0440609455108643,1.8744451999664307,-2.2016212940216064
-1.4219615459442139,1.1263716220855713,1.1435929536819458,-1.4179496765136719,-1.0404133796691895,1.8799563646316528,-2.179910182952881
-1.43123459815979,1.1201518774032593,1.1422252655029297,-1.4300150871276855,-1.0371638536453247,1.8852201700210571,-2.1581990718841553
-1.440556526184082,1.114218831062317,1.1412146091461182,-1.4418776035308838,-1.0342862606048584,1.8902477025985718,-2.1364877223968506
-1.4499268531799316,1.1085606813430786,1.1405384540557861,-1.4535436630249023,-1.0317575931549072,1.8950493335723877,-2.114776611328125
-1.4593453407287598,1.1031652688980103,1.1401745080947876,-1.465019702911377,-1.0295555591583252,1.8996355533599854,-2.0930655002593994
-1.4688122272491455,1.0980253219604492,1.1401067972183228,-1.4763109683990479,-1.0276644229888916,1.9040122032165527,-2.071354389190674
-1.478326678276062,1.0931299924850464,1.1403160095214844,-1.4874234199523926,-1.0260649919509888,1.908189296722412,-2.0496432781219482
-1.4878904819488525,1.0884743928909302,1.1407911777496338,-1.4983620643615723,-1.0247461795806885,1.9121699333190918,-2.0279319286346436
-1.4975007772445679,1.084049940109253,1.1415146589279175,-1.5091309547424316,-1.0236907005310059,1.9159624576568604,-2.006220817565918
-1.5071580410003662,1.0798499584197998,1.1424739360809326,-1.5197350978851318,-1.022886872291565,1.919571876525879,-1.9845097064971924
-1.5168626308441162,1.0758705139160156,1.1436591148376465,-1.5301790237426758,-1.0223246812820435,1.9230022430419922,-1.9627985954284668
-1.5266131162643433,1.072105884552002,1.1450583934783936,-1.5404655933380127,-1.0219929218292236,1.9262583255767822,-1.941087245941162
-1.5364091396331787,1.0685510635375977,1.1466612815856934,-1.5505993366241455,-1.0218818187713623,1.9293437004089355,-1.9193761348724365
-1.5462504625320435,1.065202236175537,1.1484586000442505,-1.560584306716919,-1.0219831466674805,1.9322627782821655,-1.897665023803711
-1.5561373233795166,1.0620577335357666,1.150444507598877,-1.5704224109649658,-1.022290825843811,1.9350156784057617,-1.8759539127349854
-1.566066861152649,1.059112548828125,1.1526074409484863,-1.5801177024841309,-1.0227950811386108,1.937608242034912,-1.8542426824569702
-1.5760393142700195,1.0563641786575317,1.1549413204193115,-1.5896728038787842,-1.0234901905059814,1.9400417804718018,-1.8325315713882446
-1.5860546827316284,1.0538105964660645,1.1574398279190063,-1.5990910530090332,-1.0243701934814453,1.9423179626464844,-1.8108203411102295
-1.5961118936538696,1.051450490951538,1.1600967645645142,-1.6083743572235107,-1.0254305601119995,1.9444383382797241,-1.789109230041504
-1.6062097549438477,1.0492805242538452,1.1629054546356201,-1.6175258159637451,-1.026665449142456,1.9464049339294434,-1.7673979997634888
-1.616347312927246,1.0473008155822754,1.1658604145050049,-1.6265475749969482,-1.0280706882476807,1.948218822479248,-1.7456868886947632
-1.6076809167861938,1.0199006795883179,1.138828158378601,-1.633554220199585,-0.9970746636390686,1.9701735973358154,-1.7298252582550049
-1.5987999439239502,0.9942191243171692,1.1129629611968994,-1.6404752731323242,-0.9675710797309875,1.990622639656067,-1.713963508605957
-1.5897083282470703,0.9700331091880798,1.0880744457244873,-1.6473122835159302,-0.9393479824066162,2.0097599029541016,-1.6981018781661987
-1.580409049987793,0.9471634030342102,1.064010739326477,-1.6540659666061401,-0.9122334718704224,2.027742862701416,-1.6822401285171509
-1.5709080696105957,0.9254677295684814,1.0406533479690552,-1.6607377529144287,-0.8860923051834106,2.0446953773498535,-1.6663784980773926
-1.5612082481384277,0.9048280119895935,1.0179035663604736,-1.6673282384872437,-0.8608148097991943,2.060720920562744,-1.6505167484283447
-1.5513098239898682,0.8851456642150879,0.9956767559051514,-1.6738381385803223,-0.8363065123558044,2.075906753540039,-1.6346551179885864
-1.5412136316299438,0.8663371205329895,0.973901629447937,-1.6802691221237183,-0.812489926815033,2.0903260707855225,-1.6187934875488281
-1.5309207439422607,0.848331868648529,0.9525184035301208,-1.6866214275360107,-0.7892991304397583,2.104041337966919,-1.6029317378997803
-1.5204280614852905,0.8310688734054565,0.9314720630645752,-1.6928958892822266,-0.7666758298873901,2.117107629776001,-1.587070107460022
-1.5097362995147705,0.8144943118095398,0.9107171893119812,-1.6990935802459717,-0.7445712685585022,2.1295716762542725,-1.5712083578109741
-1.498841404914856,0.7985613942146301,0.8902098536491394,-1.7052150964736938,-0.7229405641555786,2.141476631164551,-1.5553467273712158
-1.4877434968948364,0.7832305431365967,0.8699154853820801,-1.7112616300582886,-0.7017483115196228,2.152858257293701,-1.5394850969314575
-1.4764397144317627,0.7684647440910339,0.8497999310493469,-1.7172333002090454,-0.6809589862823486,2.1637492179870605,-1.5236233472824097
-1.4649275541305542,0.7542317509651184,0.829832911491394,-1.7231314182281494,-0.660542368888855,2.1741793155670166,-1.5077617168426514
-1.4532036781311035,0.7405036091804504,0.8099862933158875,-1.7289559841156006,-0.6404721140861511,2.1841750144958496,-1.4918999671936035
-1.441266655921936,0.7272547483444214,0.7902364730834961,-1.7347080707550049,-0.6207248568534851,2.193758964538574,-1.4760383367538452
-1.4291127920150757,0.7144607901573181,0.7705591320991516,-1.7403885126113892,-0.6012777090072632,2.2029542922973633,-1.4601765871047974
-1.4167381525039673,0.7021021246910095,0.7509320974349976,-1.7459975481033325,-0.5821101665496826,2.211780309677124,-1.444314956665039
-1.4041428565979004,0.690159261226654,0.7313389182090759,-1.7515363693237305,-0.5632056593894958,2.2202534675598145,-1.4284532070159912
-1.3913205862045288,0.6786160469055176,0.7117578983306885,-1.757004737854004,-0.5445473790168762,2.2283918857574463,-1.412591576576233
-1.3782706260681152,0.6674562692642212,0.6921743154525757,-1.7624038457870483,-0.5261198282241821,2.2362091541290283,-1.3967299461364746
-1.3649884462356567,0.6566662788391113,0.6725705862045288,-1.7677342891693115,-0.5079098343849182,2.243720769882202,-1.3808681964874268
-1.351473331451416,0.646233320236206,0.6529338955879211,-1.772996425628662,-0.4899039566516876,2.2509374618530273,-1.3650065660476685
-1.3377201557159424,0.6361463069915771,0.6332484483718872,-1.7781907320022583,-0.4720908999443054,2.2578728199005127,-1.3491449356079102
-1.3237292766571045,0.6263940334320068,0.61350417137146,-1.7833176851272583,-0.45445990562438965,2.264535903930664,-1.3332831859588623
-1.3094961643218994,0.6169675588607788,0.593687117099762,-1.7883782386779785,-0.43700116872787476,2.2709383964538574,-1.317421555519104
-1.2950201034545898,0.6078571081161499,0.57378751039505,-1.7933725118637085,-0.4197043180465698,2.2770886421203613,-1.3015598058700562
-1.2802972793579102,0.5990563631057739,0.5537934303283691,-1.7983009815216064,-0.4025611877441406,2.2829959392547607,-1.2856981754302979
-1.2653288841247559,0.5905569791793823,0.5336979627609253,-1.8031643629074097,-0.3855639398097992,2.288667678833008,-1.26983642578125
-1.2501120567321777,0.582352876663208,0.5134912133216858,-1.8079630136489868,-0.36870479583740234,2.294111967086792,-1.2539747953414917
-1.2346453666687012,0.5744380354881287,0.4931648075580597,-1.8126972913742065,-0.35197582840919495,2.2993361949920654,-1.2381130456924438
-1.2189292907714844,0.5668074488639832,0.4727127254009247,-1.817367672920227,-0.33537134528160095,2.3043458461761475,-1.2222514152526855
-1.202962875366211,0.5594556927680969,0.45212796330451965,-1.821974754333496,-0.31888455152511597,2.3091485500335693,-1.2063897848129272
-1.1867479085922241,0.5523788332939148,0.4314063787460327,-1.8265190124511719,-0.302509605884552,2.313748598098755,-1.1905280351638794
-1.1702866554260254,0.5455738306045532,0.4105451703071594,-1.8310003280639648,-0.286243736743927,2.3181517124176025,-1.174666404724121
-1.153576135635376,0.5390352010726929,0.38953566551208496,-1.835419774055481,-0.2700766921043396,2.3223633766174316,-1.1588046550750732
-1.1366196870803833,0.5327606797218323,0.36837664246559143,-1.8397777080535889,-0.2540055215358734,2.326388120651245,-1.142943024635315
-1.119420051574707,0.5267481803894043,0.34706592559814453,-1.844074010848999,-0.2380255162715912,2.330230712890625,-1.127081274986267
-1.1019794940948486,0.5209946036338806,0.32560133934020996,-1.8483097553253174,-0.22213169932365417,2.333894968032837,-1.1112196445465088
-1.0843039751052856,0.5154979825019836,0.303984671831131,-1.8524848222732544,-0.20632126927375793,2.3373847007751465,-1.0953580141067505
-1.0663963556289673,0.5102561116218567,0.28221452236175537,-1.8565998077392578,-0.19058887660503387,2.340703010559082,-1.0794962644577026
-1.048262119293213,0.5052674412727356,0.2602926790714264,-1.8606551885604858,-0.17493098974227905,2.3438539505004883,-1.0636346340179443
-1.029906988143921,0.5005312561988831,0.23822110891342163,-1.864650845527649,-0.15934473276138306,2.3468403816223145,-1.0477728843688965
-1.0113379955291748,0.4960451126098633,0.21600298583507538,-1.868587851524353,-0.143824964761734,2.349665641784668,-1.0319112539291382
-0.9925611615180969,0.4918086528778076,0.1936410516500473,-1.8724660873413086,-0.12836943566799164,2.3523313999176025,-1.0160496234893799
-0.9735859632492065,0.4878213107585907,0.17114149034023285,-1.8762860298156738,-0.11297519505023956,2.354841709136963,-1.000187873840332
-0.9544211626052856,0.4840814471244812,0.14851005375385284,-1.8800480365753174,-0.09763854742050171,2.3571972846984863,-0.9843262434005737
-0.9350751638412476,0.48058921098709106,0.12575143575668335,-1.8837525844573975,-0.08235614746809006,2.3594017028808594,-0.9684645533561707
-0.9155586957931519,0.47734397649765015,0.1028737872838974,-1.8873997926712036,-0.06712546944618225,2.3614566326141357,-0.9526028633117676
-0.8958837985992432,0.474344402551651,0.07988625764846802,-1.890990138053894,-0.051944367587566376,2.363363027572632,-0.9367411732673645
-0.8760610818862915,0.47159191966056824,0.05679643526673317,-1.8945238590240479,-0.03680964931845665,2.365123987197876,-0.9208795428276062
-0.8561035394668579,0.46908432245254517,0.03361485153436661,-1.8980015516281128,-0.021718736737966537,2.3667399883270264,-0.9050178527832031
-0.8360243439674377,0.4668223261833191,0.01035166997462511,-1.9014232158660889,-0.0066688875667750835,2.3682124614715576,-0.8891561627388
-0.8158366680145264,0.46480515599250793,-0.012982314452528954,-1.9047894477844238,0.008341613225638866,2.3695433139801025,-0.873294472694397
-0.7955554127693176,0.4630333483219147,-0.03637470304965973,-1.9081002473831177,0.023315437138080597,2.3707332611083984,-0.8574327230453491
-0.7751944065093994,0.4615059196949005,-0.05981430411338806,-1.9113564491271973,0.0382552295923233,2.3717827796936035,-0.841571033000946
-0.7547694444656372,0.4602232575416565,-0.08328752964735031,-1.914557933807373,0.05316324159502983,2.372694253921509,-0.8257094025611877
-0.7342963814735413,0.45918503403663635,-0.10678112506866455,-1.9177050590515137,0.06804075837135315,2.373466730117798,-0.8098477125167847
-0.7137901782989502,0.45839017629623413,-0.13028226792812347,-1.9207985401153564,0.082890585064888,2.3741016387939453,-0.7939860224723816
-0.6932669878005981,0.4578395187854767,-0.15377716720104218,-1.9238381385803223,0.09771444648504257,2.374598741531372,-0.7781243324279785
-0.6727444529533386,0.4575323462486267,-0.17725034058094025,-1.9268245697021484,0.11251440644264221,2.374959945678711,-0.7622626423835754
-0.6522374153137207,0.45746853947639465,-0.2006891369819641,-1.9297579526901245,0.12729312479496002,2.3751840591430664,-0.7464010119438171
-0.6317621469497681,0.4576474726200104,-0.22407971322536469,-1.9326386451721191,0.14205197989940643,2.3752713203430176,-0.7305393218994141
-0.6113358736038208,0.4580690860748291,-0.24740661680698395,-1.935467004776001,0.15679238736629486,2.3752219676971436,-0.714677631855011
-0.590973973274231,0.4587324559688568,-0.270656943321228,-1.9382433891296387,0.1715170294046402,2.3750357627868652,-0.6988159418106079
-0.5706912875175476,0.45963725447654724,-0.293817937374115,-1.9409679174423218,0.1862289011478424,2.3747124671936035,-0.6829543113708496
-0.5505052208900452,0.46078404784202576,-0.3168739974498749,-1.9436408281326294,0.200927272439003,2.374251365661621,-0.6670926213264465
-0.5304303765296936,0.4621712267398834,-0.33981263637542725,-1.946263074874878,0.21561530232429504,2.373652935028076,-0.6512309312820435
-0.5104808211326599,0.4637989103794098,-0.36262238025665283,-1.9488343000411987,0.23029564321041107,2.372915267944336,-0.6353692412376404
-0.49067047238349915,0.4656665027141571,-0.38529080152511597,-1.951354742050171,0.2449692338705063,2.3720383644104004,-0.6195075511932373
-0.4710145592689514,0.4677738845348358,-0.4078049957752228,-1.9538251161575317,0.25963833928108215,2.371021032333374,-0.603645920753479
-0.4515242576599121,0.4701201021671295,-0.4301559329032898,-1.9562456607818604,0.27430465817451477,2.3698620796203613,-0.5877842307090759
-0.43221309781074524,0.47270554304122925,-0.4523318409919739,-1.9586164951324463,0.28897005319595337,2.368561029434204,-0.5719225406646729
-0.4130919575691223,0.4755290150642395,-0.4743242859840393,-1.9609379768371582,0.30363693833351135,2.367115020751953,-0.5560608506202698
-0.3941722810268402,0.47859087586402893,-0.4961237609386444,-1.9632104635238647,0.31830623745918274,2.3655242919921875,-0.5401992201805115
-0.3754645884037018,0.4818909168243408,-0.5177221894264221,-1.965434193611145,0.3329811692237854,2.363786220550537,-0.5243375301361084
-0.3569786846637726,0.48542872071266174,-0.5391114354133606,-1.9676098823547363,0.34766218066215515,2.3618998527526855,-0.5084757208824158
-0.3387221097946167,0.48920509219169617,-0.5602860450744629,-1.9697370529174805,0.3623531758785248,2.3598623275756836,-0.49261409044265747
-0.32070425152778625,0.49321961402893066,-0.5812392234802246,-1.9718165397644043,0.37705448269844055,2.3576722145080566,-0.4767524003982544
-0.3029307723045349,0.4974724054336548,-0.6019673943519592,-1.9738484621047974,0.391769140958786,2.3553266525268555,-0.4608907103538513
-0.2854093313217163,0.5019644498825073,-0.6224648952484131,-1.9758334159851074,0.4064995050430298,2.3528237342834473,-0.44502905011177063
-0.2681449353694916,0.5066962242126465,-0.6427294611930847,-1.9777711629867554,0.421247273683548,2.3501601219177246,-0.42916736006736755
-0.25114336609840393,0.5116684436798096,-0.6627573370933533,-1.979662537574768,0.43601492047309875,2.3473339080810547,-0.4133056700229645
-0.23440854251384735,0.5168825387954712,-0.682547390460968,-1.981507420539856,0.4508053660392761,2.344341278076172,-0.3974440395832062
-0.21794448792934418,0.5223391652107239,-0.7020976543426514,-1.9833064079284668,0.4656197726726532,2.341179370880127,-0.3815823495388031
-0.2017534375190735,0.5280405879020691,-0.7214086651802063,-1.9850597381591797,0.4804620146751404,2.3378446102142334,-0.3657206594944
-0.18583814799785614,0.5339885354042053,-0.7404801845550537,-1.986767292022705,0.49533405900001526,2.3343329429626465,-0.34985899925231934
-0.1702016294002533,0.540184497833252,-0.7593119740486145,-1.9884302616119385,0.5102391242980957,2.330641269683838,-0.33399730920791626
-0.14591826498508453,0.5130107402801514,-0.7624475359916687,-2.0270228385925293,0.49645140767097473,2.349661350250244,-0.3063777685165405
-0.11923172324895859,0.48712944984436035,-0.7684116363525391,-2.064441204071045,0.48408272862434387,2.367570638656616,-0.2787581980228424
-0.0899093970656395,0.4624823331832886,-0.7773038148880005,-2.1007442474365234,0.4730393588542938,2.384442090988159,-0.2511386573314667
-0.05769883096218109,0.4390299618244171,-0.7892599701881409,-2.1359810829162598,0.46324509382247925,2.4003376960754395,-0.22351910173892975
-0.02232886292040348,0.4167504608631134,-0.8044485449790955,-2.1701929569244385,0.4546411335468292,2.4153096675872803,-0.19589956104755402
0.016487684100866318,0.3956388533115387,-0.8230643272399902,-2.2034144401550293,0.4471789300441742,2.4294025897979736,-0.1682800054550171
0.059054069221019745,0.3757050335407257,-0.8453253507614136,-2.2356748580932617,0.4408226013183594,2.442652940750122,-0.14066046476364136
0.10567408800125122,0.3569735586643219,-0.8714631795883179,-2.2669968605041504,0.4355434775352478,2.455092430114746,-0.11304090917110443
0.156641885638237,0.33948516845703125,-0.9017006754875183,-2.2973992824554443,0.43132004141807556,2.4667470455169678,-0.0854213759303093
0.21222303807735443,0.32329344749450684,-0.9362390041351318,-2.3268957138061523,0.4281381070613861,2.4776384830474854,-0.05780180171132088
0.27263206243515015,0.30846545100212097,-0.9752325415611267,-2.3554959297180176,0.42598873376846313,2.487783432006836,-0.03018226847052574
0.3379814922809601,0.2950781285762787,-1.0187389850616455,-2.383206367492676,0.42486482858657837,2.497197151184082,-0.002562695648521185
0.40826621651649475,0.28321629762649536,-1.066701889038086,-2.4100289344787598,0.42476534843444824,2.505890130996704,0.025056837126612663
0.48329758644104004,0.27296677231788635,-1.1188815832138062,-2.4359631538391113,0.4256899654865265,2.5138707160949707,0.05267638713121414
0.5626838207244873,0.2644120752811432,-1.17484450340271,-2.4610042572021484,0.42764154076576233,2.521144151687622,0.08029592037200928
0.6457928419113159,0.25762248039245605,-1.2339180707931519,-2.4851455688476562,0.4306234121322632,2.5277152061462402,0.1079154908657074
0.7317637801170349,0.2526486814022064,-1.2952044010162354,-2.5083770751953125,0.4346395432949066,2.5335853099823,0.13553504645824432
0.81954026222229,0.24951456487178802,-1.3576149940490723,-2.530686140060425,0.43969422578811646,2.5387539863586426,0.16315455734729767
0.9079387187957764,0.24820873141288757,-1.4199384450912476,-2.552058219909668,0.44579046964645386,2.543220043182373,0.19077414274215698
0.9957325458526611,0.24868649244308472,-1.4809257984161377,-2.5724759101867676,0.45292872190475464,2.5469822883605957,0.2183936983346939
1.0817701816558838,0.2508687376976013,-1.5394086837768555,-2.5919198989868164,0.4611089825630188,2.5500357151031494,0.24601320922374725
1.1650415658950806,0.2546481788158417,-1.5943663120269775,-2.6103692054748535,0.47032633423805237,2.5523765087127686,0.2736327648162842
1.2447439432144165,0.2598959803581238,-1.6449919939041138,-2.6278014183044434,0.48057231307029724,2.5540003776550293,0.3012523651123047
1.3203084468841553,0.26647236943244934,-1.690721035003662,-2.644192934036255,0.4918350577354431,2.554901123046875,0.3288719058036804
1.3913836479187012,0.27423346042633057,-1.731214165687561,-2.6595187187194824,0.5040951371192932,2.5550737380981445,0.35649141669273376
1.4578133821487427,0.28303834795951843,-1.7663354873657227,-2.6737542152404785,0.5173282623291016,2.5545132160186768,0.3841109871864319
1.5195962190628052,0.29275551438331604,-1.796114444732666,-2.6868739128112793,0.5315026044845581,2.5532143115997314,0.4117305278778076
1.5768401622772217,0.30326586961746216,-1.8206987380981445,-2.698853015899658,0.5465817451477051,2.55117130279541,0.43935006856918335
1.6297297477722168,0.31446364521980286,-1.8403230905532837,-2.709667205810547,0.5625187754631042,2.5483806133270264,0.46696963906288147
1.580236554145813,0.34514328837394714,-1.7849009037017822,-2.6960606575012207,0.6126221418380737,2.5290465354919434,0.434841126203537
1.538120150566101,0.3789646327495575,-1.737752914428711,-2.682058811187744,0.6629942059516907,2.507145643234253,0.4027126133441925
1.502304196357727,0.41617757081985474,-1.6978774070739746,-2.6676714420318604,0.7137572765350342,2.4823410511016846,0.370584100484848
1.4718537330627441,0.45714330673217773,-1.6644333600997925,-2.652907371520996,0.765063464641571,2.454214096069336,0.33845558762550354
1.445968747138977,0.5023635625839233,-1.6367359161376953,-2.6377763748168945,0.8171082735061646,2.422234058380127,0.30632710456848145
1.423958420753479,0.552518367767334,-1.6142455339431763,-2.6222875118255615,0.8701475858688354,2.3857192993164062,0.27419859170913696
1.4052246809005737,0.6085326075553894,-1.5965646505355835,-2.606450080871582,0.9245198369026184,2.3437724113464355,0.2420700639486313
1.3892322778701782,0.6716864109039307,-1.5834366083145142,-2.590273141860962,0.9806957244873047,2.295178174972534,0.209941565990448
1.3754843473434448,0.7438137531280518,-1.5747666358947754,-2.5737662315368652,1.0393588542938232,2.2382187843322754,0.17781305313110352
1.3634757995605469,0.8276788592338562,-1.5706706047058105,-2.5569381713867188,1.1015616655349731,2.1703312397003174,0.14568455517292023
1.352618932723999,0.9277981519699097,-1.5716038942337036,-2.5397980213165283,1.1690834760665894,2.0873589515686035,0.11355604231357574
1.3420554399490356,1.0525896549224854,-1.5787227153778076,-2.5223546028137207,1.245383381843567,1.9816081523895264,0.08142753690481186
1.3299753665924072,1.2222758531570435,-1.59524667263031,-2.5046164989471436,1.33919358253479,1.8347201347351074,0.049299031496047974
1.303221583366394,1.1700538396835327,-1.5726462602615356,-2.4596827030181885,1.3085153102874756,1.8773661851882935,0.07665510475635529
1.2738755941390991,1.125577449798584,-1.547742486000061,-2.4139270782470703,1.2791128158569336,1.9128482341766357,0.104011170566082
1.2421420812606812,1.0875725746154785,-1.520764708518982,-2.367281436920166,1.2506465911865234,1.942426323890686,0.13136723637580872
1.208199143409729,1.055149793624878,-1.4919211864471436,-2.3196699619293213,1.222908616065979,1.9669947624206543,0.15872330963611603
1.1722310781478882,1.0276734828948975,-1.461422085762024,-2.2710070610046387,1.1957727670669556,1.9872078895568848,0.18607938289642334
1.1344032287597656,1.0046626329421997,-1.4294649362564087,-2.221195697784424,1.169161081314087,2.0035667419433594,0.21343545615673065
1.0948867797851562,0.9857625961303711,-1.396255612373352,-2.1701250076293945,1.1430368423461914,2.016448974609375,0.24079151451587677
1.0538530349731445,0.9707075357437134,-1.3620051145553589,-2.117669105529785,1.11738920211792,2.0261449813842773,0.2681475877761841
1.0114729404449463,0.9593032598495483,-1.3269319534301758,-2.063681125640869,1.092231035232544,2.032874822616577,0.2955036759376526
0.9679197669029236,0.9514234066009521,-1.291272759437561,-2.0079898834228516,1.0676047801971436,2.0367891788482666,0.3228597342967987
0.9233648777008057,0.9469928741455078,-1.2552779912948608,-1.9503936767578125,1.0435738563537598,2.0379891395568848,0.3502158224582672
0.877979576587677,0.9459991455078125,-1.2192281484603882,-1.8906508684158325,1.020242691040039,2.0365140438079834,0.37757188081741333
0.8769173622131348,0.9231994152069092,-1.2020666599273682,-1.8958759307861328,0.9979142546653748,2.054515838623047,0.3646142780780792
0.875677227973938,0.9015690088272095,-1.185410976409912,-1.9009455442428589,0.9763637781143188,2.0714797973632812,0.3516566753387451
0.8742608428001404,0.880993127822876,-1.1691868305206299,-1.9058616161346436,0.9555045366287231,2.0875072479248047,0.338699072599411
0.8726680278778076,0.8613776564598083,-1.1533317565917969,-1.9106247425079346,0.9352631568908691,2.1026816368103027,0.3257414698600769
0.8708966970443726,0.842640221118927,-1.1377900838851929,-1.9152350425720215,0.9155779480934143,2.1170763969421387,0.3127838671207428
0.8689453601837158,0.8247114419937134,-1.1225141286849976,-1.9196947813034058,0.8963962197303772,2.130753993988037,0.2998262643814087
0.8668116927146912,0.807531476020813,-1.1074631214141846,-1.9240036010742188,0.877672553062439,2.1437668800354004,0.286868691444397
0.8644923567771912,0.7910471558570862,-1.09259831905365,-1.928162693977356,0.8593664169311523,2.1561639308929443,0.2739110589027405
0.8619839549064636,0.7752121686935425,-1.0778863430023193,-1.9321726560592651,0.8414426445960999,2.1679859161376953,0.26095345616340637
0.8592826128005981,0.7599862813949585,-1.0632973909378052,-1.9360339641571045,0.8238705396652222,2.179269790649414,0.24799586832523346
0.856383204460144,0.745331346988678,-1.0488011837005615,-1.9397484064102173,0.8066211342811584,2.1900508403778076,0.23503826558589935
0.8532822728157043,0.731216549873352,-1.034374475479126,-1.9433151483535767,0.7896712422370911,2.2003562450408936,0.22208066284656525
0.8499746322631836,0.7176121473312378,-1.0199919939041138,-1.9467359781265259,0.7729968428611755,2.2102138996124268,0.20912306010723114
0.8464549779891968,0.704491913318634,-1.005631923675537,-1.9500105381011963,0.7565779685974121,2.2196478843688965,0.19616547226905823
0.8427172303199768,0.691832959651947,-0.9912723302841187,-1.9531397819519043,0.7403963208198547,2.2286806106567383,0.18320785462856293
0.8387587070465088,0.6796132326126099,-0.9768967032432556,-1.9561245441436768,0.7244367599487305,2.2373311519622803,0.17025026679039001
0.8345710039138794,0.6678138375282288,-0.9624836444854736,-1.9589645862579346,0.7086813449859619,2.2456188201904297,0.1572926640510559
0.8301516175270081,0.656417965888977,-0.9480190277099609,-1.961660623550415,0.6931179165840149,2.25355863571167,0.1443350464105606
0.8254919052124023,0.6454089879989624,-0.933483362197876,-1.9642133712768555,0.6777318716049194,2.2611682415008545,0.1313774585723877
0.8205897212028503,0.6347727179527283,-0.9188644289970398,-1.9666228294372559,0.6625127792358398,2.2684595584869385,0.11841986328363419
0.8154363036155701,0.6244959235191345,-0.904144287109375,-1.9688899517059326,0.6474480032920837,2.2754476070404053,0.10546224564313889
0.810028076171875,0.6145668029785156,-0.8893111944198608,-1.971014380455017,0.632527768611908,2.2821431159973145,0.09250465035438538
0.8043593168258667,0.6049750447273254,-0.8743511438369751,-1.9729969501495361,0.6177432537078857,2.288557767868042,0.07954705506563187
0.7984248995780945,0.5957100987434387,-0.859251856803894,-1.9748380184173584,0.6030833125114441,2.2947018146514893,0.06658943742513657
0.7922196984291077,0.5867636203765869,-0.8440014719963074,-1.9765372276306152,0.5885418653488159,2.300584554672241,0.05363186448812485
0.7857383489608765,0.5781266689300537,-0.8285880088806152,-1.978095531463623,0.5741091966629028,2.306215524673462,0.04067424684762955
0.7789787650108337,0.5697929859161377,-0.8130037188529968,-1.979512333869934,0.5597792267799377,2.311600923538208,0.027716631069779396
0.7719327807426453,0.5617551803588867,-0.7972344756126404,-1.980789065361023,0.5455431938171387,2.316751480102539,0.014759071171283722
0.7645991444587708,0.5540074110031128,-0.7812738418579102,-1.981925129890442,0.5313953757286072,2.3216724395751953,0.001801439793780446
0.7569729685783386,0.5465446710586548,-0.7651119828224182,-1.9829208850860596,0.5173298716545105,2.32637095451355,-0.011156161315739155
0.7490516901016235,0.5393618941307068,-0.7487415075302124,-1.9837764501571655,0.5033395290374756,2.33085298538208,-0.02411375194787979
0.7408326268196106,0.5324546694755554,-0.7321552634239197,-1.9844917058944702,0.4894199073314667,2.3351242542266846,-0.0370713509619236
0.7323127388954163,0.525819718837738,-0.7153459787368774,-1.9850672483444214,0.4755644202232361,2.3391904830932617,-0.05002898350358009
0.7234899401664734,0.5194535851478577,-0.6983075737953186,-1.9855026006698608,0.4617682695388794,2.3430566787719727,-0.06298654526472092
0.7143645882606506,0.5133527517318726,-0.6810364127159119,-1.9857985973358154,0.4480264186859131,2.346726894378662,-0.07594417780637741
0.7049348950386047,0.5075158476829529,-0.6635270714759827,-1.9859542846679688,0.4343341588973999,2.350205898284912,-0.08890177309513092
0.69520103931427,0.5019402503967285,-0.6457762122154236,-1.9859706163406372,0.4206867814064026,2.3534982204437256,-0.10185936838388443
0.685164213180542,0.496623694896698,-0.6277811527252197,-1.9858472347259521,0.4070794880390167,2.356606960296631,-0.11481696367263794
0.6748262643814087,0.4915652275085449,-0.6095410585403442,-1.9855842590332031,0.39350825548171997,2.3595354557037354,-0.12777456641197205
0.6641885638237,0.48676401376724243,-0.5910537242889404,-1.9851813316345215,0.3799690306186676,2.3622875213623047,-0.14073215425014496
0.6532545685768127,0.4822186529636383,-0.5723196268081665,-1.984639048576355,0.36645713448524475,2.364866256713867,-0.15368975698947906
0.6420297622680664,0.4779295027256012,-0.553341269493103,-1.983956217765808,0.3529700040817261,2.3672728538513184,-0.16664738953113556
0.6305174231529236,0.47389528155326843,-0.5341188311576843,-1.9831340312957764,0.33950233459472656,2.369511604309082,-0.17960494756698608
0.6187247633934021,0.4701162874698639,-0.5146569013595581,-1.9821714162826538,0.3260514438152313,2.3715834617614746,-0.19256258010864258
0.606657862663269,0.46659258008003235,-0.4949586093425751,-1.9810688495635986,0.31261327862739563,2.3734915256500244,-0.20552018284797668
0.5943241715431213,0.4633241891860962,-0.4750286042690277,-1.9798259735107422,0.29918378591537476,2.375237464904785,-0.2184777706861496
0.5817331075668335,0.46031221747398376,-0.4548736810684204,-1.9784421920776367,0.2857605516910553,2.3768222332000732,-0.2314353734254837
0.5688945055007935,0.45755597949028015,-0.43450090289115906,-1.976918339729309,0.2723389267921448,2.378248453140259,-0.2443930059671402
0.5558185577392578,0.4550569951534271,-0.4139179289340973,-1.9752528667449951,0.25891631841659546,2.379516124725342,-0.2573505640029907
0.5425160527229309,0.45281681418418884,-0.3931327760219574,-1.9734466075897217,0.24548889696598053,2.3806281089782715,-0.27030816674232483
0.5290012955665588,0.4508346915245056,-0.37215718626976013,-1.971498966217041,0.23205378651618958,2.3815836906433105,-0.28326576948165894
0.5152866840362549,0.4491123855113983,-0.35100075602531433,-1.969409465789795,0.21860763430595398,2.382384777069092,-0.29622337222099304
0.5013859272003174,0.44765153527259827,-0.32967495918273926,-1.9671776294708252,0.2051468789577484,2.383031129837036,-0.30918097496032715
0.4873138666152954,0.4464521110057831,-0.3081916272640228,-1.96480393409729,0.19166792929172516,2.383524179458618,-0.32213860750198364
0.4730869233608246,0.4455152750015259,-0.28656473755836487,-1.9622868299484253,0.17816829681396484,2.3838629722595215,-0.33509624004364014
0.45872050523757935,0.44484350085258484,-0.26480698585510254,-1.9596270322799683,0.1646442860364914,2.3840491771698,-0.3480537533760071
0.44423118233680725,0.4444362223148346,-0.2429320216178894,-1.956823468208313,0.151092529296875,2.3840818405151367,-0.3610113561153412
0.4296368956565857,0.4442955255508423,-0.22095531225204468,-1.9538756608963013,0.1375102698802948,2.383960485458374,-0.3739689886569977
0.41495436429977417,0.44442254304885864,-0.19889065623283386,-1.9507837295532227,0.12389339506626129,2.383685350418091,-0.3869265615940094
0.4002014994621277,0.44481828808784485,-0.1767531931400299,-1.947546362876892,0.11023920029401779,2.383256435394287,-0.3998841941356659
0.3853963017463684,0.4454832971096039,-0.15455619990825653,-1.9441636800765991,0.09654370695352554,2.382671356201172,-0.4128418266773224
0.3705560863018036,0.44641995429992676,-0.13231736421585083,-1.9406343698501587,0.08280395716428757,2.3819308280944824,-0.4257993698120117
0.35569891333580017,0.4476284980773926,-0.11004999279975891,-1.9369587898254395,0.06901586055755615,2.3810338973999023,-0.43875694274902344
0.3408423364162445,0.4491102993488312,-0.08776858448982239,-1.9331355094909668,0.0551757775247097,2.3799781799316406,-0.45171457529067993
0.3260039985179901,0.450866162776947,-0.0654875710606575,-1.929164171218872,0.041280630975961685,2.3787636756896973,-0.4646722078323364
0.31120118498802185,0.4528982639312744,-0.043220821768045425,-1.925044059753418,0.027326036244630814,2.3773884773254395,-0.4776298403739929
0.2964501976966858,0.45520707964897156,-0.020981455221772194,-1.9207741022109985,0.013308842666447163,2.375849723815918,-0.4905873239040375
0.2817678153514862,0.4577934145927429,0.0012176556047052145,-1.9163541793823242,-0.0007750284275971353,2.3741471767425537,-0.5035449862480164
0.2671683132648468,0.4606594741344452,0.023365788161754608,-1.9117828607559204,-0.014930827543139458,2.3722777366638184,-0.5165026187896729
0.25266754627227783,0.4638062119483948,0.04545086994767189,-1.9070591926574707,-0.02916141226887703,2.3702392578125,-0.5294602513313293
0.23827899992465973,0.4672352075576782,0.06746350973844528,-1.9021825790405273,-0.043471917510032654,2.368029832839966,-0.5424178242683411
0.224016472697258,0.4709474444389343,0.08939404040575027,-1.897152066230774,-0.05786660313606262,2.3656463623046875,-0.5553754568099976
0.20989257097244263,0.4749450087547302,0.11123427003622055,-1.8919663429260254,-0.07235056906938553,2.3630852699279785,-0.5683329701423645
0.1959182322025299,0.4792303442955017,0.13297784328460693,-1.8866246938705444,-0.08692840486764908,2.360344648361206,-0.581290602684021
0.1821046620607376,0.48380446434020996,0.15461821854114532,-1.8811254501342773,-0.10160546749830246,2.357419729232788,-0.5942481756210327
0.16846174001693726,0.48867014050483704,0.17615070939064026,-1.8754680156707764,-0.11638696491718292,2.3543076515197754,-0.6072058081626892
0.15499913692474365,0.49382930994033813,0.1975708156824112,-1.8696510791778564,-0.13127832114696503,2.3510043621063232,-0.6201634407043457
0.1417236328125,0.49928539991378784,0.218877375125885,-1.8636726140975952,-0.1462862640619278,2.347505807876587,-0.6331210136413574
0.12864336371421814,0.50504070520401,0.2400679886341095,-1.857532024383545,-0.1614161878824234,2.343806505203247,-0.6460785865783691
0.11576352268457413,0.5110985636711121,0.26114392280578613,-1.8512276411056519,-0.17667552828788757,2.339902400970459,-0.6590362191200256
0.10309077054262161,0.5174631476402283,0.2821049094200134,-1.8447580337524414,-0.1920705884695053,2.3357880115509033,-0.6719938516616821
0.09062891453504562,0.5241380929946899,0.30295413732528687,-1.8381214141845703,-0.20760881900787354,2.3314571380615234,-0.6849514245986938
0.0783819779753685,0.5311278700828552,0.3236948549747467,-1.8313161134719849,-0.22329789400100708,2.326904296875,-0.6979090571403503
0.06635384261608124,0.5384383201599121,0.3443312346935272,-1.8243403434753418,-0.23914603888988495,2.3221232891082764,-0.7108666896820068
0.05454524606466293,0.5460736155509949,0.36487069725990295,-1.817192554473877,-0.25516247749328613,2.317106246948242,-0.7238242030143738
0.04295852407813072,0.5540407299995422,0.3853200376033783,-1.809870719909668,-0.27135616540908813,2.3118462562561035,-0.7367817759513855
0.03159491345286369,0.562346339225769,0.4056873023509979,-1.8023725748062134,-0.28773748874664307,2.30633544921875,-0.749739408493042
0.020454389974474907,0.5709976553916931,0.42598313093185425,-1.7946962118148804,-0.304316908121109,2.300564765930176,-0.7626970410346985
0.009536657482385635,0.5800028443336487,0.4462184011936188,-1.7868393659591675,-0.3211063742637634,2.294524908065796,-0.775654673576355
-0.0011586014879867435,0.5893710255622864,0.46640530228614807,-1.7787994146347046,-0.3381173610687256,2.288206100463867,-0.7886122465133667
-0.011632786132395267,0.5991122722625732,0.4865580201148987,-1.7705742120742798,-0.3553639054298401,2.281597137451172,-0.8015698194503784
-0.021887406706809998,0.6092374324798584,0.5066918134689331,-1.7621610164642334,-0.37286001443862915,2.274686813354492,-0.8145274519920349
-0.03192438185214996,0.6197586059570312,0.5268234610557556,-1.7535569667816162,-0.3906213045120239,2.2674622535705566,-0.8274850845336914
-0.04174603894352913,0.6306900978088379,0.5469715595245361,-1.7447593212127686,-0.4086652398109436,2.2599096298217773,-0.8404426574707031
-0.05135517567396164,0.6420453190803528,0.567156195640564,-1.7357648611068726,-0.4270104169845581,2.252014398574829,-0.8534002304077148
-0.06075410172343254,0.6538418531417847,0.5873991250991821,-1.7265704870224,-0.4456762969493866,2.243759870529175,-0.8663578629493713
-0.06994614750146866,0.6660959720611572,0.6077240109443665,-1.7171729803085327,-0.46468356251716614,2.2351291179656982,-0.8793154358863831
-0.07893381267786026,0.6788299083709717,0.6281570196151733,-1.7075681686401367,-0.48405885696411133,2.226102352142334,-0.8922730088233948
-0.08772110193967819,0.6920645236968994,0.6487271785736084,-1.6977529525756836,-0.5038277506828308,2.216658592224121,-0.9052306413650513
-0.06632271409034729,0.6897019147872925,0.6234995722770691,-1.687422513961792,-0.4843704104423523,2.2178471088409424,-0.9332795739173889
-0.04478980228304863,0.6877846121788025,0.5980857014656067,-1.676938772201538,-0.46486401557922363,2.218724250793457,-0.9613285064697266
-0.023137478157877922,0.6863125562667847,0.5724928379058838,-1.6662962436676025,-0.4452996850013733,2.2192912101745605,-0.989377498626709
-0.0013812778051942587,0.6852848529815674,0.54672771692276,-1.6554912328720093,-0.4256693124771118,2.2195510864257812,-1.0174263715744019
0.02046286314725876,0.6846997737884521,0.5207971930503845,-1.6445192098617554,-0.4059627950191498,2.2195048332214355,-1.0454753637313843
0.04237953573465347,0.6845582127571106,0.49470704793930054,-1.6333751678466797,-0.3861706852912903,2.219153881072998,-1.0735243558883667
0.06435240060091019,0.6848604083061218,0.4684642553329468,-1.622054100036621,-0.36628401279449463,2.2184977531433105,-1.1015732288360596
0.08636514842510223,0.6856087446212769,0.4420749843120575,-1.6105506420135498,-0.34629255533218384,2.217536687850952,-1.129622220993042
0.1084011122584343,0.6868035793304443,0.415545254945755,-1.5988588333129883,-0.32618585228919983,2.216268539428711,-1.1576710939407349
0.13044801354408264,0.6884462237358093,0.38887500762939453,-1.5869736671447754,-0.30594882369041443,2.214693069458008,-1.1857200860977173
0.15248338878154755,0.6905426383018494,0.36207693815231323,-1.5748882293701172,-0.28557687997817993,2.212806224822998,-1.2137690782546997
0.17449478805065155,0.6930937767028809,0.3351499140262604,-1.5625958442687988,-0.26505380868911743,2.2106056213378906,-1.2418179512023926
0.19646725058555603,0.6961042284965515,0.308095246553421,-1.5500900745391846,-0.24436548352241516,2.208087921142578,-1.269866943359375
0.218384250998497,0.699579656124115,0.2809157967567444,-1.5373625755310059,-0.22349919378757477,2.205246686935425,-1.2979158163070679
0.2402338832616806,0.703524112701416,0.2536073625087738,-1.524406909942627,-0.20243734121322632,2.2020788192749023,-1.3259648084640503
0.2619994580745697,0.7079445719718933,0.22617068886756897,-1.5112130641937256,-0.18116500973701477,2.1985764503479004,-1.3540138006210327
0.2836683988571167,0.712848961353302,0.19860032200813293,-1.4977731704711914,-0.15966391563415527,2.194732904434204,-1.3820626735687256
0.3052268624305725,0.7182442545890808,0.17089086771011353,-1.484076738357544,-0.13791431486606598,2.190539836883545,-1.410111665725708
0.3266627788543701,0.7241403460502625,0.14303328096866608,-1.4701142311096191,-0.11589524149894714,2.185988426208496,-1.4381606578826904
0.3479635417461395,0.7305479645729065,0.11501754820346832,-1.455873966217041,-0.09358415752649307,2.18106746673584,-1.4662095308303833
0.3691178560256958,0.7374787330627441,0.0868295282125473,-1.4413444995880127,-0.07095513492822647,2.1757657527923584,-1.4942585229873657
0.3901158273220062,0.7449453473091125,0.058451227843761444,-1.4265124797821045,-0.047979243099689484,2.170069694519043,-1.5223073959350586
0.41094619035720825,0.7529642581939697,0.029862649738788605,-1.4113645553588867,-0.02462693303823471,2.1639657020568848,-1.550356388092041
0.4316001534461975,0.761551558971405,0.0010410030372440815,-1.3958845138549805,-0.0008631364325992763,2.157435894012451,-1.5784053802490234
0.4520679712295532,0.7707272171974182,-0.028043018653988838,-1.3800568580627441,0.023349348455667496,2.1504623889923096,-1.6064542531967163
0.47234266996383667,0.7805120348930359,-0.057425010949373245,-1.363863229751587,0.048055000603199005,2.1430249214172363,-1.6345032453536987
0.49241626262664795,0.7909324169158936,-0.08714482188224792,-1.3472838401794434,0.07330218702554703,2.1350996494293213,-1.6625521183013916
0.5122814774513245,0.8020152449607849,-0.11724906414747238,-1.3302967548370361,0.0991455689072609,2.126659870147705,-1.690601110458374
0.531931459903717,0.8137941956520081,-0.14779198169708252,-1.3128771781921387,0.12564660608768463,2.1176767349243164,-1.7186501026153564
0.5513609647750854,0.8263051509857178,-0.1788388192653656,-1.2950003147125244,0.1528778374195099,2.1081159114837646,-1.7466989755630493
0.5705641508102417,0.8395916223526001,-0.21046538650989532,-1.2766339778900146,0.18092256784439087,2.0979385375976562,-1.7747478485107422
0.5895363688468933,0.8537023067474365,-0.24276103079319,-1.257746696472168,0.20987626910209656,2.0871005058288574,-1.8027968406677246
0.6082724332809448,0.8686951398849487,-0.2758311331272125,-1.2382993698120117,0.23985183238983154,2.0755505561828613,-1.830845832824707
0.6267669200897217,0.8846380114555359,-0.30980074405670166,-1.218249797821045,0.27098122239112854,2.0632290840148926,-1.8588947057724
0.6450167894363403,0.9016115665435791,-0.34482401609420776,-1.1975481510162354,0.3034260869026184,2.050065279006958,-1.8869438171386719
0.6630183458328247,0.9197044968605042,-0.38108333945274353,-1.1761395931243896,0.3373759090900421,2.0359764099121094,-1.9149925708770752
0.6807631850242615,0.9390437006950378,-0.4188045263290405,-1.1539583206176758,0.37306854128837585,2.020862102508545,-1.9430415630340576
0.6982478499412537,0.9597638249397278,-0.45826882123947144,-1.1309266090393066,0.41079384088516235,2.004601001739502,-1.97109055519104
0.7154668569564819,0.982040286064148,-0.499833881855011,-1.1069552898406982,0.4509233832359314,1.9870415925979614,-1.9991395473480225
0.7324133515357971,1.0060954093933105,-0.5439603328704834,-1.0819339752197266,0.4939323663711548,1.9679932594299316,-2.027188539505005
0.7490792274475098,1.0322164297103882,-0.5912574529647827,-1.055729866027832,0.5404483675956726,1.9472113847732544,-2.0552375316619873
0.7654488682746887,1.0607900619506836,-0.6425493359565735,-1.0281801223754883,0.5913273692131042,1.9243680238723755,-2.0832862854003906
0.7815081477165222,1.0923489332199097,-0.6990100741386414,-0.9990749359130859,0.6477795243263245,1.899010181427002,-2.111335039138794
0.7972310185432434,1.1276671886444092,-0.7623711228370667,-0.9681463241577148,0.7115908861160278,1.870485782623291,-2.1393842697143555
0.812580943107605,1.1679457426071167,-0.8353738188743591,-0.935032844543457,0.7855880856513977,1.837778925895691,-2.167433261871338
0.8274915814399719,1.2152296304702759,-0.9227597117424011,-0.8992352485656738,0.8746566772460938,1.7991697788238525,-2.1954822540283203
0.8418409824371338,1.2735981941223145,-1.0340948104858398,-0.8600225448608398,0.9886484146118164,1.7512255907058716,-2.2235310077667236
0.855286180973053,1.3538843393325806,-1.1948504447937012,-0.8162479400634766,1.15378999710083,1.6848617792129517,-2.251579999923706
