1.754986047744751,0.7999870777130127,-1.0530717372894287,-1.8704489469528198,0.8380972743034363,2.1470184326171875,-2.0311858654022217
1.7479069232940674,0.784308910369873,-1.0386414527893066,-1.8762969970703125,0.8205502033233643,2.158801555633545,-2.0049822330474854
1.7407021522521973,0.7691165208816528,-1.0243936777114868,-1.882098913192749,0.8033315539360046,2.170147657394409,-1.978778600692749
1.7333714962005615,0.7543804049491882,-1.0103068351745605,-1.8878546953201294,0.7864182591438293,2.181082010269165,-1.9525749683380127
1.7259118556976318,0.740074872970581,-0.9963604211807251,-1.8935651779174805,0.7697904706001282,2.1916282176971436,-1.926371455192566
1.7183210849761963,0.7261756062507629,-0.9825347065925598,-1.8992303609848022,0.7534285187721252,2.201807975769043,-1.9001678228378296
1.7105965614318848,0.7126621603965759,-0.9688126444816589,-1.9048504829406738,0.7373157143592834,2.2116403579711914,-1.8739641904830933
1.7027347087860107,0.6995145678520203,-0.9551762938499451,-1.9104262590408325,0.721437394618988,2.2211434841156006,-1.847760558128357
1.6947352886199951,0.6867150068283081,-0.9416133165359497,-1.9159576892852783,0.7057788968086243,2.2303318977355957,-1.8215569257736206
1.6865925788879395,0.6742473840713501,-0.9281064867973328,-1.9214452505111694,0.6903275847434998,2.239222288131714,-1.7953532934188843
1.67830491065979,0.6620966792106628,-0.9146429300308228,-1.9268893003463745,0.6750718355178833,2.2478270530700684,-1.769149661064148
1.6698678731918335,0.650249719619751,-0.9012094736099243,-1.932289958000183,0.6600011587142944,2.2561593055725098,-1.7429461479187012
1.6612764596939087,0.6386930346488953,-0.8877913951873779,-1.9376474618911743,0.645104706287384,2.2642316818237305,-1.7167425155639648
1.6525299549102783,0.6274155974388123,-0.8743798136711121,-1.9429622888565063,0.6303743720054626,2.2720532417297363,-1.6905388832092285
1.6436234712600708,0.6164065003395081,-0.8609623908996582,-1.9482347965240479,0.615801215171814,2.2796342372894287,-1.6643352508544922
1.634550929069519,0.60565584897995,-0.8475254774093628,-1.953465223312378,0.6013768315315247,2.2869856357574463,-1.6381316184997559
1.6253095865249634,0.5951542854309082,-0.8340595364570618,-1.9586535692214966,0.5870939493179321,2.2941150665283203,-1.6119279861450195
1.6158945560455322,0.5848931074142456,-0.8205534219741821,-1.9638004302978516,0.5729460120201111,2.3010311126708984,-1.5857243537902832
1.6063008308410645,0.5748650431632996,-0.806996762752533,-1.9689058065414429,0.558926522731781,2.307741641998291,-1.5595208406448364
1.5965243577957153,0.5650625228881836,-0.7933793663978577,-1.9739700555801392,0.5450291633605957,2.314253091812134,-1.5333172082901
1.586559534072876,0.5554786920547485,-0.7796908617019653,-1.978993535041809,0.5312488079071045,2.320572853088379,-1.5071135759353638
1.5764007568359375,0.546107292175293,-0.7659207582473755,-1.9839763641357422,0.5175794959068298,2.326707601547241,-1.4809099435806274
1.566043734550476,0.5369420051574707,-0.7520596981048584,-1.9889187812805176,0.5040168166160583,2.332663059234619,-1.4547063112258911
1.555483341217041,0.5279780626296997,-0.738098680973053,-1.993821144104004,0.4905555546283722,2.338444232940674,-1.4285026788711548
1.544714093208313,0.5192103385925293,-0.7240281701087952,-1.9986833333969116,0.47719258069992065,2.3440566062927246,-1.4022990465164185
1.533728837966919,0.5106343626976013,-0.7098366618156433,-2.0035059452056885,0.46392226219177246,2.349506378173828,-1.3760955333709717
1.5225231647491455,0.5022456049919128,-0.6955166459083557,-2.008289098739624,0.4507412314414978,2.354797124862671,-1.3498919010162354
1.511090874671936,0.494039922952652,-0.6810581684112549,-2.013033151626587,0.43764573335647583,2.359933853149414,-1.323688268661499
1.4994254112243652,0.4860140085220337,-0.6664513349533081,-2.0177383422851562,0.4246320128440857,2.3649213314056396,-1.2974846363067627
1.4875221252441406,0.47816431522369385,-0.651688277721405,-2.022404193878174,0.4116968512535095,2.369762420654297,-1.2712810039520264
1.4753741025924683,0.4704882502555847,-0.6367592215538025,-2.027031898498535,0.39883747696876526,2.3744616508483887,-1.24507737159729
1.462974190711975,0.4629829227924347,-0.6216540932655334,-2.031620979309082,0.38605040311813354,2.3790230751037598,-1.2188738584518433
1.4503175020217896,0.45564550161361694,-0.6063653230667114,-2.0361719131469727,0.3733331859111786,2.3834497928619385,-1.192670226097107
1.4373936653137207,0.4484727680683136,-0.5908797979354858,-2.0406851768493652,0.3606797754764557,2.3877453804016113,-1.1664665937423706
1.4242029190063477,0.4414653778076172,-0.5751953721046448,-2.0451602935791016,0.3480926752090454,2.3919124603271484,-1.1402629613876343
1.4107369184494019,0.43461960554122925,-0.5593012571334839,-2.049597978591919,0.33556801080703735,2.39595365524292,-1.114059329032898
1.3969883918762207,0.42793479561805725,-0.543188214302063,-2.0539982318878174,0.3231023848056793,2.3998727798461914,-1.0878556966781616
1.3829525709152222,0.4214090406894684,-0.5268486738204956,-2.058361053466797,0.3106941282749176,2.4036717414855957,-1.0616520643234253
1.3686226606369019,0.41504228115081787,-0.5102742314338684,-2.062687397003174,0.2983408570289612,2.407353639602661,-1.0354485511779785
1.353992223739624,0.40883195400238037,-0.49345603585243225,-2.066976547241211,0.2860402464866638,2.4109208583831787,-1.0092447996139526
1.339057207107544,0.40277859568595886,-0.47638869285583496,-2.0712289810180664,0.27379122376441956,2.414375066757202,-0.9830412864685059
1.3238106966018677,0.39688122272491455,-0.4590629041194916,-2.0754451751708984,0.2615909278392792,2.417719841003418,-0.9568376541137695
1.30824875831604,0.3911396265029907,-0.4414713680744171,-2.079624891281128,0.2494378685951233,2.4209558963775635,-0.9306340217590332
1.2923651933670044,0.38555389642715454,-0.42360982298851013,-2.083768606185913,0.23733080923557281,2.424086332321167,-0.9044303894042969
1.2761571407318115,0.38012343645095825,-0.4054710865020752,-2.087876319885254,0.22526705265045166,2.427112102508545,-0.8782268166542053
1.2596207857131958,0.3748488426208496,-0.3870507478713989,-2.0919485092163086,0.21324600279331207,2.4300355911254883,-0.8520231246948242
1.242751955986023,0.3697301149368286,-0.3683427572250366,-2.095984697341919,0.2012660801410675,2.4328582286834717,-0.8258195519447327
1.2255470752716064,0.36476820707321167,-0.3493417799472809,-2.0999855995178223,0.1893254816532135,2.435582399368286,-0.7996159791946411
1.208005428314209,0.3599631190299988,-0.33004605770111084,-2.1039514541625977,0.1774224042892456,2.438209056854248,-0.77341228723526
1.1901246309280396,0.3553159832954407,-0.3104512095451355,-2.107882499694824,0.16555622220039368,2.440739631652832,-0.7472087144851685
1.1719037294387817,0.350827693939209,-0.2905554175376892,-2.1117782592773438,0.1537255048751831,2.443175792694092,-0.7210051417350769
1.153342366218567,0.34649938344955444,-0.27035683393478394,-2.1156392097473145,0.1419285088777542,2.445519208908081,-0.6948014497756958
1.1344434022903442,0.3423309326171875,-0.2498571127653122,-2.1194655895233154,0.13016490638256073,2.447770118713379,-0.6685978770256042
1.1152067184448242,0.338325172662735,-0.22905470430850983,-2.123257637023926,0.11843281984329224,2.4499306678771973,-0.6423943042755127
1.0956363677978516,0.3344821333885193,-0.20795243978500366,-2.1270155906677246,0.10673061013221741,2.4520018100738525,-0.6161906123161316
1.0757362842559814,0.33080318570137024,-0.18655294179916382,-2.130739450454712,0.09505874663591385,2.4539847373962402,-0.58998703956604
1.055510401725769,0.32729098200798035,-0.16485951840877533,-2.1344292163848877,0.08341481536626816,2.4558804035186768,-0.5637834668159485
1.0349671840667725,0.3239453434944153,-0.1428789496421814,-2.13808536529541,0.07179863005876541,2.4576892852783203,-0.5375797748565674
1.014112949371338,0.3207683563232422,-0.12061672657728195,-2.1417076587677,0.0602087676525116,2.4594130516052246,-0.5113762021064758
0.9929575324058533,0.31776124238967896,-0.0980813056230545,-2.145296812057495,0.048644065856933594,2.461052179336548,-0.4851725995540619
0.9715108871459961,0.31492578983306885,-0.07528217881917953,-2.1488523483276367,0.03710443153977394,2.4626073837280273,-0.4589689075946808
0.9497846364974976,0.3122641444206238,-0.052229393273591995,-2.1523752212524414,0.025588249787688255,2.464080333709717,-0.43276533484458923
0.9610723853111267,0.31499698758125305,-0.06639886647462845,-2.1484546661376953,0.03273579105734825,2.4625403881073,-0.4147276282310486
0.9722186923027039,0.3178073763847351,-0.08043725788593292,-2.144501209259033,0.039910249412059784,2.46095871925354,-0.3966899514198303
0.983220100402832,0.3206953704357147,-0.09434178471565247,-2.140514612197876,0.047111526131629944,2.4593353271484375,-0.3786522448062897
0.9940791130065918,0.3236594796180725,-0.10811520367860794,-2.1364951133728027,0.054341092705726624,2.457669734954834,-0.3606145679950714
1.0047922134399414,0.32670092582702637,-0.12175459414720535,-2.1324422359466553,0.061598218977451324,2.455961227416992,-0.34257686138153076
1.0153602361679077,0.32981908321380615,-0.13526128232479095,-2.1283559799194336,0.06888469308614731,2.454209327697754,-0.3245391547679901
1.0257818698883057,0.3330134451389313,-0.14863482117652893,-2.1242356300354004,0.07619989663362503,2.452413320541382,-0.30650147795677185
1.0360573530197144,0.3362849950790405,-0.161875918507576,-2.120082139968872,0.08354517817497253,2.450573205947876,-0.2884637713432312
1.0461863279342651,0.3396320939064026,-0.17498481273651123,-2.115894317626953,0.09092006087303162,2.44868803024292,-0.27042606472969055
1.0561697483062744,0.3430553674697876,-0.18796290457248688,-2.1116724014282227,0.09832600504159927,2.4467570781707764,-0.2523883581161499
1.0660083293914795,0.3465544879436493,-0.20081177353858948,-2.1074166297912598,0.10576315969228745,2.444779634475708,-0.23435068130493164
1.0757001638412476,0.35012978315353394,-0.21353013813495636,-2.103126049041748,0.11323180794715881,2.442756175994873,-0.21631298959255219
1.0852491855621338,0.3537812829017639,-0.22612233459949493,-2.0988006591796875,0.12073404341936111,2.4406847953796387,-0.19827529788017273
1.0946542024612427,0.3575087785720825,-0.2385883331298828,-2.0944406986236572,0.12826839089393616,2.438565254211426,-0.18023759126663208
1.1039177179336548,0.36131227016448975,-0.25093093514442444,-2.090045690536499,0.13583679497241974,2.436396598815918,-0.16219988465309143
1.113039255142212,0.36519166827201843,-0.26315048336982727,-2.085615396499634,0.1434393674135208,2.4341788291931152,-0.14416222274303436
1.1220210790634155,0.369147926568985,-0.2752501964569092,-2.0811495780944824,0.15107731521129608,2.431910991668701,-0.1261245161294937
1.1308643817901611,0.37318024039268494,-0.2872317433357239,-2.076648473739624,0.15875032544136047,2.4295921325683594,-0.10808680206537247
1.1395699977874756,0.3772892355918884,-0.29909685254096985,-2.0721113681793213,0.16646064817905426,2.4272217750549316,-0.09004911780357361
1.1481413841247559,0.38147521018981934,-0.3108501136302948,-2.067538261413574,0.17420795559883118,2.4247984886169434,-0.07201141119003296
1.1565780639648438,0.38573789596557617,-0.3224914073944092,-2.062929153442383,0.1819932907819748,2.4223220348358154,-0.053973738104104996
1.164883017539978,0.39007869362831116,-0.3340245485305786,-2.0582833290100098,0.1898176372051239,2.4197914600372314,-0.035936031490564346
1.1730563640594482,0.39449718594551086,-0.34545204043388367,-2.053601026535034,0.19768066704273224,2.417206048965454,-0.017898323014378548
1.1811020374298096,0.39899319410324097,-0.3567761778831482,-2.048881769180298,0.20558501780033112,2.414564847946167,0.00013934737944509834
1.189020037651062,0.4035685956478119,-0.36799943447113037,-2.0441250801086426,0.21353060007095337,2.4118669033050537,0.018177054822444916
1.1968138217926025,0.40822261571884155,-0.3791257441043854,-2.0393311977386475,0.22151868045330048,2.4091110229492188,0.03621472418308258
1.2044843435287476,0.41295698285102844,-0.3901573121547699,-2.0344996452331543,0.22954998910427094,2.406296491622925,0.054252468049526215
1.2120335102081299,0.41777104139328003,-0.4010971784591675,-2.029630422592163,0.237625390291214,2.4034221172332764,0.07229013741016388
1.2194641828536987,0.4226657748222351,-0.41194912791252136,-2.0247230529785156,0.24574583768844604,2.400487184524536,0.09032781422138214
1.2267770767211914,0.427642285823822,-0.42271509766578674,-2.019777297973633,0.25391286611557007,2.3974905014038086,0.10836555808782578
1.2339757680892944,0.4327009320259094,-0.43339940905570984,-2.0147931575775146,0.262127548456192,2.394430637359619,0.12640322744846344
1.2410609722137451,0.4378426969051361,-0.4440042972564697,-2.0097694396972656,0.2703905999660492,2.3913066387176514,0.1444409042596817
1.2480360269546509,0.44306835532188416,-0.4545344412326813,-2.004707098007202,0.27870362997055054,2.3881168365478516,0.16247864067554474
1.2549006938934326,0.4483790099620819,-0.4649904668331146,-1.9996051788330078,0.28706708550453186,2.384861707687378,0.180516317486763
1.2616603374481201,0.45377495884895325,-0.4753793776035309,-1.994463324546814,0.29548370838165283,2.381537675857544,0.19855400919914246
1.2683134078979492,0.4592586159706116,-0.4857010841369629,-1.989281415939331,0.3039531409740448,2.378145217895508,0.2165917307138443
1.2748639583587646,0.4648292362689972,-0.49596041440963745,-1.9840590953826904,0.3124774098396301,2.3746819496154785,0.23462942242622375
1.2813141345977783,0.47048962116241455,-0.5061615705490112,-1.978796124458313,0.3210587501525879,2.3711466789245605,0.252667099237442
1.2876653671264648,0.4762404263019562,-0.5163074731826782,-1.97349214553833,0.3296980857849121,2.3675377368927,0.2707047760486603
1.293920636177063,0.48208215832710266,-0.5264024138450623,-1.968146800994873,0.33839666843414307,2.363853693008423,0.2887425124645233
1.3000789880752563,0.48801761865615845,-0.5364469289779663,-1.9627597332000732,0.3471558690071106,2.3600940704345703,0.3067801892757416
1.306145429611206,0.4940474033355713,-0.5464479327201843,-1.9573307037353516,0.3559783697128296,2.3562557697296143,0.32481786608695984
1.312119960784912,0.500173032283783,-0.5564073324203491,-1.951859474182129,0.3648650348186493,2.3523380756378174,0.3428556025028229
1.3180063962936401,0.5063966512680054,-0.5663304924964905,-1.9463454484939575,0.37381860613822937,2.3483381271362305,0.36089327931404114
1.3238050937652588,0.512719452381134,-0.5762197375297546,-1.9407882690429688,0.3828399181365967,2.344254732131958,0.3789309561252594
1.3295174837112427,0.519143283367157,-0.5860785841941833,-1.9351876974105835,0.3919316530227661,2.3400864601135254,0.39696869254112244
1.3351470232009888,0.5256704688072205,-0.5959124565124512,-1.9295432567596436,0.4010959267616272,2.3358302116394043,0.4150063693523407
1.3406943082809448,0.5323029160499573,-0.6057240962982178,-1.9238544702529907,0.41033467650413513,2.331484794616699,0.4330440163612366
1.3461614847183228,0.5390426516532898,-0.6155180335044861,-1.9181208610534668,0.419650137424469,2.327047348022461,0.451081782579422
1.3515504598617554,0.5458918213844299,-0.6252984404563904,-1.9123424291610718,0.4290456175804138,2.3225159645080566,0.46911942958831787
1.356862187385559,0.5528533458709717,-0.6350685358047485,-1.906518578529358,0.4385222792625427,2.3178887367248535,0.48715710639953613
1.362099289894104,0.5599293112754822,-0.6448339223861694,-1.9006482362747192,0.4480835795402527,2.313162088394165,0.5051947832107544
1.3672621250152588,0.5671217441558838,-0.6545969247817993,-1.8947319984436035,0.4577321410179138,2.3083348274230957,0.5232324600219727
1.3723536729812622,0.5744343400001526,-0.6643643379211426,-1.8887685537338257,0.4674709141254425,2.303402900695801,0.5412702560424805
1.377374291419983,0.5818697810173035,-0.6741384863853455,-1.8827580213546753,0.47730204463005066,2.2983646392822266,0.5593079328536987
1.3823254108428955,0.5894309282302856,-0.6839243769645691,-1.876699686050415,0.4872295558452606,2.2932167053222656,0.577345609664917
1.3872096538543701,0.5971211791038513,-0.6937279105186462,-1.8705930709838867,0.4972573518753052,2.2879557609558105,0.5953832864761353
1.3920283317565918,0.6049442887306213,-0.7035540342330933,-1.864437460899353,0.5073885917663574,2.282578229904175,0.6134209632873535
1.3967816829681396,0.6129027605056763,-0.7134057283401489,-1.8582324981689453,0.5176260471343994,2.2770814895629883,0.6314586400985718
1.401471734046936,0.6210017204284668,-0.7232898473739624,-1.8519775867462158,0.5279747843742371,2.2714617252349854,0.6494964361190796
1.4061006307601929,0.6292444467544556,-0.7332116365432739,-1.845672369003296,0.538439154624939,2.2657148838043213,0.6675341129302979
1.410668134689331,0.6376355290412903,-0.7431755661964417,-1.8393160104751587,0.549022376537323,2.2598373889923096,0.6855717897415161
1.415176272392273,0.6461796164512634,-0.7531881332397461,-1.8329079151153564,0.5597297549247742,2.2538247108459473,0.7036094665527344
1.419626235961914,0.6548814177513123,-0.7632553577423096,-1.8264479637145996,0.5705665946006775,2.2476723194122314,0.7216471433639526
1.424018383026123,0.6637455224990845,-0.7733819484710693,-1.8199348449707031,0.5815373063087463,2.2413768768310547,0.7396848797798157
1.4283549785614014,0.6727779507637024,-0.7835755944252014,-1.8133684396743774,0.5926483273506165,2.2349319458007812,0.7577226161956787
1.4326367378234863,0.6819844245910645,-0.7938436269760132,-1.8067476749420166,0.6039046049118042,2.22833251953125,0.775760293006897
1.4368640184402466,0.691370964050293,-0.8041912913322449,-1.800072193145752,0.6153141260147095,2.2215735912323,0.7937979698181152
1.4410390853881836,0.7009438276290894,-0.8146277070045471,-1.7933411598205566,0.6268816590309143,2.214648723602295,0.8118356466293335
1.4451611042022705,0.7107100486755371,-0.8251584768295288,-1.786553978919983,0.6386152505874634,2.207552433013916,0.8298733830451965
1.449232578277588,0.7206776142120361,-0.8357940316200256,-1.7797099351882935,0.6505231857299805,2.200277328491211,0.8479110598564148
1.4532533884048462,0.7308539152145386,-0.8465412855148315,-1.7728077173233032,0.6626123785972595,2.192816734313965,0.8659487962722778
1.4572250843048096,0.7412475347518921,-0.8574105501174927,-1.7658474445343018,0.6748927235603333,2.185162305831909,0.8839865326881409
1.4611475467681885,0.7518680691719055,-0.8684105277061462,-1.7588274478912354,0.6873730421066284,2.177306652069092,0.9020242094993591
1.4650216102600098,0.7627249956130981,-0.8795520663261414,-1.751747727394104,0.7000646591186523,2.169240951538086,0.9200618863105774
1.4688477516174316,0.7738288640975952,-0.8908454179763794,-1.744606614112854,0.7129772901535034,2.1609559059143066,0.9380995631217957
1.4726274013519287,0.7851915955543518,-0.9023036360740662,-1.7374036312103271,0.7261236906051636,2.152440071105957,0.9561371803283691
1.4763603210449219,0.7968255281448364,-0.9139388799667358,-1.730137825012207,0.739517092704773,2.143683910369873,0.9741748571395874
1.480046033859253,0.8087433576583862,-0.9257631897926331,-1.7228083610534668,0.7531706690788269,2.1346755027770996,0.99221271276474
1.4836868047714233,0.8209611177444458,-0.9377943873405457,-1.7154139280319214,0.7671008110046387,2.1254005432128906,1.0102503299713135
1.4872809648513794,0.8334946632385254,-0.9500460028648376,-1.7079538106918335,0.781324028968811,2.1158461570739746,1.0282880067825317
1.4908297061920166,0.8463615775108337,-0.9625368118286133,-1.7004265785217285,0.7958593964576721,2.1059956550598145,1.04632568359375
1.4943324327468872,0.8595811724662781,-0.9752854108810425,-1.6928317546844482,0.8107267618179321,2.0958330631256104,1.0643633604049683
1.4977898597717285,0.8731738924980164,-0.9883130192756653,-1.685167908668518,0.8259484171867371,2.0853395462036133,1.0824010372161865
1.5012001991271973,0.8871650695800781,-1.0016422271728516,-1.6774332523345947,0.8415501117706299,2.074493885040283,1.1004388332366943
1.5045641660690308,0.9015803933143616,-1.0152990818023682,-1.6696276664733887,0.8575595021247864,2.0632736682891846,1.1184765100479126
1.5078810453414917,0.9164495468139648,-1.0293128490447998,-1.6617493629455566,0.8740087747573853,2.051652193069458,1.1365141868591309
1.5111491680145264,0.931806206703186,-1.0437142848968506,-1.653796911239624,0.8909317851066589,2.0396008491516113,1.1545518636703491
1.5143684148788452,0.947688102722168,-1.0585414171218872,-1.6457692384719849,0.9083707928657532,2.0270867347717285,1.1725895404815674
1.5175352096557617,0.9641356468200684,-1.073831558227539,-1.6376652717590332,0.9263662695884705,2.0140743255615234,1.1906272172927856
1.5206516981124878,0.9812043309211731,-1.0896389484405518,-1.6294828653335571,0.9449795484542847,2.000516414642334,1.2086650133132935
1.523713231086731,0.9989476799964905,-1.1060147285461426,-1.621220588684082,0.9642674326896667,1.9863659143447876,1.2267026901245117
1.5267173051834106,1.017434000968933,-1.1230229139328003,-1.6128770112991333,0.9843021631240845,1.9715640544891357,1.24474036693573
1.5296655893325806,1.0367400646209717,-1.1407413482666016,-1.6044507026672363,1.0051662921905518,1.9560441970825195,1.2627780437469482
1.532544732093811,1.0569655895233154,-1.1592564582824707,-1.5959398746490479,1.0269660949707031,1.9397207498550415,1.2808157205581665
1.5353529453277588,1.0782217979431152,-1.1786779165267944,-1.5873425006866455,1.0498201847076416,1.922497034072876,1.2988533973693848
1.5380830764770508,1.100653886795044,-1.1991417407989502,-1.5786573886871338,1.0738847255706787,1.9042489528656006,1.3168911933898926
1.5407272577285767,1.1244412660598755,-1.2208189964294434,-1.5698816776275635,1.0993521213531494,1.884820818901062,1.3349288702011108
1.5432730913162231,1.1498174667358398,-1.2439295053482056,-1.561014175415039,1.1264728307724,1.8640124797821045,1.352966547012329
1.5457038879394531,1.1770939826965332,-1.2687666416168213,-1.5520524978637695,1.1555801630020142,1.8415560722351074,1.3710042238235474
1.5057727098464966,1.0561343431472778,-1.1466273069381714,-1.5759062767028809,1.0171266794204712,1.9398791790008545,1.4029583930969238
1.4622597694396973,0.9643512964248657,-1.045567512512207,-1.59869384765625,0.9051299095153809,2.0127816200256348,1.4349124431610107
1.415647268295288,0.8896939158439636,-0.9550928473472595,-1.6204558610916138,0.8076515197753906,2.070737838745117,1.4668666124343872
1.3660222291946411,0.8268675804138184,-0.8705386519432068,-1.6412262916564941,0.7195261716842651,2.118405818939209,1.4988206624984741
1.3133512735366821,0.7729877829551697,-0.7892921566963196,-1.6610368490219116,0.6379563808441162,2.158363103866577,1.5307748317718506
1.2575528621673584,0.7262965440750122,-0.7096851468086243,-1.6799144744873047,0.5612285137176514,2.1922175884246826,1.562729001045227
1.1985372304916382,0.6856482625007629,-0.6305659413337708,-1.697884202003479,0.48820140957832336,2.2210514545440674,1.594683051109314
1.1362321376800537,0.6502662897109985,-0.5511065721511841,-1.7149678468704224,0.4180668592453003,2.2456305027008057,1.6266372203826904
1.0706112384796143,0.619616687297821,-0.4707189202308655,-1.7311872243881226,0.3502325117588043,2.2665152549743652,1.6585912704467773
1.0017108917236328,0.5933300852775574,-0.3890044093132019,-1.7465609312057495,0.2842421531677246,2.284125328063965,1.6905454397201538
0.9296556711196899,0.5711551308631897,-0.30574044585227966,-1.7611068487167358,0.21973779797554016,2.298778533935547,1.7224996089935303
0.8546736836433411,0.5529249310493469,-0.22086995840072632,-1.7748419046401978,0.15642811357975006,2.3107166290283203,1.7544536590576172
0.7771118879318237,0.5385351777076721,-0.13449963927268982,-1.787782073020935,0.09407374262809753,2.3201210498809814,1.7864078283309937
0.6974377632141113,0.527923047542572,-0.046888794749975204,-1.799943208694458,0.03246719390153885,2.327124834060669,1.8183619976043701
0.6162331700325012,0.5210543870925903,0.0415649488568306,-1.811340570449829,-0.028569070622324944,2.331818103790283,1.850316047668457
0.5341678261756897,0.5179142951965332,0.13035911321640015,-1.8219890594482422,-0.08919638395309448,2.334256172180176,1.882270097732544
0.4519694745540619,0.5184983015060425,0.21892216801643372,-1.8319035768508911,-0.14956331253051758,2.334458589553833,1.91422438621521
0.3703811764717102,0.5228106379508972,0.3066622316837311,-1.8410990238189697,-0.2098105400800705,2.3324122428894043,1.9461784362792969
0.364101767539978,0.5015978217124939,0.2939120829105377,-1.8730790615081787,-0.1964113712310791,2.346712350845337,1.9175021648406982
0.3571460545063019,0.48127931356430054,0.28203895688056946,-1.9038102626800537,-0.18397697806358337,2.360231399536133,1.8888258934020996
0.34948089718818665,0.4618024528026581,0.2710020840167999,-1.9333460330963135,-0.1724456399679184,2.3730196952819824,1.860149621963501
0.3410765826702118,0.4431232511997223,0.26076656579971313,-1.961732268333435,-0.16176344454288483,2.385122299194336,1.8314733505249023
0.3318963348865509,0.4252038300037384,0.2513136565685272,-1.9890081882476807,-0.15188555419445038,2.3965768814086914,1.8027970790863037
0.3219074010848999,0.4080119729042053,0.24262754619121552,-2.015206813812256,-0.14277206361293793,2.4074180126190186,1.774120807647705
0.31107479333877563,0.39152154326438904,0.23470036685466766,-2.040355920791626,-0.13438785076141357,2.4176766872406006,1.7454445362091064
0.2993597984313965,0.37570956349372864,0.22753556072711945,-2.064479112625122,-0.12670324742794037,2.4273791313171387,1.7167683839797974
0.28672611713409424,0.3605579733848572,0.22113704681396484,-2.0875964164733887,-0.11969008296728134,2.436549663543701,1.6880919933319092
0.27313530445098877,0.3460525870323181,0.21551574766635895,-2.1097235679626465,-0.11332368850708008,2.4452104568481445,1.6594158411026
0.25854963064193726,0.3321820795536041,0.21068650484085083,-2.130873680114746,-0.10758095979690552,2.4533801078796387,1.6307395696640015
0.24293206632137299,0.3189375102519989,0.20666629076004028,-2.151057243347168,-0.10243917256593704,2.461076498031616,1.6020632982254028
0.22624585032463074,0.3063129186630249,0.2034764140844345,-2.1702823638916016,-0.09787812829017639,2.4683151245117188,1.5733870267868042
0.20845845341682434,0.29430529475212097,0.2011365294456482,-2.1885550022125244,-0.09387737512588501,2.4751110076904297,1.5447107553482056
0.18953822553157806,0.2829121947288513,0.19966918230056763,-2.205878734588623,-0.09041640907526016,2.481475353240967,1.516034483909607
0.16946324706077576,0.27213555574417114,0.1990898698568344,-2.222256660461426,-0.08747415244579315,2.487421989440918,1.4873582124710083
0.1482141762971878,0.2619762718677521,0.19941502809524536,-2.237689733505249,-0.08503072708845139,2.4929604530334473,1.4586819410324097
0.1257840096950531,0.2524385154247284,0.20065145194530487,-2.252178192138672,-0.08306374400854111,2.498101234436035,1.430005669593811
0.10217567533254623,0.24352702498435974,0.20279894769191742,-2.2657201290130615,-0.08155129849910736,2.50285267829895,1.4013293981552124
0.07740727066993713,0.23524616658687592,0.20584502816200256,-2.2783141136169434,-0.08047014474868774,2.50722336769104,1.3726531267166138
0.05151163786649704,0.22760342061519623,0.20976534485816956,-2.2899580001831055,-0.07979655265808105,2.5112204551696777,1.3439769744873047
0.024545930325984955,0.22060450911521912,0.21451374888420105,-2.3006484508514404,-0.07950377464294434,2.5148510932922363,1.3153005838394165
-0.0034154525492340326,0.21425531804561615,0.22002951800823212,-2.31038236618042,-0.07956596463918686,2.5181221961975098,1.2866244316101074
-0.03227313980460167,0.20856234431266785,0.2262292504310608,-2.3191561698913574,-0.0799548476934433,2.52103853225708,1.2579480409622192
-0.061902936547994614,0.2035321742296219,0.23300737142562866,-2.3269665241241455,-0.08064159750938416,2.523606777191162,1.2292718887329102
-0.09215743839740753,0.1991671472787857,0.24023683369159698,-2.3338098526000977,-0.0815952718257904,2.5258302688598633,1.2005956172943115
-0.12285703420639038,0.19547060132026672,0.2477608621120453,-2.3396835327148438,-0.0827815905213356,2.527714490890503,1.171919345855713
-0.15382665395736694,0.19244465231895447,0.2554284632205963,-2.3445844650268555,-0.08417308330535889,2.529263496398926,1.1432430744171143
-0.18485505878925323,0.19008934497833252,0.2630542516708374,-2.3485097885131836,-0.08573368191719055,2.53048038482666,1.1145668029785156
-0.21572890877723694,0.18840278685092926,0.27045202255249023,-2.3514580726623535,-0.08742941915988922,2.5313687324523926,1.085890531539917
-0.2695537805557251,0.18507637083530426,0.3237026333808899,-2.360347270965576,-0.10264195501804352,2.533540725708008,1.0702781677246094
-0.3248380422592163,0.18228426575660706,0.3783406913280487,-2.3691649436950684,-0.11782567203044891,2.5355591773986816,1.0546658039093018
-0.38134467601776123,0.1800439953804016,0.43413111567497253,-2.377911329269409,-0.13298287987709045,2.5374252796173096,1.0390534400939941
-0.43879973888397217,0.17836768925189972,0.4908020496368408,-2.3865880966186523,-0.14811557531356812,2.539139747619629,1.0234410762786865
-0.49689608812332153,0.17726340889930725,0.5480476021766663,-2.395195245742798,-0.1632261574268341,2.5407018661499023,1.007828712463379
-0.5552950501441956,0.1767376959323883,0.6055311560630798,-2.4037342071533203,-0.178316131234169,2.542113780975342,0.9922162890434265
-0.613653838634491,0.17678922414779663,0.6629117131233215,-2.412205219268799,-0.19338788092136383,2.54337477684021,0.9766039252281189
-0.6716232895851135,0.17741511762142181,0.7198413610458374,-2.420609474182129,-0.20844297111034393,2.544485092163086,0.9609915614128113
-0.7288715243339539,0.1786043792963028,0.7759901285171509,-2.4289474487304688,-0.22348324954509735,2.5454444885253906,0.9453791975975037
-0.7850825786590576,0.1803472936153412,0.8310434222221375,-2.4372200965881348,-0.238510400056839,2.546253204345703,0.929766833782196
-0.8399879336357117,0.18262363970279694,0.8847338557243347,-2.445427894592285,-0.2535262405872345,2.5469095706939697,0.9141544103622437
-0.8933408856391907,0.18541716039180756,0.9368162155151367,-2.453571319580078,-0.2685320973396301,2.5474143028259277,0.898542046546936
-0.9449572563171387,0.1887042373418808,0.9871076941490173,-2.4616518020629883,-0.2835296392440796,2.5477657318115234,0.8829296827316284
-0.9946838021278381,0.1924617886543274,1.0354561805725098,-2.4696695804595947,-0.29852062463760376,2.5479636192321777,0.8673173189163208
-1.0424253940582275,0.196665957570076,1.0817677974700928,-2.477625608444214,-0.313506543636322,2.5480053424835205,0.8517049551010132
-1.0881085395812988,0.20129306614398956,1.1259701251983643,-2.485520362854004,-0.32848837971687317,2.54789137840271,0.8360925316810608
-1.1317108869552612,0.20632033050060272,1.1680419445037842,-2.493354320526123,-0.34346792101860046,2.547618865966797,0.8204801678657532
-1.1732324361801147,0.2117234468460083,1.2079843282699585,-2.5011284351348877,-0.3584465980529785,2.547186851501465,0.8048678040504456
-1.2127065658569336,0.21748076379299164,1.2458319664001465,-2.508843421936035,-0.3734254539012909,2.5465922355651855,0.7892554402351379
-1.2501747608184814,0.22357383370399475,1.2816267013549805,-2.5164999961853027,-0.3884061574935913,2.5458340644836426,0.7736430764198303
-1.2856982946395874,0.22998234629631042,1.315430998802185,-2.5240983963012695,-0.4033898711204529,2.544910192489624,0.7580307126045227
-1.3193570375442505,0.23669074475765228,1.3473258018493652,-2.531639337539673,-0.4183780252933502,2.543816328048706,0.7424183487892151
-1.3512272834777832,0.24368317425251007,1.3773878812789917,-2.539123773574829,-0.4333718419075012,2.542550563812256,0.7268059253692627
-1.3813904523849487,0.250946968793869,1.4056998491287231,-2.5465521812438965,-0.44837242364883423,2.5411105155944824,0.7111935615539551
-1.4099364280700684,0.2584698498249054,1.4323519468307495,-2.5539252758026123,-0.46338143944740295,2.539491653442383,0.6955811977386475
-1.436949610710144,0.2662420868873596,1.4574297666549683,-2.5612435340881348,-0.4784001410007477,2.5376908779144287,0.6799688339233398
-1.4625170230865479,0.2742556631565094,1.4810206890106201,-2.568507671356201,-0.49342942237854004,2.535703659057617,0.6643564701080322
-1.4867146015167236,0.28250280022621155,1.5032013654708862,-2.575718402862549,-0.5084707736968994,2.533527374267578,0.6487441062927246
-1.5096255540847778,0.2909789979457855,1.5240557193756104,-2.5828757286071777,-0.5235260725021362,2.5311553478240967,0.6331316828727722
-1.5313221216201782,0.2996790409088135,1.543656587600708,-2.5899810791015625,-0.5385956764221191,2.5285842418670654,0.6175193190574646
-1.551878571510315,0.30860111117362976,1.562078595161438,-2.5970346927642822,-0.5536819696426392,2.5258076190948486,0.601906955242157
-1.5713586807250977,0.31774312257766724,1.5793862342834473,-2.604037284851074,-0.5687851309776306,2.5228209495544434,0.5862945914268494
-1.5898264646530151,0.32710498571395874,1.5956439971923828,-2.6109890937805176,-0.5839075446128845,2.5196170806884766,0.5706822276115417
-1.6073411703109741,0.3366871774196625,1.6109113693237305,-2.6178908348083496,-0.599050760269165,2.5161900520324707,0.5550698637962341
-1.6239548921585083,0.34649091958999634,1.6252408027648926,-2.624743700027466,-0.6142154932022095,2.512533664703369,0.5394574999809265
-1.6397217512130737,0.35652026534080505,1.638687014579773,-2.6315479278564453,-0.6294043660163879,2.508638858795166,0.5238451361656189
-1.6546863317489624,0.3667778968811035,1.6512947082519531,-2.638303756713867,-0.6446179151535034,2.5044989585876465,0.5082327723503113
-1.668892502784729,0.3772695064544678,1.663107991218567,-2.645012140274048,-0.6598584055900574,2.500105381011963,0.4926203787326813
-1.6823840141296387,0.3880004584789276,1.6741708517074585,-2.6516737937927246,-0.6751274466514587,2.495448112487793,0.47700801491737366
-1.695195198059082,0.39897850155830383,1.684517502784729,-2.6582889556884766,-0.6904275417327881,2.4905176162719727,0.46139562129974365
-1.7073628902435303,0.4102112650871277,1.6941853761672974,-2.664858341217041,-0.7057599425315857,2.4853034019470215,0.44578322768211365
-1.7189183235168457,0.4217079281806946,1.7032057046890259,-2.6713826656341553,-0.7211270928382874,2.4797940254211426,0.43017083406448364
-1.7298898696899414,0.43347808718681335,1.711606502532959,-2.6778626441955566,-0.7365307211875916,2.4739785194396973,0.4145585000514984
-1.740308165550232,0.44553491473197937,1.7194185256958008,-2.684298276901245,-0.7519739866256714,2.467841148376465,0.3989461362361908
-1.750195860862732,0.4578884541988373,1.7266639471054077,-2.6906909942626953,-0.7674588561058044,2.4613709449768066,0.3833337426185608
-1.7595770359039307,0.4705546796321869,1.7333669662475586,-2.697040557861328,-0.7829886078834534,2.4545507431030273,0.3677213788032532
-1.7969865798950195,0.471610963344574,1.7381951808929443,-2.700183629989624,-0.7842278480529785,2.454529047012329,0.33909639716148376
-1.8320887088775635,0.47278735041618347,1.7409272193908691,-2.7020790576934814,-0.785621166229248,2.454165458679199,0.31047138571739197
-1.8648512363433838,0.4739944338798523,1.74160635471344,-2.702733039855957,-0.7870736122131348,2.4535162448883057,0.28184637427330017
-1.8952537775039673,0.4751521050930023,1.7402873039245605,-2.702155113220215,-0.7884901165962219,2.4526360034942627,0.25322139263153076
-1.9232873916625977,0.4761907756328583,1.7370338439941406,-2.7003579139709473,-0.78978031873703,2.4515743255615234,0.22459639608860016
-1.9489468336105347,0.4770509600639343,1.7319098711013794,-2.6973562240600586,-0.7908558249473572,2.450378656387329,0.19597139954566956
-1.972233772277832,0.4776823818683624,1.7249836921691895,-2.6931676864624023,-0.7916334271430969,2.4490914344787598,0.16734640300273895
-1.9931516647338867,0.47804680466651917,1.7163150310516357,-2.6878116130828857,-0.7920347452163696,2.447748899459839,0.13872140645980835
-2.0117039680480957,0.47811418771743774,1.7059623003005981,-2.681309223175049,-0.791987955570221,2.4463839530944824,0.11009640991687775
-2.0278985500335693,0.47786787152290344,1.693980097770691,-2.673682689666748,-0.7914285063743591,2.445019483566284,0.08147141337394714
-2.0417373180389404,0.4772956073284149,1.6804094314575195,-2.66495680809021,-0.7902965545654297,2.443678855895996,0.05284641310572624
-2.053225040435791,0.4763984978199005,1.6652870178222656,-2.655155658721924,-0.7885416746139526,2.4423747062683105,0.02422141283750534
-2.0623645782470703,0.47518453001976013,1.6486402750015259,-2.6443042755126953,-0.7861190438270569,2.441115617752075,-0.0044035762548446655
-2.06915545463562,0.47367048263549805,1.6304864883422852,-2.63242769241333,-0.7829917073249817,2.4399044513702393,-0.03302856162190437
-2.073598623275757,0.47188040614128113,1.6108373403549194,-2.6195507049560547,-0.7791289687156677,2.438739061355591,-0.06165357679128647
-2.075695514678955,0.46984657645225525,1.5896985530853271,-2.6056971549987793,-0.7745065093040466,2.4376111030578613,-0.09027855843305588
-2.0754449367523193,0.4676061272621155,1.5670676231384277,-2.590890407562256,-0.7691070437431335,2.436509609222412,-0.11890357732772827
-2.0728487968444824,0.46520406007766724,1.5429396629333496,-2.5751523971557617,-0.7629176378250122,2.435417652130127,-0.14752855896949768
-2.0679097175598145,0.462688148021698,1.5173060894012451,-2.5585038661956787,-0.7559307217597961,2.4343173503875732,-0.1761535406112671
-2.060635566711426,0.4601133167743683,1.490159034729004,-2.5409634113311768,-0.7481430172920227,2.43318510055542,-0.2047785520553589
-2.051036834716797,0.4575364291667938,1.4614900350570679,-2.522548198699951,-0.7395559549331665,2.431997537612915,-0.2334035336971283
-2.0391323566436768,0.4550187587738037,1.4312955141067505,-2.5032734870910645,-0.7301729917526245,2.430727005004883,-0.2620285451412201
-2.0249457359313965,0.45262399315834045,1.3995747566223145,-2.483152389526367,-0.720000684261322,2.4293463230133057,-0.2906535267829895
-2.008511543273926,0.45041728019714355,1.3663347959518433,-2.46219539642334,-0.7090484499931335,2.4278271198272705,-0.3192785382270813
-1.9898773431777954,0.44846659898757935,1.331594705581665,-2.44041109085083,-0.6973269581794739,2.426138162612915,-0.3479035198688507
-1.9690966606140137,0.44683948159217834,1.295377492904663,-2.4178049564361572,-0.6848474144935608,2.424251079559326,-0.3765285313129425
-1.9462426900863647,0.4456048607826233,1.2577235698699951,-2.3943800926208496,-0.6716226935386658,2.4221343994140625,-0.4051535129547119
-1.9214015007019043,0.4448321759700775,1.2186890840530396,-2.3701376914978027,-0.6576666235923767,2.4197568893432617,-0.4337784945964813
-1.8946702480316162,0.444588840007782,1.1783361434936523,-2.34507417678833,-0.64299076795578,2.4170897006988525,-0.4624035656452179
-1.8661675453186035,0.4449419677257538,1.136749029159546,-2.3191850185394287,-0.6276088356971741,2.4141011238098145,-0.4910285472869873
-1.8360259532928467,0.4459572434425354,1.0940253734588623,-2.292461395263672,-0.6115319132804871,2.410759449005127,-0.5196534991264343
-1.8043878078460693,0.44769856333732605,1.0502710342407227,-2.264890670776367,-0.5947703123092651,2.407034397125244,-0.5482785105705261
-1.7714102268218994,0.4502280354499817,1.0056064128875732,-2.2364578247070312,-0.5773341059684753,2.4028947353363037,-0.5769034624099731
-1.7372629642486572,0.45360416173934937,0.9601635336875916,-2.2071428298950195,-0.55922931432724,2.3983070850372314,-0.6055285334587097
-1.7021211385726929,0.4578857719898224,0.9140779972076416,-2.17692232131958,-0.5404629707336426,2.3932387828826904,-0.6341534852981567
-1.6661632061004639,0.4631255865097046,0.8674879670143127,-2.1457676887512207,-0.5210350751876831,2.387655258178711,-0.6627784967422485
-1.6295719146728516,0.469377726316452,0.8205336928367615,-2.113645076751709,-0.5009474754333496,2.3815197944641113,-0.6914034485816956
-1.5925267934799194,0.4766930639743805,0.7733504176139832,-2.0805160999298096,-0.4801962077617645,2.3747940063476562,-0.7200284600257874
-1.5551971197128296,0.48512181639671326,0.7260604500770569,-2.0463342666625977,-0.4587729275226593,2.3674376010894775,-0.7486535310745239
-1.5177499055862427,0.4947139620780945,0.6787800192832947,-2.011047124862671,-0.43666431307792664,2.359405040740967,-0.777278482913971
-1.5201853513717651,0.49799397587776184,0.6835839152336121,-2.008652687072754,-0.4413088262081146,2.3573226928710938,-0.7971816062927246
-1.5225980281829834,0.5013022422790527,0.6883781552314758,-2.0062460899353027,-0.4459711015224457,2.3552160263061523,-0.8170846700668335
-1.524986743927002,0.5046389698982239,0.69316166639328,-2.0038275718688965,-0.4506511986255646,2.353085517883301,-0.8369877934455872
-1.527352213859558,0.5080043077468872,0.6979354619979858,-2.001396656036377,-0.4553486108779907,2.3509304523468018,-0.8568909168243408
-1.5296950340270996,0.5113993287086487,0.702700674533844,-1.9989534616470337,-0.46006524562835693,2.348750352859497,-0.8767939805984497
-1.5320149660110474,0.5148231387138367,0.7074570059776306,-1.9964981079101562,-0.4647996127605438,2.3465449810028076,-0.8966971039772034
-1.5343126058578491,0.5182769298553467,0.7122054696083069,-1.9940305948257446,-0.4695528745651245,2.3443145751953125,-0.9166001677513123
-1.5365877151489258,0.521760880947113,0.7169459462165833,-1.9915505647659302,-0.474325954914093,2.3420584201812744,-0.9365032911300659
-1.5388422012329102,0.5252748727798462,0.7216809988021851,-1.9890581369400024,-0.47911831736564636,2.339775562286377,-0.9564064145088196
-1.5410740375518799,0.5288196206092834,0.7264086604118347,-1.9865533113479614,-0.4839300215244293,2.3374667167663574,-0.9763094782829285
-1.5432850122451782,0.532395601272583,0.7311307787895203,-1.9840360879898071,-0.488762766122818,2.3351311683654785,-0.9962126016616821
-1.5454745292663574,0.5360029935836792,0.7358475923538208,-1.98150634765625,-0.4936152398586273,2.332768678665161,-1.016115665435791
-1.5476431846618652,0.5396414399147034,0.7405596971511841,-1.9789639711380005,-0.498488187789917,2.330378532409668,-1.0360188484191895
-1.5497922897338867,0.543313205242157,0.7452688813209534,-1.9764090776443481,-0.5033836960792542,2.327960252761841,-1.0559219121932983
-1.5519200563430786,0.5470161437988281,0.7499735355377197,-1.973841667175293,-0.5082992315292358,2.325514316558838,-1.0758249759674072
-1.5540285110473633,0.5507527589797974,0.7546760439872742,-1.9712612628936768,-0.5132371783256531,2.3230390548706055,-1.0957281589508057
-1.5561177730560303,0.5545225143432617,0.7593770027160645,-1.9686684608459473,-0.5181980729103088,2.320535182952881,-1.1156312227249146
-1.5581861734390259,0.5583260655403137,0.7640748620033264,-1.9660629034042358,-0.5231805443763733,2.318002223968506,-1.1355342864990234
-1.560235619544983,0.5621634721755981,0.7687722444534302,-1.9634443521499634,-0.5281866192817688,2.315439224243164,-1.1554374694824219
-1.5622667074203491,0.5660356283187866,0.7734699845314026,-1.960813045501709,-0.5332157611846924,2.3128459453582764,-1.1753405332565308
-1.5642756223678589,0.5699414610862732,0.7781640887260437,-1.958168864250183,-0.5382658839225769,2.310222864151001,-1.1952435970306396
-1.5662696361541748,0.5738842487335205,0.7828632593154907,-1.9555116891860962,-0.543343722820282,2.307567834854126,-1.215146780014038
-1.5682452917099,0.5778630971908569,0.7875641584396362,-1.9528414011001587,-0.548446536064148,2.3048810958862305,-1.235049843788147
-1.5702024698257446,0.5818783044815063,0.7922666668891907,-1.9501583576202393,-0.5535736680030823,2.3021621704101562,-1.2549529075622559
-1.5721427202224731,0.5859307646751404,0.7969731092453003,-1.9474618434906006,-0.5587270259857178,2.299410343170166,-1.2748559713363647
-1.5740638971328735,0.5900201797485352,0.801681637763977,-1.9447523355484009,-0.5639060735702515,2.296626567840576,-1.2947591543197632
-1.5759681463241577,0.5941475033760071,0.8063947558403015,-1.9420298337936401,-0.569111168384552,2.293808937072754,-1.314662218093872
-1.5778549909591675,0.5983138084411621,0.8111125826835632,-1.9392938613891602,-0.5743440985679626,2.290957450866699,-1.334565281867981
-1.579725742340088,0.6025190949440002,0.815837025642395,-1.93654465675354,-0.57960444688797,2.2880704402923584,-1.3544684648513794
-1.5815787315368652,0.6067637205123901,0.8205664753913879,-1.9337821006774902,-0.5848923325538635,2.285149574279785,-1.3743715286254883
-1.583414912223816,0.611048698425293,0.82530277967453,-1.9310060739517212,-0.5902085304260254,2.2821927070617676,-1.3942747116088867
-1.585235834121704,0.615374743938446,0.830048143863678,-1.9282169342041016,-0.5955550670623779,2.2791993618011475,-1.4141777753829956
-1.587039828300476,0.6197423338890076,0.8348008394241333,-1.925413966178894,-0.6009305119514465,2.2761693000793457,-1.4340808391571045
-1.588828682899475,0.6241523623466492,0.8395639657974243,-1.9225974082946777,-0.6063368916511536,2.273101568222046,-1.4539839029312134
-1.5906004905700684,0.6286046504974365,0.8443355560302734,-1.9197673797607422,-0.6117734909057617,2.269996166229248,-1.4738870859146118
-1.5923571586608887,0.6331005096435547,0.8491183519363403,-1.9169237613677979,-0.617241621017456,2.266852378845215,-1.4937901496887207
-1.5940989255905151,0.6376410126686096,0.8539132475852966,-1.914066195487976,-0.6227426528930664,2.2636687755584717,-1.5136932134628296
-1.595824956893921,0.6422265768051147,0.8587198853492737,-1.911194920539856,-0.6282759308815002,2.2604451179504395,-1.533596396446228
-1.5975358486175537,0.6468578577041626,0.8635398149490356,-1.9083095788955688,-0.633843183517456,2.25718092918396,-1.553499460220337
-1.5992324352264404,0.6515358090400696,0.8683740496635437,-1.905410647392273,-0.6394446492195129,2.2538750171661377,-1.5734025239944458
-1.6009140014648438,0.6562604904174805,0.8732227087020874,-1.90249764919281,-0.6450807452201843,2.2505273818969727,-1.5933057069778442
-1.6025804281234741,0.6610336899757385,0.878086507320404,-1.8995707035064697,-0.6507523655891418,2.2471368312835693,-1.6132087707519531
-1.604232907295227,0.6658560633659363,0.8829673528671265,-1.8966294527053833,-0.6564608812332153,2.2437026500701904,-1.6331119537353516
-1.6058720350265503,0.6707283854484558,0.8878666162490845,-1.8936741352081299,-0.6622070670127869,2.240222930908203,-1.6530150175094604
-1.6074963808059692,0.6756516695022583,0.8927833437919617,-1.89070463180542,-0.6679912209510803,2.236699104309082,-1.6729179620742798
-1.6091068983078003,0.6806267499923706,0.8977198004722595,-1.8877207040786743,-0.6738141775131226,2.233128070831299,-1.6928211450576782
-1.610703706741333,0.6856546998023987,0.9026763439178467,-1.8847225904464722,-0.6796770095825195,2.2295103073120117,-1.712724208831787
-1.6122868061065674,0.6907356381416321,0.9076542258262634,-1.8817100524902344,-0.6855803728103638,2.2258448600769043,-1.7326273918151855
-1.6138572692871094,0.6958725452423096,0.9126554727554321,-1.8786829710006714,-0.6915265321731567,2.2221293449401855,-1.7525304555892944
-1.615412950515747,0.7010647654533386,0.9176782965660095,-1.8756413459777832,-0.6975144743919373,2.21836519241333,-1.7724335193634033
-1.6169567108154297,0.7063146233558655,0.922727108001709,-1.8725849390029907,-0.7035463452339172,2.2145490646362305,-1.7923367023468018
-1.6184872388839722,0.7116228342056274,0.9278013706207275,-1.869513988494873,-0.7096238136291504,2.2106809616088867,-1.8122397661209106
-1.6200045347213745,0.7169899344444275,0.9329020380973816,-1.866428256034851,-0.7157467007637024,2.2067599296569824,-1.832142949104309
-1.6215089559555054,0.7224185466766357,0.9380306005477905,-1.8633276224136353,-0.7219167947769165,2.202784776687622,-1.8520458936691284
-1.6230006217956543,0.727908730506897,0.9431882500648499,-1.860211968421936,-0.7281348705291748,2.198753833770752,-1.8719489574432373
-1.6244803667068481,0.7334625124931335,0.9483768939971924,-1.857081413269043,-0.734402596950531,2.1946661472320557,-1.8918521404266357
-1.6259466409683228,0.7390809655189514,0.9535960555076599,-1.8539358377456665,-0.740720808506012,2.190521001815796,-1.9117553234100342
-1.6274014711380005,0.7447657585144043,0.958849310874939,-1.8507750034332275,-0.7470917105674744,2.1863160133361816,-1.931658387184143
-1.6288433074951172,0.750518262386322,0.9641359448432922,-1.8475991487503052,-0.7535156011581421,2.182051181793213,-1.9515615701675415
-1.6302732229232788,0.7563404440879822,0.969458818435669,-1.8444076776504517,-0.759994387626648,2.1777236461639404,-1.9714646339416504
-1.6316908597946167,0.762233555316925,0.974818766117096,-1.841200828552246,-0.7665296792984009,2.173333168029785,-1.9913676977157593
-1.6330968141555786,0.7681992053985596,0.9802175760269165,-1.8379788398742676,-0.7731228470802307,2.168877601623535,-2.011270761489868
-1.6344902515411377,0.7742395997047424,0.9856563806533813,-1.8347409963607788,-0.7797753810882568,2.164355516433716,-2.0311739444732666
-1.6358717679977417,0.780356764793396,0.9911372065544128,-1.8314875364303589,-0.7864896655082703,2.1597650051116943,-2.051077127456665
-1.6372421979904175,0.7865520715713501,0.9966621994972229,-1.8282183408737183,-0.7932669520378113,2.155104398727417,-2.0709800720214844
-1.6386007070541382,0.7928273677825928,1.002232313156128,-1.8249332904815674,-0.8001088500022888,2.15037202835083,-2.090883255004883
-1.6399472951889038,0.7991864085197449,1.007850170135498,-1.8216325044631958,-0.8070186972618103,2.1455657482147217,-2.110786199569702
-1.641282081604004,0.805629312992096,1.0135164260864258,-1.8183156251907349,-0.8139961957931519,2.1406843662261963,-2.1306893825531006
-1.6426045894622803,0.8121590614318848,1.019233226776123,-1.8149826526641846,-0.8210447430610657,2.135725498199463,-2.150592565536499
-1.643916130065918,0.8187792897224426,1.025004506111145,-1.8116333484649658,-0.8281673789024353,2.130686044692993,-2.1704955101013184
-1.645216464996338,0.8254909515380859,1.0308310985565186,-1.8082679510116577,-0.8353652954101562,2.1255645751953125,-2.190398693084717
-1.6465048789978027,0.8322978615760803,1.0367152690887451,-1.804885983467102,-0.8426414728164673,2.120358467102051,-2.2103018760681152
-1.647781252861023,0.8392024636268616,1.0426592826843262,-1.801487684249878,-0.849998414516449,2.115065813064575,-2.2302048206329346
-1.6490461826324463,0.8462072014808655,1.0486655235290527,-1.7980728149414062,-0.8574381470680237,2.1096835136413574,-2.250108003616333
-1.6502995491027832,0.853316605091095,1.0547380447387695,-1.7946410179138184,-0.8649660348892212,2.104207992553711,-2.2700109481811523
-1.6515406370162964,0.8605324625968933,1.0608770847320557,-1.7911927700042725,-0.8725811839103699,2.0986382961273193,-2.28991436958313
-1.6527706384658813,0.8678596019744873,1.0670883655548096,-1.7877273559570312,-0.880290150642395,2.0929691791534424,-2.309817314147949
-1.6539888381958008,0.8753007650375366,1.0733729600906372,-1.7842451333999634,-0.8880952000617981,2.0871989727020264,-2.3297204971313477
-1.6551949977874756,0.8828597664833069,1.0797348022460938,-1.7807456254959106,-0.895999550819397,2.0813238620758057,-2.349623680114746
-1.6563889980316162,0.8905418515205383,1.0861773490905762,-1.7772290706634521,-0.9040079116821289,2.0753395557403564,-2.3695266246795654
-1.6575706005096436,0.8983500599861145,1.0927033424377441,-1.7736951112747192,-0.9121230244636536,2.0692434310913086,-2.3894295692443848
-1.658740758895874,0.9062899947166443,1.0993183851242065,-1.770143747329712,-0.9203504920005798,2.0630300045013428,-2.4093329906463623
-1.6598979234695435,0.9143662452697754,1.1060248613357544,-1.7665746212005615,-0.9286941885948181,2.0566959381103516,-2.4292359352111816
-1.6610426902770996,0.9225846529006958,1.1128283739089966,-1.7629879713058472,-0.9371598958969116,2.0502357482910156,-2.44913911819458
-1.6621752977371216,0.9309507012367249,1.1197330951690674,-1.7593834400177002,-0.9457525014877319,2.043644905090332,-2.4690420627593994
-1.663295030593872,0.9394703507423401,1.1267446279525757,-1.7557611465454102,-0.9544779658317566,2.0369176864624023,-2.488945245742798
-1.6644004583358765,0.9481489062309265,1.1338655948638916,-1.7521207332611084,-0.9633406400680542,2.03005051612854,-2.5088484287261963
-1.6654928922653198,0.9569951891899109,1.1411044597625732,-1.748462200164795,-0.9723487496376038,2.0230345726013184,-2.5287516117095947
-1.6665722131729126,0.9660163521766663,1.1484670639038086,-1.7447853088378906,-0.9815090298652649,2.015864372253418,-2.548654556274414
