0.5288625955581665,0.8990511298179626,0.2423168122768402,-1.1763572692871094,-0.21343781054019928,2.05145263671875,-1.5748203992843628
0.5527992844581604,0.8627411723136902,0.19911770522594452,-1.2333641052246094,-0.17293351888656616,2.0798122882843018,-1.5601441860198975
0.5774675607681274,0.8295170068740845,0.15901345014572144,-1.2864413261413574,-0.13616661727428436,2.1055445671081543,-1.5454679727554321
0.6028891801834106,0.7988389730453491,0.1211080327630043,-1.336305856704712,-0.1022450402379036,2.129115104675293,-1.5307917594909668
0.6290883421897888,0.7703177332878113,0.08477659523487091,-1.383481502532959,-0.07055459171533585,2.1508586406707764,-1.5161155462265015
0.6560956835746765,0.7436618804931641,0.04955659061670303,-1.4283621311187744,-0.04064991697669029,2.1710269451141357,-1.5014393329620361
0.6839436292648315,0.7186521291732788,0.015096168033778667,-1.47125244140625,-0.012202834710478783,2.189812660217285,-1.4867631196975708
0.7126690149307251,0.6951159834861755,-0.018885327503085136,-1.512397289276123,0.015041409991681576,2.2073709964752197,-1.4720869064331055
0.7423089742660522,0.6729174852371216,-0.05261413753032684,-1.5519928932189941,0.04128038510680199,2.2238240242004395,-1.4574106931686401
0.7729036808013916,0.651950478553772,-0.08628097176551819,-1.5902011394500732,0.06667431443929672,2.2392728328704834,-1.4427344799041748
0.8044927716255188,0.6321285367012024,-0.12004613131284714,-1.627157211303711,0.09135101735591888,2.2537999153137207,-1.4280582666397095
0.8371180891990662,0.6133831739425659,-0.1540502905845642,-1.6629754304885864,0.1154182031750679,2.267475128173828,-1.4133820533752441
0.8708194494247437,0.5956600904464722,-0.18841449916362762,-1.6977537870407104,0.13896499574184418,2.2803573608398438,-1.3987058401107788
0.9056382775306702,0.5789161920547485,-0.2232479304075241,-1.7315757274627686,0.16206878423690796,2.292494773864746,-1.3840296268463135
0.9053139090538025,0.5776433348655701,-0.22665680944919586,-1.7343027591705322,0.16433505713939667,2.293422222137451,-1.3645787239074707
0.904974102973938,0.5763998627662659,-0.23005357384681702,-1.7369842529296875,0.166590616106987,2.294328212738037,-1.3451277017593384
0.9046201109886169,0.575186014175415,-0.2334388941526413,-1.7396211624145508,0.16883490979671478,2.295213460922241,-1.3256767988204956
0.9042506217956543,0.5740015506744385,-0.23681217432022095,-1.7422122955322266,0.1710686981678009,2.2960777282714844,-1.3062258958816528
0.9038655161857605,0.5728458762168884,-0.24017275869846344,-1.7447595596313477,0.17329174280166626,2.296921730041504,-1.2867748737335205
0.903465211391449,0.5717194080352783,-0.24352160096168518,-1.7472617626190186,0.17550505697727203,2.2977449893951416,-1.2673239707946777
0.9030491709709167,0.5706225037574768,-0.24685819447040558,-1.749719262123108,0.17770743370056152,2.2985477447509766,-1.247873067855835
0.9026183485984802,0.569553792476654,-0.25018343329429626,-1.752132773399353,0.1799001395702362,2.299330234527588,-1.2284220457077026
0.9021711349487305,0.5685145854949951,-0.253495991230011,-1.7545018196105957,0.18208369612693787,2.3000926971435547,-1.2089711427688599
0.9017094969749451,0.5675040483474731,-0.25679776072502136,-1.7568268775939941,0.1842575967311859,2.3008346557617188,-1.189520239830017
0.9012286067008972,0.5665210485458374,-0.26008379459381104,-1.759108304977417,0.186420276761055,2.301556348800659,-1.1700692176818848
0.9007346034049988,0.5655673742294312,-0.2633606791496277,-1.7613451480865479,0.1885761320590973,2.302258014678955,-1.150618314743042
0.9002251625061035,0.5646425485610962,-0.26662641763687134,-1.7635385990142822,0.19072328507900238,2.3029398918151855,-1.1311674118041992
0.8996993899345398,0.5637457370758057,-0.26987946033477783,-1.765688419342041,0.19286204874515533,2.3036017417907715,-1.111716389656067
0.8991588354110718,0.5628779530525208,-0.2731221318244934,-1.7677946090698242,0.1949937492609024,2.304243564605713,-1.0922654867172241
0.8986021280288696,0.5620381236076355,-0.27635276317596436,-1.7698571681976318,0.19711638987064362,2.304865598678589,-1.0728145837783813
0.8980302214622498,0.5612260699272156,-0.27957233786582947,-1.7718769311904907,0.199232280254364,2.3054680824279785,-1.0533636808395386
0.8974416851997375,0.5604432821273804,-0.2827797830104828,-1.773853063583374,0.20134104788303375,2.306051015853882,-1.0339126586914062
0.8968376517295837,0.5596884489059448,-0.285975843667984,-1.77578604221344,0.20344197750091553,2.306614398956299,-1.0144617557525635
0.8962177038192749,0.5589611530303955,-0.2891603708267212,-1.777675986289978,0.20553617179393768,2.307157516479492,-0.9950107932090759
0.8955813646316528,0.5582623481750488,-0.29233318567276,-1.7795231342315674,0.2076236456632614,2.3076817989349365,-0.9755598306655884
0.8949293494224548,0.5575919151306152,-0.29549485445022583,-1.7813271284103394,0.20970512926578522,2.3081865310668945,-0.9561088681221008
0.8942620754241943,0.5569488406181335,-0.2986457347869873,-1.7830883264541626,0.21178041398525238,2.308671474456787,-0.9366579651832581
0.8935789465904236,0.5563338994979858,-0.30178555846214294,-1.7848069667816162,0.2138502299785614,2.3091371059417725,-0.9172070026397705
0.8928795456886292,0.5557471513748169,-0.3049137592315674,-1.7864829301834106,0.21591389179229736,2.3095836639404297,-0.8977560997009277
0.8921639323234558,0.5551878809928894,-0.3080303966999054,-1.7881160974502563,0.21797189116477966,2.3100104331970215,-0.8783051371574402
0.8914324641227722,0.554656982421875,-0.3111358880996704,-1.789706826210022,0.2200246900320053,2.3104186058044434,-0.8588542342185974
0.8906850814819336,0.5541538000106812,-0.3142305314540863,-1.7912551164627075,0.22207306325435638,2.310807228088379,-0.8394032716751099
0.8899217844009399,0.5536782741546631,-0.3173138499259949,-1.792761206626892,0.22411653399467468,2.3111767768859863,-0.8199523091316223
0.8891430497169495,0.5532306432723999,-0.3203868865966797,-1.794224739074707,0.22615541517734528,2.3115267753601074,-0.8005014061927795
0.8883479237556458,0.5528107285499573,-0.32344850897789,-1.795645833015442,0.22819045186042786,2.3118579387664795,-0.781050443649292
0.8875371813774109,0.5524182319641113,-0.32649925351142883,-1.7970249652862549,0.23022109270095825,2.3121695518493652,-0.7615994811058044
0.8867110013961792,0.5520541071891785,-0.32953980565071106,-1.7983617782592773,0.23224832117557526,2.312462091445923,-0.7421485781669617
0.8858678936958313,0.5517175793647766,-0.332568496465683,-1.799656629562378,0.23427198827266693,2.3127357959747314,-0.7226976156234741
0.8850104808807373,0.5514083504676819,-0.33558788895606995,-1.800909399986267,0.23629267513751984,2.3129899501800537,-0.7032467126846313
0.8841361403465271,0.5511269569396973,-0.3385954201221466,-1.8021199703216553,0.23830968141555786,2.313225746154785,-0.6837957501411438
0.8832460045814514,0.5508734583854675,-0.3415925204753876,-1.8032888174057007,0.24032407999038696,2.3134422302246094,-0.664344847202301
0.8823410868644714,0.5506476163864136,-0.34457993507385254,-1.8044154644012451,0.24233660101890564,2.313638925552368,-0.6448938250541687
0.8814204931259155,0.5504494905471802,-0.347557008266449,-1.8055002689361572,0.24434664845466614,2.313817024230957,-0.6254429817199707
0.8804826140403748,0.5502795577049255,-0.3505220413208008,-1.8065431118011475,0.24635440111160278,2.313976526260376,-0.6059919595718384
0.8795314431190491,0.5501362085342407,-0.3534790873527527,-1.807544231414795,0.2483605146408081,2.3141160011291504,-0.5865410566329956
0.8785637021064758,0.550021231174469,-0.3564249575138092,-1.8085036277770996,0.25036484003067017,2.314236640930176,-0.5670900940895081
0.8003421425819397,0.5491000413894653,-0.27575039863586426,-1.7912501096725464,0.19419409334659576,2.313897132873535,-0.5351911187171936
0.7221992015838623,0.551531970500946,-0.1945960968732834,-1.7731574773788452,0.13772986829280853,2.3114819526672363,-0.5032921433448792
0.6446811556816101,0.5573076605796814,-0.11335910111665726,-1.7541964054107666,0.08082389086484909,2.306990623474121,-0.4713931679725647
0.5683011412620544,0.5664304494857788,-0.03238987550139427,-1.7343361377716064,0.023314429447054863,2.30039381980896,-0.43949419260025024
0.4935126006603241,0.5789218544960022,0.048038702458143234,-1.7135419845581055,-0.034979335963726044,2.2916321754455566,-0.4075952172279358
0.4206972122192383,0.5948266983032227,0.12775155901908875,-1.6917765140533447,-0.09426683187484741,2.280611038208008,-0.37569624185562134
0.3501550853252411,0.6142232418060303,0.20669107139110565,-1.6689982414245605,-0.15479053556919098,2.267200231552124,-0.3437972366809845
0.282105028629303,0.6372342109680176,0.2849208414554596,-1.6451606750488281,-0.21684446930885315,2.2512223720550537,-0.31189826130867004
0.21668866276741028,0.6640430092811584,0.36264804005622864,-1.6202129125595093,-0.2807862162590027,2.232445240020752,-0.2799992859363556
0.15398044884204865,0.6949188113212585,0.44023212790489197,-1.594095230102539,-0.3470672369003296,2.2105612754821777,-0.24810032546520233
0.09400210529565811,0.7302426099777222,0.5182044506072998,-1.5667407512664795,-0.4162627160549164,2.1851699352264404,-0.21620135009288788
0.03673321008682251,0.7705556750297546,0.5973151326179504,-1.5380728244781494,-0.4891359806060791,2.1557295322418213,-0.18430237472057343
-0.017872555181384087,0.8166389465332031,0.6786069273948669,-1.5080018043518066,-0.5667338371276855,2.121499538421631,-0.15240339934825897
-0.015412618406116962,0.8021953105926514,0.6617558598518372,-1.5220441818237305,-0.5491232872009277,2.1324515342712402,-0.17956136167049408
-0.012922307476401329,0.7882586717605591,0.6453843712806702,-1.535771369934082,-0.5321086645126343,2.142969846725464,-0.20671933889389038
-0.010402039624750614,0.7747975587844849,0.6294482350349426,-1.5491952896118164,-0.515643835067749,2.1530814170837402,-0.2338773012161255
-0.007851049304008484,0.7617859244346619,0.6139078140258789,-1.5623245239257812,-0.49968841671943665,2.1628096103668213,-0.2610352635383606
-0.005269232206046581,0.7491989135742188,0.5987277030944824,-1.5751676559448242,-0.4842069149017334,2.1721763610839844,-0.2881932556629181
-0.0026563520077615976,0.7370143532752991,0.5838761329650879,-1.5877344608306885,-0.4691653549671173,2.181201219558716,-0.3153511881828308
-1.147847251559142e-05,0.725212037563324,0.569323718547821,-1.6000325679779053,-0.45453575253486633,2.1899023056030273,-0.3425091803073883
0.002666052198037505,0.7137745022773743,0.5550442934036255,-1.612068772315979,-0.4402904510498047,2.198295831680298,-0.3696671426296234
0.005377054680138826,0.7026844024658203,0.5410136580467224,-1.6238503456115723,-0.426406592130661,2.2063963413238525,-0.3968251049518585
0.008121372200548649,0.6919267773628235,0.52721107006073,-1.6353832483291626,-0.4128614366054535,2.2142174243927,-0.423983097076416
0.010900010354816914,0.6814877986907959,0.5136160254478455,-1.6466737985610962,-0.39963608980178833,2.2217721939086914,-0.45114102959632874
0.013714520260691643,0.671355128288269,0.5002097487449646,-1.6577272415161133,-0.3867117762565613,2.229072093963623,-0.47829899191856384
0.01656430773437023,0.6615159511566162,0.4869764447212219,-1.668549656867981,-0.37407198548316956,2.2361273765563965,-0.5054569840431213
0.01945127733051777,0.6519607305526733,0.4738997220993042,-1.6791452169418335,-0.3617016077041626,2.2429487705230713,-0.5326149463653564
0.02237648144364357,0.64267897605896,0.4609646201133728,-1.6895188093185425,-0.34958556294441223,2.2495453357696533,-0.5597729086875916
0.025339504703879356,0.6336610913276672,0.44815927743911743,-1.6996746063232422,-0.33771225810050964,2.255924940109253,-0.5869308710098267
0.028342606499791145,0.6248985528945923,0.43546950817108154,-1.7096171379089355,-0.326067715883255,2.262096881866455,-0.6140888929367065
0.03138577938079834,0.6163842082023621,0.42288488149642944,-1.7193498611450195,-0.3146418333053589,2.2680678367614746,-0.6412467956542969
0.03446933627128601,0.6081101298332214,0.41039523482322693,-1.7288765907287598,-0.30342477560043335,2.2738447189331055,-0.668404757976532
0.03759472817182541,0.6000692248344421,0.3979893922805786,-1.7382012605667114,-0.29240548610687256,2.2794349193573,-0.6955627799034119
0.04076286405324936,0.5922556519508362,0.3856584131717682,-1.7473258972167969,-0.28157496452331543,2.284843921661377,-0.7227206826210022
0.04397378861904144,0.5846633315086365,0.37339410185813904,-1.7562544345855713,-0.2709256112575531,2.2900774478912354,-0.7498787045478821
0.04722876846790314,0.5772867202758789,0.36118751764297485,-1.7649896144866943,-0.2604483962059021,2.29514217376709,-0.7770366668701172
0.05052745342254639,0.5701205134391785,0.3490324020385742,-1.7735339403152466,-0.2501370310783386,2.300041675567627,-0.8041945695877075
0.05387107655405998,0.5631598830223083,0.33692073822021484,-1.7818903923034668,-0.23998355865478516,2.304781436920166,-0.8313526511192322
0.05725986510515213,0.5564007759094238,0.32484638690948486,-1.7900612354278564,-0.2299814671278,2.3093667030334473,-0.8585105538368225
0.06069372221827507,0.5498378872871399,0.3128037750720978,-1.7980492115020752,-0.2201249599456787,2.313800573348999,-0.8856685161590576
0.06417373567819595,0.5434693098068237,0.3007863759994507,-1.8058555126190186,-0.21040743589401245,2.3180880546569824,-0.9128265380859375
0.06769921630620956,0.5372892618179321,0.2887899577617645,-1.8134828805923462,-0.20082373917102814,2.322232484817505,-0.9399844408035278
0.07127118855714798,0.5312958359718323,0.2768087387084961,-1.820933222770691,-0.19136777520179749,2.3262381553649902,-0.9671424031257629
0.0748884454369545,0.5254848599433899,0.2648395299911499,-1.8282082080841064,-0.18203561007976532,2.330108165740967,-0.9943004250526428
0.07855169475078583,0.5198532938957214,0.25287750363349915,-1.8353102207183838,-0.17282173037528992,2.333845615386963,-1.021458387374878
0.08226022124290466,0.5143999457359314,0.24091961979866028,-1.8422393798828125,-0.16372211277484894,2.337453603744507,-1.0486162900924683
0.08601361513137817,0.5091201066970825,0.2289622575044632,-1.848998785018921,-0.15473167598247528,2.340935468673706,-1.0757743120193481
0.08981199562549591,0.5040124654769897,0.21700209379196167,-1.8555893898010254,-0.14584589004516602,2.3442938327789307,-1.1029322147369385
0.09365393221378326,0.49907374382019043,0.2050371617078781,-1.8620123863220215,-0.1370612233877182,2.3475308418273926,-1.1300902366638184
0.09753860533237457,0.4943036735057831,0.19306540489196777,-1.868269681930542,-0.12837426364421844,2.3506500720977783,-1.1572482585906982
0.10146883875131607,0.4896981418132782,0.18108071386814117,-1.8743619918823242,-0.11977848410606384,2.3536536693573,-1.1844061613082886
0.10543665289878845,0.48525676131248474,0.16908887028694153,-1.8802909851074219,-0.11127522587776184,2.3565433025360107,-1.211564064025879
0.10944297909736633,0.4809769093990326,0.1570860743522644,-1.8860573768615723,-0.1028587594628334,2.359321355819702,-1.2387220859527588
0.11348842829465866,0.4768575131893158,0.14506928622722626,-1.8916620016098022,-0.09452494233846664,2.361989974975586,-1.2658801078796387
0.11757005006074905,0.4728970229625702,0.13303923606872559,-1.897106647491455,-0.08627167344093323,2.364551067352295,-1.293038010597229
0.12168615311384201,0.4690934121608734,0.12099537253379822,-1.9023916721343994,-0.07809533178806305,2.367006540298462,-1.3201960325241089
0.12583646178245544,0.46544528007507324,0.10893581062555313,-1.9075180292129517,-0.06999162584543228,2.3693575859069824,-1.3473539352416992
0.13001702725887299,0.4619527757167816,0.09686274081468582,-1.9124864339828491,-0.06195932254195213,2.3716070652008057,-1.3745118379592896
0.1342269331216812,0.45861294865608215,0.08477512001991272,-1.917298436164856,-0.05399459972977638,2.373755931854248,-1.401669979095459
0.13846226036548615,0.4554254710674286,0.07267529517412186,-1.9219540357589722,-0.04609544575214386,2.375805139541626,-1.4288278818130493
0.14272169768810272,0.452389657497406,0.060562752187252045,-1.9264543056488037,-0.0382583811879158,2.3777570724487305,-1.4559857845306396
0.14700165390968323,0.4495038688182831,0.04843966290354729,-1.9307994842529297,-0.030481278896331787,2.3796122074127197,-1.48314368724823
0.1513005942106247,0.4467676281929016,0.036305952817201614,-1.9349908828735352,-0.022760573774576187,2.3813724517822266,-1.5103018283843994
0.15561452507972717,0.44418013095855713,0.024164415895938873,-1.9390287399291992,-0.015094682574272156,2.383038282394409,-1.5374598503112793
0.15993961691856384,0.4417400360107422,0.012017457745969296,-1.94291353225708,-0.007481180597096682,2.3846116065979004,-1.5646177530288696
0.16427382826805115,0.4394470751285553,-0.0001340561284450814,-1.9466454982757568,8.317892206832767e-05,2.3860924243927,-1.59177565574646
0.16861233115196228,0.43730059266090393,-0.012286498211324215,-1.950225830078125,0.007599991746246815,2.3874826431274414,-1.6189335584640503
0.172953799366951,0.43529942631721497,-0.02443968504667282,-1.9536546468734741,0.015072689391672611,2.3887827396392822,-1.6460914611816406
0.17729291319847107,0.43344348669052124,-0.03658941015601158,-1.9569319486618042,0.022503120824694633,2.389993906021118,-1.6732497215270996
0.18162553012371063,0.43173205852508545,-0.04873236268758774,-1.9600584506988525,0.029893051832914352,2.391116142272949,-1.70040762424469
0.18594956398010254,0.4301638901233673,-0.06086758151650429,-1.963034987449646,0.03724607825279236,2.39215087890625,-1.7275655269622803
0.19025897979736328,0.4287396967411041,-0.07298978418111801,-1.9658613204956055,0.04456304386258125,2.3930985927581787,-1.7547234296798706
0.19455133378505707,0.42745888233184814,-0.08509751409292221,-1.9685379266738892,0.05184726044535637,2.3939602375030518,-1.781881332397461
0.19882246851921082,0.4263197183609009,-0.09718738496303558,-1.9710652828216553,0.05910069867968559,2.394735336303711,-1.8090393543243408
0.20306730270385742,0.4253227710723877,-0.10925507545471191,-1.9734431505203247,0.06632529199123383,2.395425796508789,-1.8361974954605103
0.20728297531604767,0.4244674742221832,-0.12129846960306168,-1.9756722450256348,0.07352375984191895,2.3960306644439697,-1.8633553981781006
0.211464062333107,0.4237535297870636,-0.1333128809928894,-1.9777525663375854,0.08069775253534317,2.3965511322021484,-1.890513300895691
0.2156081646680832,0.42318031191825867,-0.1452966183423996,-1.9796844720840454,0.08785023540258408,2.396987199783325,-1.9176712036132812
0.21971026062965393,0.42274773120880127,-0.15724530816078186,-1.9814677238464355,0.09498298913240433,2.3973388671875,-1.9448292255401611
0.22376564145088196,0.42245516180992126,-0.1691548228263855,-1.9831031560897827,0.10209789127111435,2.3976073265075684,-1.9719873666763306
0.2277718037366867,0.4223025143146515,-0.18102340400218964,-1.9845905303955078,0.10919775813817978,2.397791624069214,-1.999145269393921
0.23172380030155182,0.4222901463508606,-0.19284655153751373,-1.9859299659729004,0.11628447473049164,2.397893190383911,-2.026303291320801
0.2356174737215042,0.42241695523262024,-0.20462074875831604,-1.9871214628219604,0.12335969507694244,2.3979105949401855,-2.0534610748291016
0.2394503951072693,0.42268291115760803,-0.21634423732757568,-1.988165259361267,0.13042673468589783,2.3978447914123535,-2.0806190967559814
0.24321801960468292,0.4230877161026001,-0.22801294922828674,-1.9890612363815308,0.13748686015605927,2.3976948261260986,-2.1077768802642822
0.24691754579544067,0.4236316680908203,-0.2396247237920761,-1.9898096323013306,0.1445430964231491,2.397461414337158,-2.134935140609741
0.25054484605789185,0.424314945936203,-0.25117596983909607,-1.9904102087020874,0.15159714221954346,2.397144079208374,-2.162093162536621
0.2540963590145111,0.42513665556907654,-0.26266345381736755,-1.9908634424209595,0.15865077078342438,2.3967432975769043,-2.189250946044922
0.2575698792934418,0.42609739303588867,-0.2740858793258667,-1.991168737411499,0.16570709645748138,2.3962581157684326,-2.2164089679718018
0.26096221804618835,0.4271962344646454,-0.28544044494628906,-1.9913265705108643,0.17276771366596222,2.3956878185272217,-2.2435667514801025
0.2642713487148285,0.4284336268901825,-0.29672569036483765,-1.991336703300476,0.17983557283878326,2.3950326442718506,-2.2707247734069824
0.26749375462532043,0.4298100471496582,-0.30793890357017517,-1.9911991357803345,0.1869126856327057,2.394292116165161,-2.2978830337524414
0.27062708139419556,0.4313250482082367,-0.31907790899276733,-1.9909133911132812,0.1940007358789444,2.393465518951416,-2.325040817260742
0.27366945147514343,0.4329793155193329,-0.3301418125629425,-1.9904801845550537,0.2011028230190277,2.3925528526306152,-2.352198839187622
0.27661821246147156,0.4347725808620453,-0.341128408908844,-1.989898681640625,0.20822057127952576,2.3915534019470215,-2.379356622695923
0.2794734239578247,0.43670472502708435,-0.35203853249549866,-1.9891692399978638,0.21535725891590118,2.390465497970581,-2.4065146446228027
0.2822328209877014,0.4387763440608978,-0.3628704845905304,-1.9882915019989014,0.22251483798027039,2.389288902282715,-2.4336726665496826
0.284893274307251,0.44098860025405884,-0.37362203001976013,-1.9872654676437378,0.22969545423984528,2.388024091720581,-2.4608306884765625
0.28745630383491516,0.44334033131599426,-0.3842952847480774,-1.9860905408859253,0.23690196871757507,2.3866682052612305,-2.4879887104034424
0.2899186313152313,0.4458329975605011,-0.3948878049850464,-1.984767198562622,0.24413634836673737,2.3852221965789795,-2.515146493911743
0.29228129982948303,0.4484664499759674,-0.40540140867233276,-1.9832946062088013,0.2514016628265381,2.383683681488037,-2.542304515838623
0.29454317688941956,0.4512421786785126,-0.415835976600647,-1.9816725254058838,0.25870057940483093,2.382052183151245,-2.569462537765503
0.2967032790184021,0.4541594386100769,-0.4261912703514099,-1.9799015522003174,0.2660345733165741,2.380326747894287,-2.5966203212738037
0.29876285791397095,0.4572208523750305,-0.43646976351737976,-1.9779802560806274,0.2734081745147705,2.3785059452056885,-2.6237785816192627
0.30072134733200073,0.4604248106479645,-0.4466715157032013,-1.9759091138839722,0.2808223366737366,2.3765883445739746,-2.6509363651275635
0.3025782108306885,0.4637739360332489,-0.4567975401878357,-1.973687767982483,0.2882806360721588,2.374573230743408,-2.6780943870544434
