-0.5684424638748169,0.9214489459991455,0.4060010313987732,-1.1815505027770996,-0.3594416379928589,2.034796953201294,-2.50372052192688
-0.5671970844268799,0.9109917283058167,0.39757832884788513,-1.1976356506347656,-0.3506626784801483,2.0430431365966797,-2.483001232147217
-0.5659476518630981,0.9007831811904907,0.38948896527290344,-1.213381290435791,-0.342235803604126,2.0510759353637695,-2.4622817039489746
-0.5646947026252747,0.8908058404922485,0.38170507550239563,-1.228808879852295,-0.3341315984725952,2.058907985687256,-2.4415624141693115
-0.5634381771087646,0.8810462951660156,0.3742016851902008,-1.243936538696289,-0.3263258635997772,2.0665524005889893,-2.4208428859710693
-0.5621784925460815,0.8714901208877563,0.366956502199173,-1.2587823867797852,-0.3187945485115051,2.0740201473236084,-2.4001235961914062
-0.5609168410301208,0.862125039100647,0.3599511981010437,-1.2733619213104248,-0.31151893734931946,2.0813212394714355,-2.379404067993164
-0.5596522092819214,0.8529412150382996,0.35316717624664307,-1.2876887321472168,-0.30448082089424133,2.0884649753570557,-2.358684778213501
-0.5583860874176025,0.8439279794692993,0.3465898334980011,-1.30177640914917,-0.2976641058921814,2.095459461212158,-2.337965250015259
-0.5571176409721375,0.8350768685340881,0.3402039706707001,-1.3156366348266602,-0.29105404019355774,2.1023123264312744,-2.3172459602355957
-0.5558480620384216,0.8263788223266602,0.3339979648590088,-1.329279899597168,-0.28463831543922424,2.1090307235717773,-2.2965264320373535
-0.5545766949653625,0.817826509475708,0.3279593288898468,-1.3427166938781738,-0.27840471267700195,2.1156208515167236,-2.2758071422576904
-0.5533042550086975,0.8094127774238586,0.3220778703689575,-1.355956792831421,-0.27234163880348206,2.12208890914917,-2.2550876140594482
-0.5520304441452026,0.8011313676834106,0.3163435161113739,-1.3690083026885986,-0.26643988490104675,2.1284403800964355,-2.234368324279785
-0.5507559776306152,0.7929760217666626,0.3107481598854065,-1.3818795680999756,-0.2606910169124603,2.1346805095672607,-2.213648796081543
-0.549480140209198,0.7849418520927429,0.3052828311920166,-1.3945775032043457,-0.2550855278968811,2.140813112258911,-2.19292950630188
-0.5482041835784912,0.7770221829414368,0.29994112253189087,-1.4071104526519775,-0.24961715936660767,2.146843671798706,-2.1722099781036377
-0.5469275116920471,0.7692133784294128,0.2947157025337219,-1.4194831848144531,-0.24427807331085205,2.1527745723724365,-2.1514906883239746
-0.5456503629684448,0.7615099549293518,0.28960004448890686,-1.4317028522491455,-0.2390621304512024,2.158611297607422,-2.1307711601257324
-0.5443726778030396,0.753908097743988,0.2845880687236786,-1.4437756538391113,-0.23396266996860504,2.1643571853637695,-2.1100518703460693
-0.5430946946144104,0.7464044690132141,0.27967485785484314,-1.4557056427001953,-0.22897498309612274,2.1700150966644287,-2.089332342147827
-0.5418166518211365,0.7389935851097107,0.2748548686504364,-1.4674992561340332,-0.2240937054157257,2.175588607788086,-2.068613052368164
-0.5405380725860596,0.731674313545227,0.2701237201690674,-1.4791598320007324,-0.21931397914886475,2.1810801029205322,-2.047893524169922
-0.539259135723114,0.7244415283203125,0.2654762864112854,-1.4906930923461914,-0.21463122963905334,2.186492681503296,-2.027174234390259
-0.5379804372787476,0.7172927856445312,0.2609095573425293,-1.5021026134490967,-0.21004177629947662,2.191828966140747,-2.0064547061920166
-0.5367013812065125,0.7102240920066833,0.2564183175563812,-1.5133934020996094,-0.20554056763648987,2.197092056274414,-1.9857354164123535
-0.5354229211807251,0.7032341957092285,0.2520008087158203,-1.5245678424835205,-0.20112557709217072,2.202282428741455,-1.9650158882141113
-0.5341436862945557,0.6963196992874146,0.24765147268772125,-1.535630464553833,-0.19679230451583862,2.207404613494873,-1.9442964792251587
-0.5328646302223206,0.6894784569740295,0.24336835741996765,-1.5465843677520752,-0.19253794848918915,2.212458848953247,-1.9235771894454956
-0.5315854549407959,0.6827070116996765,0.2391478568315506,-1.5574331283569336,-0.1883593052625656,2.2174484729766846,-1.902857780456543
-0.5303064584732056,0.67600417137146,0.23498761653900146,-1.5681793689727783,-0.18425388634204865,2.222374439239502,-1.8821383714675903
-0.5290275812149048,0.6693673729896545,0.23088498413562775,-1.5788264274597168,-0.1802191585302353,2.227238655090332,-1.8614188432693481
-0.5277482867240906,0.6627945899963379,0.2268363982439041,-1.5893769264221191,-0.17625156044960022,2.2320432662963867,-1.840699553489685
-0.5264685750007629,0.6562842130661011,0.22283996641635895,-1.5998337268829346,-0.1723497360944748,2.2367899417877197,-1.8199801445007324
-0.5251894593238831,0.649833619594574,0.21889415383338928,-1.6101993322372437,-0.16851183772087097,2.2414798736572266,-1.7992606163024902
-0.5239105224609375,0.6434416770935059,0.21499629318714142,-1.6204757690429688,-0.16473491489887238,2.2461142539978027,-1.7785413265228271
-0.5226311087608337,0.6371063590049744,0.21114376187324524,-1.6306662559509277,-0.16101695597171783,2.25069522857666,-1.7578219175338745
-0.5213514566421509,0.6308261752128601,0.20733505487442017,-1.6407719850540161,-0.15735675394535065,2.2552237510681152,-1.7371023893356323
-0.5200716257095337,0.6245990991592407,0.20356789231300354,-1.6507961750030518,-0.15375155210494995,2.2597012519836426,-1.7163830995559692
-0.5187910795211792,0.6184247732162476,0.19984030723571777,-1.6607396602630615,-0.15020041167736053,2.2641289234161377,-1.6956636905670166
-0.5175110101699829,0.6123001575469971,0.1961517482995987,-1.6706057786941528,-0.14670181274414062,2.268507719039917,-1.6749441623687744
-0.5162301659584045,0.6062256693840027,0.19249936938285828,-1.6803951263427734,-0.1432538479566574,2.272838830947876,-1.6542248725891113
-0.5149490237236023,0.60019850730896,0.1888819932937622,-1.6901100873947144,-0.13985541462898254,2.27712345123291,-1.6335054636001587
-0.5136669874191284,0.5942178964614868,0.1852976530790329,-1.6997530460357666,-0.13650396466255188,2.281363010406494,-1.612786054611206
-0.512384831905365,0.5882830619812012,0.18174567818641663,-1.7093243598937988,-0.13320042192935944,2.2855582237243652,-1.5920666456222534
-0.5111017227172852,0.5823919177055359,0.17822399735450745,-1.7188267707824707,-0.12994176149368286,2.2897095680236816,-1.5713472366333008
-0.5098179578781128,0.5765440464019775,0.17473141849040985,-1.7282609939575195,-0.12672719359397888,2.293818235397339,-1.5506278276443481
-0.5085335969924927,0.5707380175590515,0.17126694321632385,-1.7376292943954468,-0.12355620414018631,2.2978851795196533,-1.5299084186553955
-0.5072481036186218,0.5649725794792175,0.16782869398593903,-1.7469323873519897,-0.12042690068483353,2.3019113540649414,-1.5091890096664429
-0.5059607028961182,0.559247612953186,0.1644148975610733,-1.7561721801757812,-0.11733806133270264,2.3058981895446777,-1.4884696006774902
-0.5046734809875488,0.5535613298416138,0.16102664172649384,-1.7653497457504272,-0.11429060995578766,2.309845209121704,-1.4677501916885376
-0.5033839344978333,0.547913134098053,0.1576601266860962,-1.7744661569595337,-0.11128105968236923,2.313754081726074,-1.447030782699585
-0.5020936727523804,0.5423018932342529,0.15431596338748932,-1.7835235595703125,-0.10831054300069809,2.317625045776367,-1.4263113737106323
-0.5008013844490051,0.5367260575294495,0.15099205076694489,-1.7925223112106323,-0.10537659376859665,2.3214588165283203,-1.4055919647216797
-0.49950700998306274,0.531186044216156,0.14768734574317932,-1.8014637231826782,-0.10247956961393356,2.325256824493408,-1.384872555732727
-0.4982103407382965,0.5256808996200562,0.144400492310524,-1.8103488683700562,-0.09961776435375214,2.3290185928344727,-1.3641531467437744
-0.4969129264354706,0.5202090740203857,0.14113259315490723,-1.8191789388656616,-0.09679201990365982,2.3327455520629883,-1.3434337377548218
-0.4956122934818268,0.5147699117660522,0.13787995278835297,-1.8279551267623901,-0.0939994528889656,2.336437940597534,-1.3227143287658691
-0.49430981278419495,0.5093632936477661,0.1346433162689209,-1.8366782665252686,-0.09124133735895157,2.340096950531006,-1.3019949197769165
-0.4930037260055542,0.5039876699447632,0.1314200907945633,-1.8453495502471924,-0.08851540088653564,2.343722343444824,-1.2812755107879639
-0.4916953146457672,0.4986429214477539,0.12821084260940552,-1.8539694547653198,-0.0858222022652626,2.3473153114318848,-1.2605561017990112
-0.490383505821228,0.49332812428474426,0.12501364946365356,-1.862539529800415,-0.08316072821617126,2.3508758544921875,-1.2398366928100586
-0.48906856775283813,0.48804232478141785,0.12182828783988953,-1.8710603713989258,-0.08053005486726761,2.354404926300049,-1.219117283821106
-0.4877501428127289,0.4827856719493866,0.11865343153476715,-1.879532814025879,-0.077930748462677,2.357902765274048,-1.1983977556228638
-0.4864322245121002,0.47755682468414307,0.11549287289381027,-1.8879578113555908,-0.07536397129297256,2.361370086669922,-1.1776784658432007
-0.4851055443286896,0.4723551869392395,0.1123359352350235,-1.8963358402252197,-0.07282385230064392,2.36480712890625,-1.156959056854248
-0.48377588391304016,0.46718040108680725,0.10918831080198288,-1.9046682119369507,-0.07031332701444626,2.3682143688201904,-1.1362396478652954
-0.48244068026542664,0.4620319604873657,0.1060466542840004,-1.912955403327942,-0.06783119589090347,2.3715925216674805,-1.1155202388763428
-0.4811010956764221,0.45690953731536865,0.10291164368391037,-1.9211980104446411,-0.06537788361310959,2.3749423027038574,-1.0948008298873901
-0.4797559380531311,0.4518117904663086,0.09978126734495163,-1.9293971061706543,-0.06295174360275269,2.378262758255005,-1.0740814208984375
-0.478405237197876,0.4467387795448303,0.09665524214506149,-1.93755304813385,-0.060553278774023056,2.3815555572509766,-1.0533621311187744
-0.4770488142967224,0.44168993830680847,0.09353264421224594,-1.945666790008545,-0.058182042092084885,2.3848206996917725,-1.0326426029205322
-0.4756864011287689,0.43666455149650574,0.09041287004947662,-1.953739047050476,-0.05583742633461952,2.388058662414551,-1.0119231939315796
-0.47431662678718567,0.4316624104976654,0.0872938260436058,-1.9617702960968018,-0.05351852625608444,2.3912696838378906,-0.991203784942627
-0.47294047474861145,0.42668262124061584,0.08417613059282303,-1.9697611331939697,-0.05122644081711769,2.3944544792175293,-0.9704843759536743
-0.4715559780597687,0.4217243790626526,0.0810570940375328,-1.9777121543884277,-0.04895903170108795,2.3976120948791504,-0.9497649073600769
-0.4701635241508484,0.4167884290218353,0.07793690264225006,-1.9856239557266235,-0.04671754315495491,2.4007444381713867,-0.9290456175804138
-0.4687631130218506,0.41187408566474915,0.07481492310762405,-1.993497371673584,-0.0445011667907238,2.4038515090942383,-0.9083262085914612
-0.46735304594039917,0.4069794714450836,0.07168892025947571,-2.0013327598571777,-0.04230904206633568,2.4069325923919678,-0.8876067996025085
-0.4659341871738434,0.4021061062812805,0.0685594379901886,-2.0091309547424316,-0.040141813457012177,2.409989833831787,-0.8668873310089111
-0.4645049571990967,0.3972519338130951,0.06542445719242096,-2.0168919563293457,-0.03799889609217644,2.4130218029022217,-0.8461679220199585
-0.4630644917488098,0.39241763949394226,0.062282316386699677,-2.0246167182922363,-0.035879235714673996,2.416029453277588,-0.8254485130310059
-0.4616134762763977,0.3876028060913086,0.05913377180695534,-2.0323054790496826,-0.033783674240112305,2.419013261795044,-0.8047292232513428
-0.46015042066574097,0.38280633091926575,0.05597662553191185,-2.0399584770202637,-0.031711798161268234,2.4219727516174316,-0.7840097546577454
-0.45867466926574707,0.37802842259407043,0.05281001329421997,-2.047577381134033,-0.029663050547242165,2.4249091148376465,-0.7632903456687927
-0.4571848213672638,0.37326785922050476,0.04963185265660286,-2.055161476135254,-0.02763698250055313,2.4278218746185303,-0.7425708770751953
-0.4556819200515747,0.36852580308914185,0.04644310846924782,-2.062711238861084,-0.025634439662098885,2.4307119846343994,-0.7218514680862427
-0.4541637897491455,0.3638005256652832,0.04324086755514145,-2.070228099822998,-0.023654155433177948,2.433579206466675,-0.70113205909729
-0.4526304006576538,0.35909202694892883,0.04002485051751137,-2.077711582183838,-0.02169671095907688,2.4364237785339355,-0.680412769317627
-0.45108020305633545,0.3544008433818817,0.03679324686527252,-2.0851621627807617,-0.01976160518825054,2.43924617767334,-0.6596933007240295
-0.44951245188713074,0.3497250974178314,0.03354480117559433,-2.092580795288086,-0.017848730087280273,2.4420459270477295,-0.6389738917350769
-0.44792652130126953,0.3450653851032257,0.030278446152806282,-2.0999674797058105,-0.015957895666360855,2.444823980331421,-0.6182544827461243
-0.44632092118263245,0.3404216766357422,0.02699248492717743,-2.1073226928710938,-0.014088724739849567,2.4475808143615723,-0.5975350141525269
-0.44469448924064636,0.33579328656196594,0.02368537336587906,-2.1146469116210938,-0.012241370044648647,2.4503157138824463,-0.5768156051635742
-0.44304659962654114,0.3311793804168701,0.020355984568595886,-2.1219401359558105,-0.010415976867079735,2.4530293941497803,-0.5560963153839111
-0.4413761496543884,0.3265805244445801,0.01700298674404621,-2.1292033195495605,-0.008612052537500858,2.455721855163574,-0.5353769063949585
-0.4396810531616211,0.3219957947731018,0.013623959384858608,-2.1364364624023438,-0.006829453632235527,2.458393096923828,-0.5146574378013611
-0.4379598796367645,0.3174258768558502,0.010217173025012016,-2.1436400413513184,-0.0050680870190262794,2.4610443115234375,-0.49393802881240845
-0.43621206283569336,0.31286969780921936,0.0067815701477229595,-2.1508140563964844,-0.003328080056235194,2.463674306869507,-0.4732185900211334
-0.4344361126422882,0.3083270192146301,0.003315296722576022,-2.157959461212158,-0.0016091105062514544,2.4662840366363525,-0.4524991512298584
-0.43262970447540283,0.30379733443260193,-0.0001841023622546345,-2.16507625579834,8.846390846883878e-05,2.4688735008239746,-0.4317798614501953
-0.4307920038700104,0.29928064346313477,-0.0037179221399128437,-2.1721644401550293,0.001764852087944746,2.471442699432373,-0.4110604524612427
-0.4289213716983795,0.2947777509689331,-0.007288073655217886,-2.179224967956543,0.003419984830543399,2.473992347717285,-0.39034101366996765
-0.42701348662376404,0.2902866005897522,-0.01089929323643446,-2.1862576007843018,0.005055174231529236,2.4765217304229736,-0.3696215748786926
-0.42506852746009827,0.2858080565929413,-0.014551706612110138,-2.193263053894043,0.006669466849416494,2.4790313243865967,-0.3489021360874176
-0.4230835437774658,0.2813415825366974,-0.01824836991727352,-2.2002410888671875,0.00826259609311819,2.4815213680267334,-0.32818272709846497
-0.42105650901794434,0.2768872082233429,-0.021991875022649765,-2.2071921825408936,0.009834996424615383,2.483992338180542,-0.3074634373188019
-0.41898518800735474,0.27244430780410767,-0.025784654542803764,-2.2141170501708984,0.011386929079890251,2.486443519592285,-0.28674399852752686
-0.4168663024902344,0.2680128514766693,-0.029630402103066444,-2.221015453338623,0.012918198481202126,2.4888758659362793,-0.26602455973625183
-0.4146980941295624,0.2635931968688965,-0.033531155437231064,-2.2278876304626465,0.014428292401134968,2.4912891387939453,-0.245305135846138
-0.41247639060020447,0.2591838836669922,-0.037491366267204285,-2.234734535217285,0.015918174758553505,2.493683099746704,-0.22458571195602417
-0.41019880771636963,0.2547858655452728,-0.041513700038194656,-2.2415554523468018,0.01738729700446129,2.496058464050293,-0.20386628806591034
-0.40786224603652954,0.2503988742828369,-0.045601505786180496,-2.2483513355255127,0.018835632130503654,2.498415231704712,-0.18314698338508606
-0.4054623246192932,0.24602223932743073,-0.04975961893796921,-2.255121946334839,0.02026335708796978,2.500753164291382,-0.16242755949497223
-0.4029953181743622,0.2416553944349289,-0.05399205908179283,-2.2618680000305176,0.021670270711183548,2.5030722618103027,-0.1417081356048584
-0.4004572927951813,0.23729979991912842,-0.058302998542785645,-2.268589496612549,0.023056723177433014,2.505373477935791,-0.12098869681358337
-0.37979093194007874,0.2455166131258011,-0.09220307320356369,-2.2569642066955566,0.03745964169502258,2.5011425018310547,-0.1139034628868103
-0.36026954650878906,0.25427570939064026,-0.1249106377363205,-2.2448909282684326,0.05215254798531532,2.496615171432495,-0.10681822896003723
-0.3418717086315155,0.2635732889175415,-0.15645742416381836,-2.232367992401123,0.06714750826358795,2.4917798042297363,-0.09973299503326416
-0.324563205242157,0.27340906858444214,-0.1868882179260254,-2.2193922996520996,0.08245541900396347,2.4866249561309814,-0.09264776110649109
-0.3082999885082245,0.28378161787986755,-0.21625906229019165,-2.205961227416992,0.09808940440416336,2.481137275695801,-0.08556252717971802
-0.29303109645843506,0.2946925461292267,-0.24463412165641785,-2.192070960998535,0.11406254023313522,2.4753024578094482,-0.07847730070352554
-0.2787020206451416,0.30614662170410156,-0.27208250761032104,-2.1777172088623047,0.1303895264863968,2.469106435775757,-0.07139206677675247
-0.26525431871414185,0.31814712285995483,-0.2986786961555481,-2.162895679473877,0.14708514511585236,2.4625322818756104,-0.0643068328499794
-0.2526300847530365,0.3307037055492401,-0.32449817657470703,-2.1476011276245117,0.16416606307029724,2.4555633068084717,-0.05722159519791603
-0.24076734483242035,0.3438241481781006,-0.3496224284172058,-2.1318278312683105,0.1816510707139969,2.448179244995117,-0.05013636499643326
-0.2296108901500702,0.3575223982334137,-0.374128133058548,-2.115569591522217,0.1995593011379242,2.440361261367798,-0.04305113106966019
-0.21910247206687927,0.37181323766708374,-0.3980970084667206,-2.098818063735962,0.21791313588619232,2.4320857524871826,-0.035965900868177414
-0.20918938517570496,0.3867143392562866,-0.4216076731681824,-2.0815658569335938,0.2367352992296219,2.4233288764953613,-0.028880668804049492
-0.19981907308101654,0.40224742889404297,-0.44474294781684875,-2.0638041496276855,0.2560535669326782,2.414064645767212,-0.021795431151986122
-0.1909422129392624,0.41843631863594055,-0.46758174896240234,-2.045522689819336,0.275897353887558,2.4042630195617676,-0.014710194431245327
-0.18251347541809082,0.4353103041648865,-0.4902054965496063,-2.0267109870910645,0.2962992489337921,2.3938920497894287,-0.007624967489391565
-0.17449121177196503,0.45290207862854004,-0.5126964449882507,-2.0073556900024414,0.31729787588119507,2.382917642593384,-0.0005397300701588392
-0.16683274507522583,0.47124937176704407,-0.5351413488388062,-1.9874446392059326,0.33893463015556335,2.3712987899780273,0.006545507349073887
-0.15950331091880798,0.49039575457572937,-0.5576251149177551,-1.9669620990753174,0.3612571358680725,2.3589930534362793,0.013630730099976063
-0.15246862173080444,0.510390043258667,-0.5802385210990906,-1.9458922147750854,0.38432037830352783,2.345951557159424,0.020715966820716858
-0.1456981599330902,0.5312896370887756,-0.6030765771865845,-1.9242162704467773,0.40818703174591064,2.3321194648742676,0.027801193296909332
-0.1391628086566925,0.5531600713729858,-0.6262418031692505,-1.901914358139038,0.4329294264316559,2.317434787750244,0.0348864309489727
-0.13283678889274597,0.5760762691497803,-0.649844765663147,-1.8789641857147217,0.4586314857006073,2.3018267154693604,0.04197166860103607
-0.12669982016086578,0.6001266837120056,-0.6740039587020874,-1.8553410768508911,0.48539063334465027,2.2852156162261963,0.049056895077228546
-0.12072914093732834,0.6254129409790039,-0.6988568902015686,-1.831017017364502,0.5133234262466431,2.2675068378448486,0.056142132729291916
-0.12565483152866364,0.6325379610061646,-0.7012134194374084,-1.8215805292129517,0.5180239081382751,2.2623419761657715,0.07508201897144318
-0.13049647212028503,0.639785647392273,-0.7037195563316345,-1.8120230436325073,0.5228579044342041,2.257073402404785,0.09402190893888474
-0.13525399565696716,0.6471585035324097,-0.7063791751861572,-1.8023426532745361,0.5278305411338806,2.2516982555389404,0.1129617989063263
-0.13992829620838165,0.6546599268913269,-0.709196150302887,-1.792536973953247,0.532945454120636,2.246213436126709,0.13190168142318726
-0.14452029764652252,0.6622927784919739,-0.7121745347976685,-1.7826050519943237,0.5382081866264343,2.2406163215637207,0.15084156394004822
-0.14902973175048828,0.6700612902641296,-0.7153199315071106,-1.7725437879562378,0.5436240434646606,2.2349023818969727,0.16978146135807037
-0.15345971286296844,0.6779685616493225,-0.7186343669891357,-1.7623510360717773,0.5491973161697388,2.2290701866149902,0.18872134387493134
-0.15780964493751526,0.6860193610191345,-0.7221246361732483,-1.7520246505737305,0.5549343228340149,2.223114490509033,0.2076612412929535
-0.16208067536354065,0.6942177414894104,-0.7257962226867676,-1.7415618896484375,0.5608416199684143,2.217031717300415,0.22660112380981445
-0.1662745177745819,0.7025673985481262,-0.729653000831604,-1.7309606075286865,0.5669244527816772,2.2108192443847656,0.24554100632667542
-0.17039047181606293,0.7110742330551147,-0.7337040305137634,-1.720216989517212,0.5731914043426514,2.204470157623291,0.2644808888435364
-0.1744309812784195,0.7197427749633789,-0.7379538416862488,-1.7093291282653809,0.5796493291854858,2.197981834411621,0.2834208011627197
-0.17839618027210236,0.7285795211791992,-0.7424107193946838,-1.6982932090759277,0.5863065719604492,2.1913485527038574,0.3023606538772583
-0.18228721618652344,0.7375885248184204,-0.7470820546150208,-1.687106728553772,0.5931717157363892,2.184565544128418,0.32130056619644165
-0.18610674142837524,0.7467782497406006,-0.7519749999046326,-1.6757655143737793,0.600253701210022,2.1776273250579834,0.3402404487133026
-0.18985311686992645,0.7561540603637695,-0.7571012377738953,-1.6642659902572632,0.6075635552406311,2.1705269813537598,0.3591803312301636
-0.19352900981903076,0.7657237648963928,-0.7624689936637878,-1.652604341506958,0.6151114106178284,2.1632585525512695,0.37812021374702454
-0.1971355527639389,0.7754949331283569,-0.7680887579917908,-1.6407768726348877,0.6229096055030823,2.155815839767456,0.3970601260662079
-0.2006729394197464,0.7854766845703125,-0.773973822593689,-1.6287785768508911,0.6309710741043091,2.1481902599334717,0.41599997878074646
-0.20414260029792786,0.7956773042678833,-0.7801361083984375,-1.6166054010391235,0.6393091678619385,2.1403746604919434,0.4349398910999298
-0.20754654705524445,0.8061076998710632,-0.7865891456604004,-1.6042520999908447,0.6479396820068359,2.1323602199554443,0.45387977361679077
-0.21088555455207825,0.8167778849601746,-0.7933482527732849,-1.5917139053344727,0.6568787097930908,2.1241378784179688,0.47281965613365173
-0.21415945887565613,0.827700138092041,-0.800432562828064,-1.5789844989776611,0.6661457419395447,2.1156959533691406,0.4917595386505127
-0.21737083792686462,0.8388866186141968,-0.8078580498695374,-1.566058874130249,0.6757596731185913,2.107025384902954,0.510699450969696
-0.220521479845047,0.8503519892692566,-0.815645694732666,-1.5529301166534424,0.6857431530952454,2.0981128215789795,0.5296393632888794
-0.22361193597316742,0.8621107339859009,-0.8238182663917542,-1.5395917892456055,0.6961192488670349,2.0889458656311035,0.548579216003418
-0.22664356231689453,0.8741807341575623,-0.8324015736579895,-1.5260367393493652,0.7069169282913208,2.0795094966888428,0.5675190687179565
-0.22961801290512085,0.886580228805542,-0.8414234519004822,-1.5122570991516113,0.7181650996208191,2.0697872638702393,0.5864589810371399
-0.2325383871793747,0.8993299603462219,-0.8509135246276855,-1.498244285583496,0.7298974990844727,2.059762716293335,0.6053988933563232
-0.23540332913398743,0.9124535322189331,-0.8609105944633484,-1.48399019241333,0.742152214050293,2.0494136810302734,0.6243387460708618
-0.23821566998958588,0.9259759783744812,-0.8714527487754822,-1.469484806060791,0.754971981048584,2.0387191772460938,0.6432785987854004
-0.2409791797399521,0.9399274587631226,-0.8825839161872864,-1.4547178745269775,0.7684033513069153,2.0276553630828857,0.6622185707092285
-0.243694007396698,0.9543400406837463,-0.894356369972229,-1.4396781921386719,0.7825011014938354,2.016193151473999,0.6811584234237671
-0.2464551031589508,0.9531882405281067,-0.8920471668243408,-1.439486026763916,0.7802649140357971,2.017073631286621,0.7032439112663269
-0.24921858310699463,0.9520485401153564,-0.8897429704666138,-1.4392859935760498,0.7780370116233826,2.017944812774658,0.7253293991088867
-0.251983106136322,0.9509204030036926,-0.8874450325965881,-1.4390783309936523,0.7758172154426575,2.018806219100952,0.7474148869514465
-0.25475192070007324,0.9498035311698914,-0.8851495385169983,-1.438861608505249,0.7736042141914368,2.0196590423583984,0.7695003747940063
-0.25752124190330505,0.9486989974975586,-0.8828615546226501,-1.4386367797851562,0.7714003920555115,2.020501136779785,0.7915858626365662
-0.26029321551322937,0.9476060271263123,-0.8805775046348572,-1.4384045600891113,0.769204318523407,2.021334171295166,0.813671350479126
-0.2630673050880432,0.9465242624282837,-0.8782984018325806,-1.4381632804870605,0.7670155763626099,2.022158145904541,0.8357568383216858
-0.2658432126045227,0.9454541206359863,-0.876024603843689,-1.4379143714904785,0.7648351788520813,2.022972583770752,0.8578423261642456
-0.26862114667892456,0.9443954825401306,-0.8737555146217346,-1.437657356262207,0.7626623511314392,2.023777484893799,0.8799278140068054
-0.2714012861251831,0.943348228931427,-0.8714911937713623,-1.437391996383667,0.7604965567588806,2.024573564529419,0.9020133018493652
-0.27418267726898193,0.9423123598098755,-0.8692322969436646,-1.4371185302734375,0.7583394050598145,2.025359869003296,0.924098789691925
-0.276967316865921,0.9412876963615417,-0.8669766783714294,-1.4368364810943604,0.7561886310577393,2.026137590408325,0.9461842775344849
-0.27975282073020935,0.940274178981781,-0.864726722240448,-1.4365465641021729,0.7540459036827087,2.0269057750701904,0.9682697653770447
-0.2825404703617096,0.9392721056938171,-0.8624813556671143,-1.436248540878296,0.7519102692604065,2.02766489982605,0.9903552532196045
-0.2853298485279083,0.9382809996604919,-0.8602405786514282,-1.4359419345855713,0.749782383441925,2.028414726257324,1.012440800666809
-0.2881217896938324,0.937300980091095,-0.858003556728363,-1.4356272220611572,0.7476608753204346,2.02915620803833,1.0345262289047241
-0.2909153699874878,0.9363319873809814,-0.8557711839675903,-1.4353044033050537,0.7455469369888306,2.02988862991333,1.0566117763519287
-0.29371002316474915,0.935373842716217,-0.8535439968109131,-1.4349732398986816,0.7434403300285339,2.030611991882324,1.0786972045898438
-0.2965067923069,0.9344267249107361,-0.8513208627700806,-1.4346342086791992,0.7413409948348999,2.0313262939453125,1.1007827520370483
-0.2993050515651703,0.933491051197052,-0.8491027355194092,-1.4342865943908691,0.7392492294311523,2.032031536102295,1.1228681802749634
-0.30210623145103455,0.9325653910636902,-0.8468870520591736,-1.4339308738708496,0.7371625900268555,2.032729148864746,1.144953727722168
-0.3049086034297943,0.93165123462677,-0.8446764349937439,-1.4335665702819824,0.7350837588310242,2.0334174633026123,1.167039155960083
-0.3077146112918854,0.9307448863983154,-0.8424661159515381,-1.433194637298584,0.7330077290534973,2.0340986251831055,1.1891247034072876
-0.310519814491272,0.9298525452613831,-0.8402649760246277,-1.432814121246338,0.7309433221817017,2.034769296646118,1.2112101316452026
-0.3133268654346466,0.9289703369140625,-0.8380672931671143,-1.4324252605438232,0.7288854122161865,2.035431385040283,1.2332956790924072
-0.3161351680755615,0.9280992150306702,-0.8358742594718933,-1.432027816772461,0.726834237575531,2.0360846519470215,1.2553811073303223
-0.3189452290534973,0.9272385835647583,-0.8336851596832275,-1.4316225051879883,0.7247898578643799,2.036729574203491,1.2774666547775269
-0.3217564523220062,0.9263883233070374,-0.8315003514289856,-1.431208848953247,0.7227519154548645,2.0373659133911133,1.299552083015442
-0.32457029819488525,0.9255478382110596,-0.8293177485466003,-1.4307870864868164,0.7207193970680237,2.037994861602783,1.3216376304626465
-0.32738521695137024,0.9247187972068787,-0.8271405100822449,-1.430356502532959,0.718694269657135,2.038614273071289,1.3437230587005615
-0.3302019536495209,0.9239001274108887,-0.824966549873352,-1.4299180507659912,0.7166751623153687,2.0392258167266846,1.3658086061477661
-0.33301931619644165,0.9230917692184448,-0.8227973580360413,-1.4294710159301758,0.7146630883216858,2.039828300476074,1.3878940343856812
-0.3358388841152191,0.9222936630249023,-0.8206312656402588,-1.4290156364440918,0.712656557559967,2.0404229164123535,1.4099795818328857
-0.33865949511528015,0.9215057492256165,-0.8184691071510315,-1.4285519123077393,0.7106565833091736,2.0410094261169434,1.4320650100708008
-0.3414819836616516,0.9207285642623901,-0.816310703754425,-1.428079605102539,0.7086632251739502,2.0415873527526855,1.4541505575180054
-0.34430578351020813,0.919961154460907,-0.814155638217926,-1.4275994300842285,0.7066748738288879,2.0421576499938965,1.4762359857559204
-0.3471311032772064,0.9192042350769043,-0.8120044469833374,-1.4271106719970703,0.7046932578086853,2.0427193641662598,1.498321533203125
-0.34995681047439575,0.9184573292732239,-0.8098579049110413,-1.4266140460968018,0.7027189135551453,2.0432727336883545,1.52040696144104
-0.3527843654155731,0.9177207350730896,-0.8077143430709839,-1.4261083602905273,0.7007493376731873,2.043818235397339,1.5424925088882446
-0.3556133210659027,0.9169943332672119,-0.805574357509613,-1.4255948066711426,0.6987864971160889,2.044355630874634,1.5645779371261597
-0.3584437668323517,0.9162773489952087,-0.8034375309944153,-1.4250726699829102,0.696828305721283,2.0448853969573975,1.5866634845733643
-0.36127546429634094,0.9155713319778442,-0.8013045787811279,-1.42454195022583,0.6948776841163635,2.0454063415527344,1.6087490320205688
-0.364108145236969,0.9148754477500916,-0.7991753816604614,-1.4240026473999023,0.6929319500923157,2.04591965675354,1.6308344602584839
-0.36694204807281494,0.914188802242279,-0.7970495820045471,-1.423454999923706,0.6909921169281006,2.0464248657226562,1.6529200077056885
-0.36977726221084595,0.9135125875473022,-0.7949273586273193,-1.4228992462158203,0.6890583038330078,2.046922206878662,1.6750054359436035
-0.3726136088371277,0.9128461480140686,-0.7928082942962646,-1.422334909439087,0.6871299743652344,2.047412157058716,1.697090983390808
-0.37545034289360046,0.9121899008750916,-0.7906938195228577,-1.4217619895935059,0.6852083206176758,2.0478930473327637,1.7191765308380127
-0.37828871607780457,0.9115438461303711,-0.7885823249816895,-1.4211804866790771,0.6832916736602783,2.0483665466308594,1.7412618398666382
-0.3811286985874176,0.9109063148498535,-0.7864726781845093,-1.4205913543701172,0.6813797950744629,2.0488333702087402,1.7633473873138428
-0.38396909832954407,0.9102800488471985,-0.7843683958053589,-1.419992446899414,0.6794751882553101,2.049290895462036,1.7854329347610474
-0.3868100941181183,0.9096634387969971,-0.7822675108909607,-1.4193856716156006,0.6775760054588318,2.0497405529022217,1.8075183629989624
-0.3896532356739044,0.9090557098388672,-0.7801682353019714,-1.4187705516815186,0.6756809949874878,2.0501837730407715,1.8296037912368774
-0.39249637722969055,0.908458948135376,-0.7780740857124329,-1.4181466102600098,0.6737926602363586,2.0506181716918945,1.851689338684082
-0.3953412175178528,0.9078717827796936,-0.7759824395179749,-1.4175140857696533,0.6719101667404175,2.0510447025299072,1.8737748861312866
-0.39818650484085083,0.9072935581207275,-0.7738938927650452,-1.4168732166290283,0.670032262802124,2.051464080810547,1.8958603143692017
-0.4010324776172638,0.9067259430885315,-0.7718098163604736,-1.4162235260009766,0.6681606769561768,2.051875352859497,1.9179458618164062
-0.4038797616958618,0.906166672706604,-0.7697272300720215,-1.4155654907226562,0.6662926077842712,2.0522799491882324,1.9400312900543213
-0.40672767162323,0.9056178331375122,-0.7676489949226379,-1.4148993492126465,0.664431095123291,2.052676200866699,1.9621169567108154
-0.4095761179924011,0.9050793647766113,-0.7655746936798096,-1.4142236709594727,0.6625760793685913,2.0530645847320557,1.984202265739441
-0.4124254882335663,0.9045494794845581,-0.7635027766227722,-1.4135398864746094,0.6607247591018677,2.05344557762146,2.0062878131866455
-0.41527560353279114,0.9040303230285645,-0.7614350318908691,-1.4128470420837402,0.6588805913925171,2.053818464279175,2.0283732414245605
-0.4181269705295563,0.9035192728042603,-0.7593686580657959,-1.4121463298797607,0.6570393443107605,2.054184913635254,2.0504586696624756
-0.42097821831703186,0.9030187726020813,-0.757307231426239,-1.4114365577697754,0.6552045941352844,2.0545430183410645,2.0725440979003906
-0.42383062839508057,0.9025272727012634,-0.755247950553894,-1.4107182025909424,0.6533746719360352,2.054894208908081,2.0946297645568848
-0.42668411135673523,0.902044951915741,-0.7531911134719849,-1.4099910259246826,0.651549220085144,2.0552382469177246,2.1167151927948
-0.4295373857021332,0.9015730619430542,-0.7511393427848816,-1.409255027770996,0.6497305631637573,2.0555734634399414,2.138800621032715
-0.4323917627334595,0.9011101722717285,-0.7490896582603455,-1.408510446548462,0.6479154825210571,2.0559020042419434,2.160886287689209
-0.43524667620658875,0.9006564617156982,-0.7470429539680481,-1.40775728225708,0.646105945110321,2.056223154067993,2.182971715927124
-0.4381016790866852,0.900213360786438,-0.7450006604194641,-1.4069952964782715,0.6443023085594177,2.0565361976623535,2.205057144165039
-0.44095760583877563,0.8997786045074463,-0.7429602742195129,-1.4062244892120361,0.6425025463104248,2.056842565536499,2.227142572402954
-0.4438145160675049,0.8993527889251709,-0.7409223914146423,-1.405444860458374,0.6407071352005005,2.0571417808532715,2.2492282390594482
-0.44667109847068787,0.898937463760376,-0.7388888597488403,-1.4046566486358643,0.6389183402061462,2.0574331283569336,2.2713136672973633
-0.4495285749435425,0.8985308408737183,-0.7368577122688293,-1.4038596153259277,0.6371334195137024,2.0577173233032227,2.2933990955352783
-0.45238643884658813,0.8981345295906067,-0.7348302006721497,-1.4030535221099854,0.6353546380996704,2.0579938888549805,2.3154845237731934
-0.4552447497844696,0.8977473378181458,-0.732805609703064,-1.402238368988037,0.6335803270339966,2.058263063430786,2.3375701904296875
-0.4581035077571869,0.8973682522773743,-0.730783224105835,-1.4014151096343994,0.6318097114562988,2.058525562286377,2.3596556186676025
-0.4609624743461609,0.8969997763633728,-0.7287649512290955,-1.4005825519561768,0.6300450563430786,2.0587804317474365,2.3817410469055176
-0.4638212323188782,0.896639883518219,-0.726749837398529,-1.3997411727905273,0.6282850503921509,2.0590274333953857,2.4038264751434326
-0.466681569814682,0.8962889313697815,-0.7247359156608582,-1.3988912105560303,0.6265285611152649,2.0592687129974365,2.4259121417999268
-0.4695405960083008,0.8959478735923767,-0.7227275371551514,-1.3980319499969482,0.624778687953949,2.0595011711120605,2.447997570037842
-0.4724012017250061,0.8956159353256226,-0.7207202315330505,-1.3971636295318604,0.6230324506759644,2.059727430343628,2.470082998275757
-0.4752608835697174,0.8952933549880981,-0.7187175750732422,-1.396286964416504,0.6212919354438782,2.059945821762085,2.492168426513672
-0.4781213402748108,0.8949801325798035,-0.7167171835899353,-1.3954005241394043,0.619555652141571,2.0601563453674316,2.514254093170166
-0.48098263144493103,0.8946754336357117,-0.714718759059906,-1.394505262374878,0.6178229451179504,2.06036114692688,2.536339521408081
-0.4838426113128662,0.8943807482719421,-0.7127254605293274,-1.3936011791229248,0.6160973906517029,2.0605576038360596,2.558424949645996
-0.48670336604118347,0.8940945267677307,-0.7107340693473816,-1.3926880359649658,0.6143745183944702,2.0607471466064453,2.580510377883911
-0.48956501483917236,0.8938180804252625,-0.708745002746582,-1.391765832901001,0.6126561760902405,2.060930013656616,2.6025960445404053
-0.49242526292800903,0.8935503959655762,-0.7067602276802063,-1.3908350467681885,0.6109433174133301,2.061105489730835,2.6246814727783203
