-0.13262450695037842,1.2102458477020264,1.2869614362716675,-1.5106558799743652,-1.1820683479309082,1.8135285377502441,-1.0782397985458374
-0.12043780088424683,1.1684980392456055,1.243850588798523,-1.5156781673431396,-1.1336448192596436,1.8478199243545532,-1.0627137422561646
-0.1078142374753952,1.1314738988876343,1.2044894695281982,-1.5206167697906494,-1.089739203453064,1.8780226707458496,-1.0471876859664917
-0.09481267631053925,1.0980554819107056,1.1678775548934937,-1.525472640991211,-1.0492030382156372,1.9051003456115723,-1.0316615104675293
-0.08146866410970688,1.067518949508667,1.1333703994750977,-1.5302457809448242,-1.0112981796264648,1.9296778440475464,-1.0161354541778564
-0.0678066611289978,1.039363145828247,1.1005252599716187,-1.5349359512329102,-0.9755179286003113,1.9521886110305786,-1.0006093978881836
-0.05383695662021637,1.0132211446762085,1.0690125226974487,-1.5395448207855225,-0.9414914846420288,1.9729533195495605,-0.985083281993866
-0.03958180919289589,0.9888164401054382,1.0385994911193848,-1.544072151184082,-0.9089450240135193,1.9922102689743042,-0.9695572257041931
-0.02504301629960537,0.9659359455108643,1.0090928077697754,-1.5485179424285889,-0.8776653409004211,2.0101473331451416,-0.9540311098098755
-0.010226895101368427,0.9444073438644409,0.980342447757721,-1.5528836250305176,-0.847482442855835,2.0269148349761963,-0.9385050535202026
0.004862958565354347,0.9240931272506714,0.9522266983985901,-1.5571682453155518,-0.8182612657546997,2.0426340103149414,-0.922978937625885
0.02022371254861355,0.904879093170166,0.9246448874473572,-1.561373233795166,-0.7898887395858765,2.0574069023132324,-0.9074528813362122
0.03585372492671013,0.8866704106330872,0.8975126147270203,-1.5654985904693604,-0.762272298336029,2.071317434310913,-0.8919267654418945
0.051750749349594116,0.8693861365318298,0.8707588911056519,-1.5695443153381348,-0.7353325486183167,2.084437608718872,-0.8764007091522217
0.06791460514068604,0.8529583215713501,0.844322144985199,-1.5735106468200684,-0.7090029120445251,2.0968289375305176,-0.860874593257904
0.0843433290719986,0.8373268842697144,0.8181501030921936,-1.5773983001708984,-0.6832242608070374,2.1085455417633057,-0.8453485369682312
0.10103825479745865,0.8224407434463501,0.7921944260597229,-1.5812079906463623,-0.6579465270042419,2.1196346282958984,-0.8298224210739136
0.11799753457307816,0.8082572221755981,0.7664173245429993,-1.5849387645721436,-0.6331270933151245,2.1301352977752686,-0.8142963647842407
0.13522076606750488,0.7947352528572083,0.7407814860343933,-1.5885918140411377,-0.6087244153022766,2.140085220336914,-0.7987703084945679
0.15270781517028809,0.7818414568901062,0.7152556777000427,-1.5921669006347656,-0.5847063660621643,2.1495165824890137,-0.7832441926002502
0.17045708000659943,0.7695456147193909,0.6898127198219299,-1.5956645011901855,-0.5610403418540955,2.158456802368164,-0.7677180767059326
0.18846763670444489,0.7578204274177551,0.6644273400306702,-1.5990850925445557,-0.5377000570297241,2.166933059692383,-0.7521920204162598
0.20673750340938568,0.7466424107551575,0.6390784382820129,-1.6024284362792969,-0.5146608352661133,2.1749672889709473,-0.7366659641265869
0.2252664864063263,0.7359906435012817,0.6137447953224182,-1.6056952476501465,-0.49189823865890503,2.1825814247131348,-0.7211398482322693
0.2440505176782608,0.7258455157279968,0.5884112119674683,-1.6088855266571045,-0.4693942070007324,2.189793586730957,-0.7056137919425964
0.2630874514579773,0.716189980506897,0.5630620718002319,-1.611999750137329,-0.447128027677536,2.1966209411621094,-0.6900876760482788
0.2823745906352997,0.707009494304657,0.5376836657524109,-1.6150376796722412,-0.4250832796096802,2.2030792236328125,-0.674561619758606
0.30190837383270264,0.6982901692390442,0.5122645497322083,-1.617999792098999,-0.4032440483570099,2.2091829776763916,-0.6590355038642883
0.3216842710971832,0.6900200247764587,0.48679518699645996,-1.6208860874176025,-0.3815956711769104,2.214944362640381,-0.6435094475746155
0.34169667959213257,0.682188093662262,0.46126842498779297,-1.623697280883789,-0.3601248562335968,2.2203752994537354,-0.6279833912849426
0.36194148659706116,0.6747841835021973,0.43567579984664917,-1.6264331340789795,-0.3388182818889618,2.225487470626831,-0.612457275390625
0.38241174817085266,0.6677998304367065,0.41001322865486145,-1.6290943622589111,-0.3176649212837219,2.230290174484253,-0.5969312191009521
0.40310046076774597,0.6612275242805481,0.38427507877349854,-1.6316807270050049,-0.2966539263725281,2.2347917556762695,-0.5814051032066345
0.42400097846984863,0.6550599932670593,0.358461856842041,-1.6341924667358398,-0.275774210691452,2.2390012741088867,-0.5658790469169617
0.4451048970222473,0.6492918133735657,0.3325706124305725,-1.6366299390792847,-0.2550167143344879,2.2429258823394775,-0.550352931022644
0.4664035737514496,0.643916130065918,0.30660077929496765,-1.638993263244629,-0.23437194526195526,2.246572494506836,-0.5348268747329712
0.487886905670166,0.6389287710189819,0.2805537283420563,-1.6412827968597412,-0.2138310670852661,2.2499470710754395,-0.5193007588386536
0.5095456838607788,0.6343255639076233,0.2544306218624115,-1.643498182296753,-0.19338639080524445,2.2530555725097656,-0.5037747025489807
0.531367838382721,0.6301023960113525,0.22823569178581238,-1.6456406116485596,-0.17302978038787842,2.2559027671813965,-0.4882486164569855
0.5533433556556702,0.6262558698654175,0.20197145640850067,-1.6477097272872925,-0.15275347232818604,2.2584939002990723,-0.47272253036499023
0.575458824634552,0.6227832436561584,0.1756441593170166,-1.6497055292129517,-0.1325507014989853,2.260831832885742,-0.4571963846683502
0.5977023243904114,0.6196815967559814,0.1492585390806198,-1.6516287326812744,-0.11241408437490463,2.2629213333129883,-0.44167032837867737
0.62006014585495,0.616949200630188,0.12282183021306992,-1.653478980064392,-0.09233728051185608,2.2647645473480225,-0.4261442720890045
0.6425193548202515,0.61458420753479,0.09634023159742355,-1.655256986618042,-0.07231323421001434,2.2663652896881104,-0.4106181859970093
0.6650648713111877,0.6125843524932861,0.06982240825891495,-1.6569628715515137,-0.05233617499470711,2.2677254676818848,-0.3950921297073364
0.6876823306083679,0.6109486818313599,0.043276604264974594,-1.6585965156555176,-0.03240061178803444,2.2688465118408203,-0.3795659840106964
0.7103574275970459,0.6096763610839844,0.016710923984646797,-1.6601587533950806,-0.012499014846980572,2.269731044769287,-0.36403992772102356
0.7330747842788696,0.6087666153907776,-0.009865396656095982,-1.6616491079330444,0.007373226340860128,2.2703793048858643,-0.3485138416290283
0.7558189034461975,0.6082188487052917,-0.036442652344703674,-1.6630680561065674,0.027223557233810425,2.2707927227020264,-0.33298778533935547
0.778573751449585,0.6080322861671448,-0.06301043182611465,-1.6644160747528076,0.04705530032515526,2.2709712982177734,-0.31746169924736023
0.8013246059417725,0.6082074642181396,-0.08956024050712585,-1.6656935214996338,0.06687571853399277,2.270915985107422,-0.3019355535507202
0.8240550756454468,0.6087442636489868,-0.11608131229877472,-1.666899561882019,0.0866902694106102,2.270625591278076,-0.28640949726104736
0.8467501997947693,0.6096431612968445,-0.14256440103054047,-1.6680357456207275,0.10650411248207092,2.2701003551483154,-0.2708834409713745
0.8693947792053223,0.6109043955802917,-0.16900032758712769,-1.6691014766693115,0.12632383406162262,2.2693381309509277,-0.2553573548793793
0.8919730186462402,0.6125292778015137,-0.19537878036499023,-1.6700971126556396,0.14615386724472046,2.268338203430176,-0.23983122408390045
0.9144700765609741,0.6145185828208923,-0.22169093787670135,-1.6710233688354492,0.16600094735622406,2.267099380493164,-0.2243051528930664
0.9368720054626465,0.6168737411499023,-0.24792888760566711,-1.6718801259994507,0.18587064743041992,2.2656190395355225,-0.20877908170223236
0.9591637849807739,0.619596004486084,-0.2740832567214966,-1.6726672649383545,0.20576824247837067,2.263894557952881,-0.19325301051139832
0.9813323616981506,0.622687816619873,-0.30014753341674805,-1.6733858585357666,0.22570030391216278,2.261923313140869,-0.17772693932056427
1.0033645629882812,0.626151978969574,-0.3261146545410156,-1.6740355491638184,0.24567346274852753,2.25970196723938,-0.16220079362392426
1.025247573852539,0.629989504814148,-0.3519781231880188,-1.6746163368225098,0.2656930983066559,2.25722599029541,-0.1466747373342514
1.0469694137573242,0.6342050433158875,-0.3777325451374054,-1.6751294136047363,0.2857664227485657,2.2544922828674316,-0.13114866614341736
1.068518877029419,0.638800859451294,-0.4033734202384949,-1.675574541091919,0.3059006333351135,2.251495361328125,-0.11562259495258331
1.0898847579956055,0.6437819004058838,-0.42889708280563354,-1.6759517192840576,0.32610252499580383,2.248229742050171,-0.10009652376174927
1.1110575199127197,0.6491516828536987,-0.4543003737926483,-1.6762616634368896,0.3463784456253052,2.244690179824829,-0.08457038551568985
1.13202702999115,0.6549155116081238,-0.47958138585090637,-1.6765038967132568,0.3667370676994324,2.2408699989318848,-0.0690443217754364
1.1527843475341797,0.6610796451568604,-0.5047390460968018,-1.6766799688339233,0.387186735868454,2.236762523651123,-0.05351824313402176
1.1733227968215942,0.667650043964386,-0.5297747254371643,-1.676789402961731,0.40773558616638184,2.2323591709136963,-0.03799217939376831
1.193634033203125,0.6746336221694946,-0.5546890497207642,-1.6768319606781006,0.42839276790618896,2.227651596069336,-0.022466039285063744
1.2137105464935303,0.6820391416549683,-0.5794834494590759,-1.6768091917037964,0.4491676688194275,2.2226316928863525,-0.006939971819519997
1.2335478067398071,0.6898748278617859,-0.6041635870933533,-1.6767202615737915,0.47007137537002563,2.21728777885437,0.008586102165281773
1.2531397342681885,0.6981506943702698,-0.6287334561347961,-1.6765661239624023,0.49111318588256836,2.2116098403930664,0.024112168699502945
1.272480845451355,0.7068787217140198,-0.6531988978385925,-1.6763465404510498,0.5123059749603271,2.205585241317749,0.03963823616504669
1.2915680408477783,0.7160705327987671,-0.6775686144828796,-1.6760625839233398,0.5336629748344421,2.199200391769409,0.05516437441110611
1.3103967905044556,0.7257398962974548,-0.7018507719039917,-1.6757137775421143,0.5551961660385132,2.192441463470459,0.07069045305252075
1.3289648294448853,0.7359031438827515,-0.7260572910308838,-1.6753007173538208,0.5769221186637878,2.185291290283203,0.0862165167927742
1.2487717866897583,0.6906551122665405,-0.635290265083313,-1.6924105882644653,0.4934193193912506,2.2174015045166016,0.11722074449062347
1.1640775203704834,0.6525400280952454,-0.5437583327293396,-1.7078936100006104,0.41341856122016907,2.2438063621520996,0.14822497963905334
1.0749443769454956,0.6208218336105347,-0.4506816565990448,-1.7217751741409302,0.33604955673217773,2.265300750732422,0.17922919988632202
0.9815815091133118,0.5950290560722351,-0.35562700033187866,-1.734076738357544,0.26065972447395325,2.282451629638672,0.2102334350347519
0.8843877911567688,0.574869692325592,-0.2584805488586426,-1.7448171377182007,0.1867433786392212,2.295663833618164,0.24123765528202057
0.7839688062667847,0.560172438621521,-0.1594201624393463,-1.7540113925933838,0.1138879731297493,2.3052217960357666,0.27224189043045044
0.6811360120773315,0.5508488416671753,-0.058886103332042694,-1.7616736888885498,0.04174495488405228,2.311314821243286,0.3032461106777191
0.5768734812736511,0.5468618869781494,0.04247234761714935,-1.7678155899047852,-0.029993003234267235,2.3140528202056885,0.3342503607273102
0.47227683663368225,0.5482084155082703,0.14387476444244385,-1.7724480628967285,-0.10161004960536957,2.3134710788726807,0.36525455117225647
0.36846694350242615,0.5549130439758301,0.24451102316379547,-1.775579810142517,-0.17338550090789795,2.309537410736084,0.39625880122184753
0.26650676131248474,0.5670304298400879,0.34363117814064026,-1.7772204875946045,-0.24560317397117615,2.302147626876831,0.4272630214691162
0.16731882095336914,0.5846603512763977,0.4406493008136749,-1.7773771286010742,-0.318571537733078,2.291116714477539,0.4582672417163849
0.07164007425308228,0.6079748868942261,0.5352009534835815,-1.7760578393936157,-0.39264142513275146,2.2761688232421875,0.48927146196365356
0.13214494287967682,0.589923083782196,0.4650363624095917,-1.7774096727371216,-0.33732226490974426,2.2877871990203857,0.4569798707962036
0.19468531012535095,0.574859082698822,0.3934551775455475,-1.7782633304595947,-0.28261619806289673,2.2973217964172363,0.42468827962875366
0.25903230905532837,0.5627032518386841,0.32054972648620605,-1.7786145210266113,-0.22838661074638367,2.3048973083496094,0.3923966884613037
0.32489895820617676,0.5534021258354187,0.24648414552211761,-1.7784600257873535,-0.1745123714208603,2.3106093406677246,0.36010509729385376
0.39194485545158386,0.546921968460083,0.17148448526859283,-1.777796983718872,-0.12088120728731155,2.3145275115966797,0.3278135061264038
0.45978352427482605,0.5432426929473877,0.09582860767841339,-1.7766213417053223,-0.06739141792058945,2.3166983127593994,0.29552191495895386
0.5279978513717651,0.5423533320426941,0.019831595942378044,-1.7749311923980713,-0.013942213729023933,2.3171491622924805,0.2632303237915039
0.5961558222770691,0.5442517399787903,-0.056179601699113846,-1.7727246284484863,0.03956422954797745,2.3158867359161377,0.23093871772289276
0.6638271808624268,0.5489424467086792,-0.13187865912914276,-1.769999623298645,0.09322649985551834,2.312899351119995,0.1986471265554428
0.7306044697761536,0.5564389824867249,-0.20696592330932617,-1.766754388809204,0.1471485048532486,2.3081541061401367,0.16635553538799286
0.7961151003837585,0.5667647123336792,-0.2811821699142456,-1.7629880905151367,0.2014385312795639,2.3015990257263184,0.1340639442205429
0.8600356578826904,0.579959511756897,-0.35432660579681396,-1.758699655532837,0.25621718168258667,2.293156862258911,0.10177236050367355
0.9220998287200928,0.5960835814476013,-0.42626795172691345,-1.7538877725601196,0.3116183876991272,2.282724618911743,0.0694807693362236
0.9260508418083191,0.6202418804168701,-0.4449939727783203,-1.7206804752349854,0.3317551910877228,2.26562762260437,0.03999069705605507
0.930092453956604,0.6453648805618286,-0.4646739065647125,-1.6864852905273438,0.3530588746070862,2.2476377487182617,0.010500626638531685
0.93421870470047,0.6715577840805054,-0.4854520559310913,-1.6512222290039062,0.3756747841835022,2.228667736053467,-0.01898944191634655
0.9384257793426514,0.6989431381225586,-0.5075064301490784,-1.6147966384887695,0.39978140592575073,2.208610773086548,-0.04847951605916023
0.9427061676979065,0.7276687026023865,-0.5310521721839905,-1.577099323272705,0.42559871077537537,2.1873421669006348,-0.07796958088874817
0.9470533132553101,0.757914125919342,-0.556361198425293,-1.5380010604858398,0.45340463519096375,2.164707660675049,-0.107459656894207
0.95145583152771,0.7899025082588196,-0.5837750434875488,-1.4973456859588623,0.4835536777973175,2.1405181884765625,-0.13694971799850464
0.9026063084602356,0.7502686977386475,-0.5280132293701172,-1.5371699333190918,0.4290596842765808,2.1700782775878906,-0.11394884437322617
0.8514173030853271,0.7143349051475525,-0.47386935353279114,-1.574418544769287,0.3777404725551605,2.1964902877807617,-0.09094797074794769
0.7977893948554993,0.6816930770874023,-0.42054370045661926,-1.6092910766601562,0.3288748264312744,2.220139503479004,-0.06794709712266922
0.7416240572929382,0.6520559191703796,-0.36740899085998535,-1.6419440507888794,0.2819202244281769,2.241316318511963,-0.04494622349739075
0.6828403472900391,0.625214159488678,-0.3139723241329193,-1.6725070476531982,0.23645757138729095,2.260244369506836,-0.021945349872112274
0.6213752627372742,0.6010256409645081,-0.2598415017127991,-1.7010825872421265,0.19215799868106842,2.277097702026367,0.0010555243352428079
0.5571992993354797,0.5793938040733337,-0.20471720397472382,-1.7277569770812988,0.14875642955303192,2.292012929916382,0.024056389927864075
0.49032363295555115,0.5602623224258423,-0.1483844816684723,-1.752598524093628,0.10603637248277664,2.305096387863159,0.047057271003723145
0.420812726020813,0.5436028242111206,-0.0907134860754013,-1.7756659984588623,0.06382014602422714,2.3164305686950684,0.07005815207958221
0.3487919270992279,0.5294128060340881,-0.03165743872523308,-1.7970049381256104,0.021957263350486755,2.3260788917541504,0.09305901825428009
0.2744585871696472,0.5177062749862671,0.02873625047504902,-1.8166537284851074,-0.019679991528391838,2.334085702896118,0.11605989933013916
0.19808429479599,0.5085098743438721,0.09033707529306412,-1.834644079208374,-0.06120136380195618,2.3404815196990967,0.13906076550483704
0.12001442909240723,0.5018575191497803,0.15293055772781372,-1.8510018587112427,-0.10270355641841888,2.345282793045044,0.1620616316795349
0.040663015097379684,0.49778828024864197,0.2162276655435562,-1.8657467365264893,-0.14427222311496735,2.34849214553833,0.1850624978542328
-0.03950265422463417,0.496340811252594,0.27988243103027344,-1.878895878791809,-0.18598653376102448,2.3501009941101074,0.20806339383125305
-0.11997859179973602,0.4975537657737732,0.3435111939907074,-1.890461802482605,-0.22791942954063416,2.3500871658325195,0.23106426000595093
-0.20024989545345306,0.5014611482620239,0.40672001242637634,-1.900456428527832,-0.2701428234577179,2.3484151363372803,0.2540651261806488
-0.27981168031692505,0.508098304271698,0.4691276252269745,-1.9088867902755737,-0.31272655725479126,2.3450369834899902,0.27706602215766907
-0.35819482803344727,0.5175009369850159,0.5303934812545776,-1.9157596826553345,-0.35574474930763245,2.339888334274292,0.30006685853004456
-0.4349856376647949,0.5297093987464905,0.5902390480041504,-1.9210798740386963,-0.3992750644683838,2.332887649536133,0.3230677545070648
-0.5098364353179932,0.5447764992713928,0.6484608054161072,-1.9248507022857666,-0.4434051513671875,2.323934316635132,0.3460686206817627
-0.5824733972549438,0.5627709031105042,0.7049418687820435,-1.9270755052566528,-0.48823338747024536,2.3129055500030518,0.36906951665878296
-0.6526966691017151,0.5837897062301636,0.7596554160118103,-1.927755355834961,-0.5338767170906067,2.299649953842163,0.39207035303115845
-0.7203797101974487,0.6079651117324829,0.8126691579818726,-1.9268916845321655,-0.5804755687713623,2.2839810848236084,0.4150712490081787
-0.7854531407356262,0.6354783177375793,0.8641353845596313,-1.9244837760925293,-0.6282007694244385,2.2656710147857666,0.4380721151828766
-0.8478997349739075,0.6665763854980469,0.9142968654632568,-1.9205316305160522,-0.6772685647010803,2.244436264038086,0.46107298135757446
-0.9077432751655579,0.7015949487686157,0.9634897112846375,-1.9150328636169434,-0.7279562950134277,2.2199161052703857,0.48407384753227234
-0.9650307297706604,0.7409875988960266,1.0121463537216187,-1.9079859256744385,-0.780624270439148,2.1916515827178955,0.5070747137069702
-1.0198254585266113,0.7853825688362122,1.0608241558074951,-1.8993858098983765,-0.8357605934143066,2.159034490585327,0.5300755500793457
-1.072190761566162,0.8356630802154541,1.1102468967437744,-1.8892273902893066,-0.8940457105636597,2.121236801147461,0.5530765056610107
-1.1221754550933838,0.893119752407074,1.1613937616348267,-1.8775033950805664,-0.9564706087112427,2.0770788192749023,0.5760772824287415
-1.1697875261306763,0.9597465395927429,1.2156809568405151,-1.8642040491104126,-1.0245757102966309,2.0247700214385986,0.5990782380104065
-1.214953899383545,1.038910150527954,1.2753872871398926,-1.8493170738220215,-1.1009856462478638,1.9613256454467773,0.622079074382782
-1.2573771476745605,1.1371994018554688,1.3448197841644287,-1.832826018333435,-1.190902590751648,1.880962610244751,0.6450799703598022
-1.2610952854156494,1.1271883249282837,1.3404827117919922,-1.840911865234375,-1.1835687160491943,1.8893990516662598,0.6225218176841736
-1.264835000038147,1.1174343824386597,1.336402416229248,-1.848955750465393,-1.1765003204345703,1.8976151943206787,0.5999636650085449
-1.268599033355713,1.1079208850860596,1.3325650691986084,-1.856959342956543,-1.1696817874908447,1.905624508857727,0.5774055123329163
-1.272386908531189,1.0986347198486328,1.3289577960968018,-1.864922285079956,-1.1630982160568237,1.9134390354156494,0.5548473596572876
-1.276200532913208,1.0895613431930542,1.325568437576294,-1.8728458881378174,-1.1567344665527344,1.9210710525512695,0.5322892069816589
-1.2800415754318237,1.0806912183761597,1.3223882913589478,-1.8807306289672852,-1.1505805253982544,1.928528904914856,0.5097310543060303
-1.2839101552963257,1.0720129013061523,1.3194068670272827,-1.8885773420333862,-1.1446243524551392,1.935822606086731,0.487172931432724
-1.2878074645996094,1.0635170936584473,1.3166159391403198,-1.8963863849639893,-1.1388559341430664,1.9429600238800049,0.46461477875709534
-1.291733741760254,1.0551941394805908,1.3140065670013428,-1.904158353805542,-1.1332650184631348,1.949949860572815,0.4420566260814667
-1.2956905364990234,1.047037124633789,1.3115730285644531,-1.9118940830230713,-1.1278446912765503,1.9567975997924805,0.419498473405838
-1.2996731996536255,1.0390379428863525,1.3093042373657227,-1.9195939302444458,-1.1225862503051758,1.9635106325149536,0.39694035053253174
-1.3036937713623047,1.0311894416809082,1.3072015047073364,-1.927259087562561,-1.1174812316894531,1.9700953960418701,0.3743821680545807
-1.3077471256256104,1.0234882831573486,1.3052566051483154,-1.9348890781402588,-1.112525463104248,1.9765545129776,0.3518240451812744
-1.311833381652832,1.0159248113632202,1.3034621477127075,-1.9424852132797241,-1.1077101230621338,1.9828970432281494,0.32926589250564575
-1.3159544467926025,1.0084969997406006,1.3018155097961426,-1.9500476121902466,-1.103031873703003,1.989124059677124,0.3067077696323395
-1.3201098442077637,1.001198649406433,1.3003112077713013,-1.9575765132904053,-1.098483681678772,1.9952410459518433,0.2841495871543884
-1.324300765991211,0.9940248131752014,1.2989448308944702,-1.9650731086730957,-1.094061017036438,2.0012526512145996,0.26159143447875977
-1.328527808189392,0.9869712591171265,1.2977126836776733,-1.9725377559661865,-1.0897583961486816,2.007162570953369,0.2390333116054535
-1.3327916860580444,0.9800345301628113,1.2966113090515137,-1.9799702167510986,-1.0855727195739746,2.0129737854003906,0.21647514402866364
-1.3370931148529053,0.973210871219635,1.295637607574463,-1.9873720407485962,-1.0814990997314453,2.0186898708343506,0.19391697645187378
-1.3414320945739746,0.9664976596832275,1.2947880029678345,-1.9947423934936523,-1.0775343179702759,2.024312734603882,0.1713588833808899
-1.345810055732727,0.9598894119262695,1.2940592765808105,-2.0020828247070312,-1.0736734867095947,2.0298473834991455,0.14880071580410004
-1.350226879119873,0.953384518623352,1.2934490442276,-2.0093932151794434,-1.0699135065078735,2.035295248031616,0.12624254822731018
-1.3546836376190186,0.9469801783561707,1.2929545640945435,-2.016674041748047,-1.0662516355514526,2.040659189224243,0.10368438065052032
-1.359180212020874,0.9406734704971313,1.292573094367981,-2.023925542831421,-1.0626842975616455,2.0459415912628174,0.08112625777721405
-1.363718032836914,0.9344613552093506,1.2923026084899902,-2.031148910522461,-1.0592091083526611,2.051144599914551,0.058568090200424194
-1.368297815322876,0.9283434748649597,1.2921417951583862,-2.0383434295654297,-1.055823802947998,2.056269884109497,0.036009956151247025
-1.3729186058044434,0.9223149418830872,1.2920866012573242,-2.0455102920532227,-1.0525236129760742,2.0613210201263428,0.013451827690005302
-1.3775824308395386,0.9163759350776672,1.2921370267868042,-2.0526492595672607,-1.0493091344833374,2.066297769546509,-0.009106338024139404
-1.3822895288467407,0.9105230569839478,1.292290449142456,-2.0597612857818604,-1.046175479888916,2.0712034702301025,-0.03166443482041359
-1.387040138244629,0.9047553539276123,1.2925450801849365,-2.0668458938598633,-1.0431220531463623,2.0760388374328613,-0.05422263965010643
-1.3918346166610718,0.8990695476531982,1.2928990125656128,-2.0739049911499023,-1.0401451587677002,2.0808074474334717,-0.076780766248703
-1.3966732025146484,0.8934661149978638,1.2933509349822998,-2.080936908721924,-1.0372443199157715,2.085508346557617,-0.09933889657258987
-1.4015578031539917,0.8879422545433044,1.2939001321792603,-2.0879433155059814,-1.034416913986206,2.090144157409668,-0.12189710140228271
-1.4064874649047852,0.8824961185455322,1.2945438623428345,-2.0949244499206543,-1.031660556793213,2.094717264175415,-0.144455224275589
-1.4114633798599243,0.8771278262138367,1.295282006263733,-2.1018800735473633,-1.028975248336792,2.099226713180542,-0.16701334714889526
-1.4164857864379883,0.8718346953392029,1.2961125373840332,-2.1088106632232666,-1.026357650756836,2.103675365447998,-0.1895715594291687
-1.421555757522583,0.8666170835494995,1.2970352172851562,-2.1157164573669434,-1.0238075256347656,2.108063220977783,-0.21212968230247498
-1.4266729354858398,0.8614717721939087,1.2980477809906006,-2.122598171234131,-1.02132248878479,2.1123929023742676,-0.23468780517578125
-1.4318382740020752,0.8563991189002991,1.2991496324539185,-2.129455804824829,-1.0189014673233032,2.1166646480560303,-0.2572460174560547
-1.4370523691177368,0.8513980507850647,1.3003404140472412,-2.136289358139038,-1.0165431499481201,2.1208786964416504,-0.2798040807247162
-1.4423142671585083,0.8464665412902832,1.30161714553833,-2.143099784851074,-1.0142453908920288,2.1250381469726562,-0.30236220359802246
-1.4476267099380493,0.8416056632995605,1.3029813766479492,-2.1498866081237793,-1.0120081901550293,2.1291415691375732,-0.3249204158782959
-1.4529887437820435,0.8368117809295654,1.304430603981018,-2.156651020050049,-1.009829044342041,2.1331918239593506,-0.3474785387516022
-1.458401083946228,0.8320868015289307,1.3059645891189575,-2.1633923053741455,-1.007708191871643,2.137188196182251,-0.3700367510318756
-1.4638639688491821,0.8274279236793518,1.3075820207595825,-2.1701114177703857,-1.0056432485580444,2.1411328315734863,-0.3925948739051819
-1.4693775177001953,0.8228349685668945,1.3092820644378662,-2.1768078804016113,-1.003633975982666,2.1450257301330566,-0.41515299677848816
-1.4749430418014526,0.8183085322380066,1.3110649585723877,-2.1834826469421387,-1.0016794204711914,2.148867130279541,-0.4377112090587616
-1.4805607795715332,0.813847005367279,1.3129292726516724,-2.190135955810547,-0.9997789859771729,2.152658700942993,-0.46026933193206787
-1.4862303733825684,0.8094495534896851,1.314874291419983,-2.1967670917510986,-0.9979301691055298,2.156400442123413,-0.48282745480537415
-1.4919525384902954,0.8051159977912903,1.3168989419937134,-2.2033772468566895,-0.9961333870887756,2.160093307495117,-0.5053856372833252
-1.4977281093597412,0.8008460402488708,1.3190033435821533,-2.2099666595458984,-0.9943877458572388,2.1637377738952637,-0.5279437899589539
-1.503556251525879,0.7966388463973999,1.321185827255249,-2.2165346145629883,-0.9926923513412476,2.16733455657959,-0.5505018830299377
-1.5094391107559204,0.7924950122833252,1.3234474658966064,-2.2230825424194336,-0.9910461902618408,2.1708834171295166,-0.5730600357055664
-1.5153758525848389,0.7884129285812378,1.3257862329483032,-2.229609489440918,-0.9894485473632812,2.1743855476379395,-0.5956181883811951
-1.5213669538497925,0.7843924164772034,1.3282017707824707,-2.236116647720337,-0.9878985285758972,2.1778416633605957,-0.6181763410568237
-1.5274125337600708,0.7804337739944458,1.3306934833526611,-2.2426037788391113,-0.986396312713623,2.1812517642974854,-0.6407344937324524
-1.5335135459899902,0.7765361070632935,1.333261251449585,-2.249070644378662,-0.9849406480789185,2.1846163272857666,-0.663292646408081
-1.5396695137023926,0.7726996541023254,1.3359038829803467,-2.2555184364318848,-0.9835312366485596,2.1879355907440186,-0.6858507394790649
-1.5458811521530151,0.7689234018325806,1.3386207818984985,-2.261946678161621,-0.9821661710739136,2.1912107467651367,-0.7084088325500488
-1.5521494150161743,0.7652083039283752,1.341412901878357,-2.268355369567871,-0.9808470606803894,2.1944403648376465,-0.730967104434967
-1.5584725141525269,0.7615530490875244,1.3442769050598145,-2.274744987487793,-0.9795713424682617,2.197627067565918,-0.7535252571105957
-1.5648523569107056,0.7579587697982788,1.3472144603729248,-2.281115770339966,-0.9783401489257812,2.2007696628570557,-0.7760833501815796
-1.5712891817092896,0.7544240951538086,1.3502247333526611,-2.2874679565429688,-0.9771520495414734,2.2038686275482178,-0.7986415028572083
-1.577781319618225,0.750948429107666,1.3533051013946533,-2.2938015460968018,-0.9760056734085083,2.206925868988037,-0.8211996555328369
-1.5843321084976196,0.7475349307060242,1.3564587831497192,-2.300116539001465,-0.9749034643173218,2.209937810897827,-0.8437577486038208
-1.5909388065338135,0.7441793084144592,1.3596818447113037,-2.3064136505126953,-0.9738417267799377,2.2129087448120117,-0.866316020488739
-1.5976030826568604,0.7408847212791443,1.3629751205444336,-2.312692642211914,-0.9728222489356995,2.215836763381958,-0.8888741731643677
-1.6043241024017334,0.7376493811607361,1.366337537765503,-2.318953514099121,-0.9718431830406189,2.2187228202819824,-0.9114322662353516
-1.6111032962799072,0.7344745993614197,1.36976957321167,-2.3251965045928955,-0.9709058403968811,2.2215659618377686,-0.9339904189109802
-1.6179392337799072,0.7313593029975891,1.3732692003250122,-2.3314218521118164,-0.9700084328651428,2.224367618560791,-0.9565485715866089
-1.6248317956924438,0.7283034920692444,1.3768354654312134,-2.337629795074463,-0.9691511988639832,2.227128505706787,-0.9791066646575928
-1.6317832469940186,0.7253082990646362,1.3804701566696167,-2.343820571899414,-0.9683335423469543,2.229846477508545,-1.0016649961471558
-1.6387920379638672,0.7223734855651855,1.3841711282730103,-2.34999418258667,-0.9675554037094116,2.232522964477539,-1.0242230892181396
-1.6458566188812256,0.7194987535476685,1.3879361152648926,-2.3561506271362305,-0.966816246509552,2.235158920288086,-1.0467811822891235
-1.6529805660247803,0.7166846394538879,1.391767978668213,-2.362290143966675,-0.9661163687705994,2.237752676010132,-1.069339394569397
-1.660160779953003,0.7139305472373962,1.3956630229949951,-2.368412733078003,-0.9654545187950134,2.2403054237365723,-1.0918974876403809
-1.6673988103866577,0.7112382650375366,1.3996226787567139,-2.374518632888794,-0.9648320078849792,2.242816209793091,-1.1144555807113647
-1.6746933460235596,0.7086055874824524,1.40364408493042,-2.380608081817627,-0.9642463326454163,2.2452869415283203,-1.1370139122009277
-1.6820452213287354,0.7060350775718689,1.4077280759811401,-2.386681318283081,-0.9636997580528259,2.247715950012207,-1.1595720052719116
-1.6894527673721313,0.7035220265388489,1.4118720293045044,-2.3927383422851562,-0.9631876349449158,2.2501065731048584,-1.1821300983428955
-1.6969175338745117,0.701075553894043,1.416077733039856,-2.3987789154052734,-0.9627166390419006,2.2524521350860596,-1.2046881914138794
-1.7044391632080078,0.6986904740333557,1.4203437566757202,-2.4048032760620117,-0.962283194065094,2.2547566890716553,-1.2272462844848633
-1.7120158672332764,0.6963677406311035,1.424667477607727,-2.41081166267395,-0.9618870615959167,2.2570199966430664,-1.2498043775558472
-1.719648838043213,0.6941072940826416,1.4290499687194824,-2.416804313659668,-0.9615276455879211,2.259241819381714,-1.2723627090454102
-1.7273362874984741,0.6919090151786804,1.4334884881973267,-2.422780990600586,-0.9612048864364624,2.261423110961914,-1.294920802116394
-1.7350791692733765,0.6897749304771423,1.437983512878418,-2.4287421703338623,-0.9609196186065674,2.263561964035034,-1.317478895187378
-1.7428767681121826,0.6877036690711975,1.4425339698791504,-2.434687614440918,-0.9606707096099854,2.2656593322753906,-1.3400371074676514
-1.7507277727127075,0.6856959462165833,1.4471379518508911,-2.440617799758911,-0.960458517074585,2.2677154541015625,-1.3625952005386353
-1.7586326599121094,0.6837536692619324,1.4517951011657715,-2.446532726287842,-0.960283100605011,2.269728899002075,-1.3851534128189087
-1.76659095287323,0.6818751096725464,1.4565047025680542,-2.452432155609131,-0.9601444005966187,2.271700620651245,-1.4077116250991821
-1.7746013402938843,0.6800617575645447,1.4612648487091064,-2.4583163261413574,-0.9600417017936707,2.273629903793335,-1.430269718170166
-1.7826637029647827,0.678313672542572,1.4660747051239014,-2.4641857147216797,-0.9599756598472595,2.275516986846924,-1.45282781124115
-1.7907768487930298,0.6766314506530762,1.4709328413009644,-2.4700398445129395,-0.9599457383155823,2.2773613929748535,-1.4753860235214233
-1.7989413738250732,0.6750158667564392,1.4758390188217163,-2.475879192352295,-0.9599524736404419,2.279162645339966,-1.4979441165924072
-1.8071550130844116,0.6734667420387268,1.480790615081787,-2.481703519821167,-0.9599958062171936,2.280921220779419,-1.5205023288726807
-1.8154187202453613,0.671985387802124,1.4857878684997559,-2.4875130653381348,-0.9600752592086792,2.2826359272003174,-1.543060541152954
-1.823730707168579,0.6705721616744995,1.4908286333084106,-2.4933080673217773,-0.9601913690567017,2.284306526184082,-1.565618634223938
-1.832089900970459,0.6692264080047607,1.4959112405776978,-2.4990882873535156,-0.9603436589241028,2.2859342098236084,-1.5881767272949219
-1.84049654006958,0.6679499745368958,1.5010353326797485,-2.504854202270508,-0.9605323672294617,2.2875165939331055,-1.6107349395751953
-1.8489477634429932,0.6667424440383911,1.5061976909637451,-2.5106053352355957,-0.960757851600647,2.289055347442627,-1.6332930326461792
-1.8574447631835938,0.6656050682067871,1.5113986730575562,-2.5163421630859375,-0.9610202312469482,2.290548801422119,-1.6558512449264526
-1.8659857511520386,0.6645383238792419,1.5166361331939697,-2.522064685821533,-0.9613184332847595,2.291996717453003,-1.678409457206726
-1.8745694160461426,0.6635417938232422,1.5219080448150635,-2.527772903442383,-0.9616539478302002,2.2933998107910156,-1.70096755027771
-1.883195161819458,0.6626179814338684,1.5272138118743896,-2.5334668159484863,-0.9620262384414673,2.294755697250366,-1.7235255241394043
-1.8918616771697998,0.6617658138275146,1.5325509309768677,-2.539146661758423,-0.9624354839324951,2.2960658073425293,-1.7460837364196777
-1.9005672931671143,0.6609861254692078,1.5379174947738647,-2.5448122024536133,-0.9628815054893494,2.2973291873931885,-1.7686418294906616
-1.9093126058578491,0.6602806448936462,1.5433133840560913,-2.5504636764526367,-0.9633651375770569,2.298544406890869,-1.791200041770935
-1.9180954694747925,0.659648597240448,1.5487360954284668,-2.5561013221740723,-0.9638858437538147,2.2997121810913086,-1.8137582540512085
-1.9269139766693115,0.6590912938117981,1.554183006286621,-2.561724901199341,-0.9644439816474915,2.3008317947387695,-1.8363163471221924
-1.935767650604248,0.6586102247238159,1.5596530437469482,-2.5673341751098633,-0.9650402665138245,2.3019020557403564,-1.8588744401931763
-1.9446543455123901,0.6582040190696716,1.5651438236236572,-2.572929859161377,-0.9656734466552734,2.3029236793518066,-1.8814326524734497
-1.9535731077194214,0.6578745245933533,1.5706534385681152,-2.578511953353882,-0.9663447141647339,2.3038957118988037,-1.9039907455444336
-1.962524175643921,0.6576233506202698,1.5761817693710327,-2.5840797424316406,-0.967054545879364,2.3048157691955566,-1.926548957824707
-1.9715040922164917,0.6574496030807495,1.58172607421875,-2.5896339416503906,-0.9678030014038086,2.3056857585906982,-1.9491071701049805
-1.9805116653442383,0.6573552489280701,1.5872817039489746,-2.5951743125915527,-0.9685894250869751,2.3065037727355957,-1.9716652631759644
