0.001215292257256806,0.5950078964233398,-0.971669614315033,-2.057032585144043,0.6698469519615173,2.3002259731292725,2.5612881183624268
0.009476391598582268,0.5884321928024292,-0.9737172722816467,-2.066375255584717,0.6666958332061768,2.305121421813965,2.541459321975708
0.017893748357892036,0.5819664597511292,-0.9759545922279358,-2.0756425857543945,0.6636524796485901,2.309929847717285,2.52163028717041
0.026466771960258484,0.5756072998046875,-0.9783781170845032,-2.084836006164551,0.6607138514518738,2.314654588699341,2.5018014907836914
0.035199448466300964,0.5693546533584595,-0.9809890985488892,-2.0939552783966064,0.6578786373138428,2.319295644760132,2.4819726943969727
0.04409456625580788,0.5632078647613525,-0.9837883114814758,-2.103001594543457,0.655144989490509,2.3238542079925537,2.462143898010254
0.05315134674310684,0.5571655631065369,-0.9867721796035767,-2.11197566986084,0.6525105834007263,2.3283333778381348,2.442314863204956
0.06237504631280899,0.5512271523475647,-0.9899439215660095,-2.120878219604492,0.6499745845794678,2.3327324390411377,2.4224860668182373
0.07176551222801208,0.5453916788101196,-0.9933009147644043,-2.1297097206115723,0.6475350856781006,2.3370540142059326,2.4026572704315186
0.08132688701152802,0.5396591424942017,-0.9968453049659729,-2.1384708881378174,0.6451912522315979,2.3412981033325195,2.3828282356262207
0.09105817973613739,0.5340282320976257,-1.0005741119384766,-2.147162675857544,0.6429408192634583,2.3454670906066895,2.362999439239502
0.10096483677625656,0.5284984707832336,-1.0044903755187988,-2.155785083770752,0.6407832503318787,2.349560260772705,2.343170642852783
0.11104297637939453,0.5230696201324463,-1.0085886716842651,-2.164339065551758,0.6387154459953308,2.353581428527832,2.3233416080474854
0.12130003422498703,0.5177412629127502,-1.0128743648529053,-2.1728250980377197,0.6367392539978027,2.3575286865234375,2.3035128116607666
0.13173536956310272,0.5125135779380798,-1.0173450708389282,-2.181243419647217,0.6348509788513184,2.3614041805267334,2.283684015274048
0.1423499435186386,0.5073857307434082,-1.0219999551773071,-2.1895947456359863,0.6330512762069702,2.365208864212036,2.263855218887329
0.1531456559896469,0.502358078956604,-1.0268393754959106,-2.1978793144226074,0.6313387155532837,2.368943214416504,2.2440261840820312
0.1641237437725067,0.49743005633354187,-1.031862497329712,-2.2060976028442383,0.6297117471694946,2.372608184814453,2.2241973876953125
0.1752859205007553,0.49260154366493225,-1.0370699167251587,-2.214250087738037,0.6281704306602478,2.376204252243042,2.2043685913085938
0.18663251399993896,0.4878727197647095,-1.0424596071243286,-2.222337245941162,0.6267127990722656,2.379732608795166,2.184539556503296
0.19816415011882782,0.4832440912723541,-1.0480318069458008,-2.2303590774536133,0.6253395676612854,2.3831934928894043,2.164710760116577
0.2098814696073532,0.47871533036231995,-1.053784728050232,-2.238316059112549,0.6240489482879639,2.3865878582000732,2.1448819637298584
0.22178469598293304,0.47428634762763977,-1.0597176551818848,-2.246208429336548,0.6228399276733398,2.38991641998291,2.1250531673431396
0.23387651145458221,0.46995851397514343,-1.0658315420150757,-2.2540366649627686,0.6217131018638611,2.393178701400757,2.105224132537842
0.24615447223186493,0.46573030948638916,-1.0721229314804077,-2.261800765991211,0.6206673383712769,2.396376609802246,2.085395336151123
0.25861868262290955,0.46160319447517395,-1.0785903930664062,-2.269501209259033,0.6197015643119812,2.399509906768799,2.0655665397644043
0.27127084136009216,0.45757731795310974,-1.0852341651916504,-2.2771382331848145,0.6188157796859741,2.4025790691375732,2.0457375049591064
0.2841087281703949,0.4536527395248413,-1.0920510292053223,-2.2847118377685547,0.6180092692375183,2.4055845737457275,2.0259087085723877
0.29713174700737,0.44982996582984924,-1.0990389585494995,-2.292222261428833,0.6172810792922974,2.408527374267578,2.006079912185669
0.3103395104408264,0.44610950350761414,-1.106196641921997,-2.2996697425842285,0.616632342338562,2.411407232284546,1.9862509965896606
0.3237314224243164,0.44249212741851807,-1.1135222911834717,-2.307054042816162,0.6160621643066406,2.41422438621521,1.9664220809936523
0.33730319142341614,0.43897733092308044,-1.1210100650787354,-2.31437611579895,0.6155685782432556,2.416980266571045,1.9465932846069336
0.3510565757751465,0.43556633591651917,-1.1286611557006836,-2.3216352462768555,0.6151525378227234,2.4196736812591553,1.9267643690109253
0.36498746275901794,0.4322592318058014,-1.136469841003418,-2.3288321495056152,0.6148133873939514,2.4223062992095947,1.906935453414917
0.37909433245658875,0.42905646562576294,-1.1444340944290161,-2.3359665870666504,0.6145509481430054,2.424877643585205,1.8871066570281982
0.3933733105659485,0.4259587824344635,-1.1525501012802124,-2.343038558959961,0.6143651008605957,2.4273886680603027,1.86727774143219
0.40782228112220764,0.4229665994644165,-1.1608117818832397,-2.350048065185547,0.6142548322677612,2.4298384189605713,1.8474489450454712
0.4224390387535095,0.42008087038993835,-1.1692173480987549,-2.3569953441619873,0.6142216920852661,2.432227849960327,1.827620029449463
0.43721750378608704,0.4173012375831604,-1.177760362625122,-2.363880157470703,0.6142631769180298,2.4345574378967285,1.8077912330627441
0.45215651392936707,0.41462865471839905,-1.1864382028579712,-2.3707029819488525,0.6143800616264343,2.436826705932617,1.7879623174667358
0.4672499895095825,0.41206371784210205,-1.1952440738677979,-2.3774633407592773,0.614572286605835,2.4390363693237305,1.7681334018707275
0.48249465227127075,0.40960627794265747,-1.2041736841201782,-2.3841617107391357,0.6148394346237183,2.4411864280700684,1.7483046054840088
0.497884601354599,0.40725743770599365,-1.2132205963134766,-2.3907971382141113,0.6151818037033081,2.4432764053344727,1.7284756898880005
0.5134141445159912,0.40501758456230164,-1.2223780155181885,-2.3973705768585205,0.615598738193512,2.445307493209839,1.7086468935012817
0.5290785431861877,0.4028867185115814,-1.2316405773162842,-2.403881311416626,0.6160904765129089,2.447279214859009,1.6888179779052734
0.5448727607727051,0.4008653163909912,-1.241002082824707,-2.410329818725586,0.6166560053825378,2.4491918087005615,1.6689891815185547
0.5607907772064209,0.39895376563072205,-1.2504560947418213,-2.416715145111084,0.6172962784767151,2.4510445594787598,1.6491602659225464
0.576824426651001,0.39715269207954407,-1.2599937915802002,-2.4230380058288574,0.6180102825164795,2.45283842086792,1.629331350326538
0.5929690599441528,0.3954620659351349,-1.2696096897125244,-2.429297924041748,0.6187987923622131,2.454572916030884,1.6095025539398193
0.6092149019241333,0.3938816785812378,-1.2792932987213135,-2.4354946613311768,0.619661271572113,2.4562487602233887,1.589673638343811
0.6255561709403992,0.39241278171539307,-1.2890373468399048,-2.4416282176971436,0.6205974817276001,2.4578652381896973,1.5698448419570923
0.6419868469238281,0.39105501770973206,-1.2988369464874268,-2.4476985931396484,0.6216069459915161,2.4594228267669678,1.550015926361084
0.6584982872009277,0.389807790517807,-1.308681845664978,-2.453705310821533,0.6226906180381775,2.460920810699463,1.5301871299743652
0.6750826239585876,0.38867247104644775,-1.31856369972229,-2.459648370742798,0.6238479614257812,2.4623594284057617,1.5103580951690674
0.6917311549186707,0.3876480758190155,-1.3284732103347778,-2.4655275344848633,0.6250783801078796,2.4637391567230225,1.4905292987823486
0.7084345817565918,0.3867345452308655,-1.3384006023406982,-2.4713425636291504,0.6263821721076965,2.465059757232666,1.4707003831863403
0.7251877784729004,0.38593271374702454,-1.3483401536941528,-2.477093458175659,0.6277596354484558,2.466320276260376,1.4508715867996216
0.7419798374176025,0.38524094223976135,-1.3582804203033447,-2.4827799797058105,0.6292099356651306,2.4675216674804688,1.4310426712036133
0.7588019967079163,0.38466060161590576,-1.3682124614715576,-2.488401412963867,0.6307328343391418,2.4686636924743652,1.4112138748168945
0.7756478190422058,0.3841902017593384,-1.3781288862228394,-2.493957996368408,0.6323297023773193,2.469745635986328,1.3913849592208862
0.7925064563751221,0.38383013010025024,-1.3880189657211304,-2.4994492530822754,0.633998692035675,2.4707679748535156,1.371556043624878
0.8093693256378174,0.38357967138290405,-1.3978736400604248,-2.5048747062683105,0.6357408165931702,2.4717304706573486,1.3517272472381592
0.8262298107147217,0.3834388554096222,-1.40768563747406,-2.510234832763672,0.6375555992126465,2.4726321697235107,1.3318983316421509
0.8430773615837097,0.38340651988983154,-1.4174443483352661,-2.515528678894043,0.6394428014755249,2.4734740257263184,1.3120695352554321
0.8599038124084473,0.38348188996315,-1.4271413087844849,-2.520756244659424,0.6414020657539368,2.4742555618286133,1.2922406196594238
0.8767009377479553,0.38366585969924927,-1.4367680549621582,-2.5259170532226562,0.6434342861175537,2.474975824356079,1.2724117040634155
0.893459677696228,0.3839561641216278,-1.4463149309158325,-2.5310111045837402,0.6455377340316772,2.4756360054016113,1.2525829076766968
0.9101726412773132,0.38435283303260803,-1.4557745456695557,-2.5360376834869385,0.6477138996124268,2.4762349128723145,1.2327539920806885
0.9268333315849304,0.384855180978775,-1.465140461921692,-2.540996789932251,0.6499615907669067,2.4767720699310303,1.2129251956939697
0.9434300065040588,0.38546276092529297,-1.4744007587432861,-2.5458879470825195,0.6522809267044067,2.477247953414917,1.1930962800979614
0.9599576592445374,0.38617536425590515,-1.4835498332977295,-2.550710678100586,0.6546746492385864,2.477661371231079,1.1732674837112427
0.9764085412025452,0.3869900107383728,-1.4925804138183594,-2.555464744567871,0.6571370363235474,2.478013277053833,1.1534385681152344
0.9927752017974854,0.3879070281982422,-1.501484751701355,-2.560150146484375,0.6596708297729492,2.4783027172088623,1.133609652519226
1.009049892425537,0.3889249861240387,-1.5102553367614746,-2.5647664070129395,0.6622751355171204,2.4785304069519043,1.1137808561325073
1.0252275466918945,0.3900434672832489,-1.518886685371399,-2.569312572479248,0.6649501323699951,2.478694438934326,1.093951940536499
1.0413002967834473,0.3912610709667206,-1.5273712873458862,-2.573789119720459,0.6676955223083496,2.4787960052490234,1.0741231441497803
1.057262897491455,0.39257732033729553,-1.5357038974761963,-2.578195333480835,0.6705108284950256,2.4788336753845215,1.054294228553772
1.073108196258545,0.39399051666259766,-1.5438776016235352,-2.5825307369232178,0.6733962893486023,2.4788084030151367,1.0344654321670532
1.0888323783874512,0.3955002427101135,-1.5518884658813477,-2.5867950916290283,0.6763508915901184,2.4787187576293945,1.014636516571045
1.1044292449951172,0.39710506796836853,-1.559730887413025,-2.5909876823425293,0.6793746948242188,2.478564739227295,0.9948076605796814
1.119894027709961,0.3988040089607239,-1.5674000978469849,-2.595108985900879,0.6824672222137451,2.478346347808838,0.9749788045883179
1.1352214813232422,0.4005957543849945,-1.5748910903930664,-2.5991575717926025,0.685628354549408,2.4780631065368652,0.9551499485969543
1.1504087448120117,0.40248027443885803,-1.5822014808654785,-2.6031336784362793,0.6888575553894043,2.4777140617370605,0.935321033000946
1.1654503345489502,0.4044548571109772,-1.5893257856369019,-2.60703706741333,0.6921539306640625,2.4773001670837402,0.9154921770095825
1.1803429126739502,0.4065193235874176,-1.596261739730835,-2.6108667850494385,0.6955180168151855,2.4768199920654297,0.895663321018219
1.195084571838379,0.4086729884147644,-1.603007435798645,-2.6146228313446045,0.6989486217498779,2.4762730598449707,0.8758344650268555
1.2096688747406006,0.4109143018722534,-1.609556794166565,-2.61830472946167,0.7024460434913635,2.4756600856781006,0.8560056090354919
1.2240961790084839,0.4132419228553772,-1.6159110069274902,-2.6219120025634766,0.7060083150863647,2.474979877471924,0.8361767530441284
1.238363265991211,0.4156554937362671,-1.6220673322677612,-2.6254446506500244,0.7096365094184875,2.4742321968078613,0.8163478970527649
1.252467393875122,0.4181535243988037,-1.6280232667922974,-2.628901958465576,0.7133293747901917,2.473416328430176,0.7965189814567566
1.2664060592651367,0.4207354187965393,-1.6337777376174927,-2.6322834491729736,0.7170859575271606,2.4725327491760254,0.7766901254653931
1.2801787853240967,0.4234001636505127,-1.6393299102783203,-2.6355888843536377,0.7209066152572632,2.4715800285339355,0.7568612694740295
1.2937824726104736,0.4261464476585388,-1.6446782350540161,-2.6388180255889893,0.724789559841156,2.4705586433410645,0.737032413482666
1.307218313217163,0.428973913192749,-1.6498243808746338,-2.641970157623291,0.7287359237670898,2.4694674015045166,0.7172035574913025
1.3204818964004517,0.4318805932998657,-1.6547648906707764,-2.645045280456543,0.7327429056167603,2.4683070182800293,0.697374701499939
1.3335762023925781,0.4348675310611725,-1.6595035791397095,-2.648042917251587,0.7368111610412598,2.4670753479003906,0.6775457859039307
1.3464971780776978,0.43793195486068726,-1.6640369892120361,-2.6509625911712646,0.7409394979476929,2.4657740592956543,0.6577169299125671
1.3592476844787598,0.4410746097564697,-1.6683692932128906,-2.653804302215576,0.7451276779174805,2.4644007682800293,0.6378880739212036
1.3718255758285522,0.4442940056324005,-1.6724990606307983,-2.656567096710205,0.7493745684623718,2.4629557132720947,0.6180592179298401
1.3842308521270752,0.44758927822113037,-1.6764273643493652,-2.6592512130737305,0.7536792159080505,2.461439371109009,0.5982303619384766
1.396464467048645,0.45096009969711304,-1.6801567077636719,-2.661855697631836,0.7580413818359375,2.4598498344421387,0.578401505947113
1.408525824546814,0.45440563559532166,-1.6836868524551392,-2.6643810272216797,0.7624597549438477,2.45818829536438,0.5585726499557495
1.4204175472259521,0.45792660117149353,-1.6870219707489014,-2.6668262481689453,0.7669331431388855,2.456451892852783,0.5387437343597412
1.432137370109558,0.4615207314491272,-1.690161108970642,-2.6691911220550537,0.7714620232582092,2.4546422958374023,0.5189148783683777
1.4436872005462646,0.4651879370212555,-1.6931072473526,-2.671475648880005,0.7760435938835144,2.452758550643921,0.49908605217933655
1.455068826675415,0.4689285457134247,-1.6958634853363037,-2.6736793518066406,0.7806789875030518,2.4507994651794434,0.47925716638565063
1.4347805976867676,0.4454492926597595,-1.6740938425064087,-2.6576335430145264,0.7508957982063293,2.4624500274658203,0.4773169159889221
1.4115371704101562,0.42299509048461914,-1.6494269371032715,-2.6413331031799316,0.7209699749946594,2.4729373455047607,0.4753766655921936
1.3850654363632202,0.4015345871448517,-1.6215806007385254,-2.624770164489746,0.690897524356842,2.4823248386383057,0.4734364449977875
1.3550491333007812,0.38104674220085144,-1.5902291536331177,-2.6079370975494385,0.6606745719909668,2.4906718730926514,0.47149619460105896
1.321137547492981,0.3615313470363617,-1.5550100803375244,-2.5908255577087402,0.6302993893623352,2.4980263710021973,0.46955594420433044
1.2829368114471436,0.3429993987083435,-1.5155178308486938,-2.573427200317383,0.5997681617736816,2.504434585571289,0.46761569380760193
1.2400188446044922,0.32548272609710693,-1.471312165260315,-2.5557332038879395,0.56907719373703,2.509934425354004,0.4656754732131958
1.191925048828125,0.30903059244155884,-1.4219205379486084,-2.5377349853515625,0.53822261095047,2.514561176300049,0.4637351930141449
1.1381938457489014,0.2937147617340088,-1.366867184638977,-2.5194222927093506,0.5072005987167358,2.5183420181274414,0.46179497241973877
1.0783789157867432,0.27962830662727356,-1.3056906461715698,-2.500786304473877,0.476004421710968,2.521303415298462,0.45985472202301025
1.012107014656067,0.2668880820274353,-1.238001823425293,-2.481816291809082,0.44462984800338745,2.523465156555176,0.45791447162628174
0.9391369819641113,0.25563302636146545,-1.1635425090789795,-2.4625024795532227,0.41306886076927185,2.524843215942383,0.4559742510318756
0.8594417572021484,0.24601955711841583,-1.082267165184021,-2.442833662033081,0.3813134431838989,2.525451183319092,0.4540340006351471
0.773304283618927,0.23821590840816498,-0.9944398999214172,-2.4227991104125977,0.34935423731803894,2.5252976417541504,0.4520937502384186
0.6813928484916687,0.2323940098285675,-0.9007085561752319,-2.40238618850708,0.31718000769615173,2.524387836456299,0.45015349984169006
0.5848124027252197,0.22871048748493195,-0.802156388759613,-2.3815832138061523,0.28477877378463745,2.5227231979370117,0.44821324944496155
0.4850634038448334,0.22729337215423584,-0.7002606987953186,-2.360377311706543,0.2521350383758545,2.5203027725219727,0.44627299904823303
0.3839550316333771,0.2282288819551468,-0.5968034863471985,-2.3387553691864014,0.2192324548959732,2.517119884490967,0.4443327486515045
0.28339773416519165,0.23155033588409424,-0.4936699867248535,-2.3167030811309814,0.186051607131958,2.513165235519409,0.4423925280570984
0.18520508706569672,0.23723970353603363,-0.392643541097641,-2.2942051887512207,0.15257057547569275,2.508425235748291,0.4404522776603699
0.09090100973844528,0.2452307492494583,-0.29521554708480835,-2.271246910095215,0.11876372992992401,2.502882957458496,0.43851202726364136
0.0016073437873274088,0.25542569160461426,-0.2024725377559662,-2.2478108406066895,0.08460241556167603,2.4965157508850098,0.43657177686691284
-0.08198568969964981,0.26770883798599243,-0.11506542563438416,-2.2238802909851074,0.05005335062742233,2.4892969131469727,0.4346315562725067
-0.15958060324192047,0.28196093440055847,-0.033248547464609146,-2.199435234069824,0.015078656375408173,2.4811935424804688,0.4326913058757782
-0.2311927080154419,0.29807159304618835,0.04304182529449463,-2.174456834793091,-0.020365240052342415,2.472167491912842,0.4307510554790497
-0.2970591187477112,0.3159477114677429,0.1140969768166542,-2.148922920227051,-0.05632888525724411,2.4621734619140625,0.42881080508232117
-0.3575533628463745,0.3355202376842499,0.18035149574279785,-2.1228103637695312,-0.09286996722221375,2.4511594772338867,0.42687058448791504
-0.4131212532520294,0.35674476623535156,0.24232091009616852,-2.0960938930511475,-0.13005602359771729,2.4390642642974854,0.4249303340911865
-0.46423259377479553,0.37960273027420044,0.3005537688732147,-2.068747043609619,-0.1679646372795105,2.425816297531128,0.422990083694458
-0.5113492012023926,0.4041063189506531,0.35560503602027893,-2.040740489959717,-0.20668770372867584,2.4113333225250244,0.4210498332977295
-0.4323861002922058,0.39849045872688293,0.27585843205451965,-2.035226345062256,-0.15954743325710297,2.4137752056121826,0.38885873556137085
-0.3520844578742981,0.3954552412033081,0.1947138011455536,-2.0292816162109375,-0.11241640150547028,2.4148573875427246,0.3566676378250122
-0.27117279171943665,0.39501529932022095,0.11284208297729492,-2.0229012966156006,-0.06524356454610825,2.414597749710083,0.32447654008865356
-0.1904154270887375,0.39717167615890503,0.03094877116382122,-2.0160810947418213,-0.017977850511670113,2.413001537322998,0.2922854423522949
-0.1105622798204422,0.40191689133644104,-0.05027645081281662,-2.0088162422180176,0.029433419927954674,2.410062551498413,0.2600943446159363
-0.03230496123433113,0.40923061966896057,-0.1302047073841095,-2.001102924346924,0.07704602926969528,2.4057610034942627,0.22790323197841644
0.043759457767009735,0.4190872609615326,-0.20830503106117249,-1.9929382801055908,0.12491916120052338,2.4000661373138428,0.1957121342420578
0.1171550452709198,0.4314606189727783,-0.284172385931015,-1.9843181371688843,0.17311857640743256,2.3929314613342285,0.16352103650569916
0.18753163516521454,0.44633159041404724,-0.35753366351127625,-1.9752389192581177,0.22171662747859955,2.3842968940734863,0.13132993876934052
0.2546651363372803,0.46369296312332153,-0.4282494783401489,-1.9656978845596313,0.2707946300506592,2.3740854263305664,0.09913884103298187
0.3184431791305542,0.4835575520992279,-0.49630206823349,-1.9556918144226074,0.3204454779624939,2.3621997833251953,0.06694774329662323
0.37884894013404846,0.5059672594070435,-0.5617823004722595,-1.9452180862426758,0.37077879905700684,2.348520278930664,0.03475664556026459
0.4359360337257385,0.5309982895851135,-0.6248681545257568,-1.9342737197875977,0.4219197928905487,2.332900285720825,0.00256554689258337
0.4995550215244293,0.535173773765564,-0.6584640145301819,-1.9436899423599243,0.44514358043670654,2.330934524536133,-0.005526384338736534
0.5623137950897217,0.5417143702507019,-0.6914418339729309,-1.950408935546875,0.4691237509250641,2.3273441791534424,-0.013618315570056438
0.6238537430763245,0.5506135821342468,-0.7235795855522156,-1.9544397592544556,0.49383360147476196,2.3221001625061035,-0.021710246801376343
0.6838632225990295,0.56186443567276,-0.7547130584716797,-1.9557881355285645,0.5192539691925049,2.315167188644409,-0.02980217896401882
0.7420817613601685,0.5754604935646057,-0.78473961353302,-1.9544585943222046,0.5453737378120422,2.306504726409912,-0.0378941111266613
0.7983047962188721,0.5914024710655212,-0.8136242032051086,-1.9504530429840088,0.5721936821937561,2.296065092086792,-0.04598604142665863
0.8523820042610168,0.609698474407196,-0.841398298740387,-1.943771243095398,0.5997319221496582,2.2837913036346436,-0.05407797172665596
0.9042108654975891,0.6303699016571045,-0.8681542873382568,-1.934410572052002,0.6280234456062317,2.2696170806884766,-0.06216990575194359
0.9537328481674194,0.653455376625061,-0.8940460085868835,-1.9223650693893433,0.6571307182312012,2.2534637451171875,-0.07026182860136032
1.000929355621338,0.6790162920951843,-0.9192879796028137,-1.907624363899231,0.6871476173400879,2.2352335453033447,-0.07835377007722855
1.0458049774169922,0.7071423530578613,-0.9441444277763367,-1.8901727199554443,0.7182052731513977,2.214810848236084,-0.08644569665193558
1.08838951587677,0.7379636168479919,-0.9689428806304932,-1.8699859380722046,0.7504900693893433,2.192047595977783,-0.0945376306772232
1.1287281513214111,0.7716596722602844,-0.9940764307975769,-1.8470313549041748,0.7842528820037842,2.166757583618164,-0.10262955725193024
1.1668723821640015,0.8084795475006104,-1.0200169086456299,-1.8212627172470093,0.8198353052139282,2.138699531555176,-0.11072149127721786
1.2028777599334717,0.8487705588340759,-1.0473453998565674,-1.792618751525879,0.8577053546905518,2.1075515747070312,-0.1188134253025055
1.2367967367172241,0.8930218815803528,-1.0767982006072998,-1.761017918586731,0.8985114693641663,2.072874069213867,-0.12690535187721252
1.2686715126037598,0.9419441223144531,-1.1093497276306152,-1.726352572441101,0.9431790113449097,2.034040927886963,-0.13499727845191956
1.2985255718231201,0.996610164642334,-1.1463667154312134,-1.6884828805923462,0.9930828213691711,1.990119457244873,-0.1430892050266266
1.3263548612594604,1.0587518215179443,-1.1899306774139404,-1.6472246646881104,1.0504001379013062,1.9396142959594727,-0.1511811465024948
1.3520660400390625,1.1314536333084106,-1.243546724319458,-1.6023390293121338,1.118924856185913,1.8798768520355225,-0.15927308797836304
1.37539541721344,1.2212395668029785,-1.3143194913864136,-1.5535101890563965,1.206487774848938,1.805317997932434,-0.16736499965190887
1.3953442573547363,1.3483084440231323,-1.4232189655303955,-1.5003175735473633,1.3365565538406372,1.6986676454544067,-0.1754569411277771
1.3777410984039307,1.1832765340805054,-1.2674741744995117,-1.5333685874938965,1.1570481061935425,1.836107850074768,-0.14368315041065216
1.3563086986541748,1.0746175050735474,-1.1621770858764648,-1.5650722980499268,1.0359930992126465,1.9248422384262085,-0.11190936714410782
1.3327494859695435,0.9895504713058472,-1.0767157077789307,-1.5955290794372559,0.9384972453117371,1.9930309057235718,-0.08013558387756348
1.3074820041656494,0.9186235666275024,-1.002274513244629,-1.6248269081115723,0.8546016216278076,2.0488393306732178,-0.04836178943514824
1.2806223630905151,0.8574872016906738,-0.9347528219223022,-1.6530406475067139,0.7797606587409973,2.0960497856140137,-0.016588009893894196
1.2521839141845703,0.803699791431427,-0.8718093037605286,-1.6802351474761963,0.7114410996437073,2.1368026733398438,0.01518577802926302
1.2221250534057617,0.7557271122932434,-0.8119274973869324,-1.7064688205718994,0.6480597257614136,2.1724557876586914,0.04695957899093628
1.1903728246688843,0.7125356197357178,-0.7540397047996521,-1.731791377067566,0.5885522365570068,2.2039358615875244,0.07873336225748062
1.1568320989608765,0.6733934283256531,-0.6973415613174438,-1.756248116493225,0.5321605205535889,2.2319107055664062,0.11050713807344437
1.1213940382003784,0.6377650499343872,-0.6411975026130676,-1.779879093170166,0.47832411527633667,2.2568817138671875,0.1422809213399887
1.0839459896087646,0.6052510142326355,-0.5850921869277954,-1.802720069885254,0.42661845684051514,2.2792320251464844,0.17405471205711365
1.044370174407959,0.5755480527877808,-0.5285906195640564,-1.8248040676116943,0.3767094314098358,2.299266815185547,0.2058285027742386
1.0025522708892822,0.548427164554596,-0.4713229835033417,-1.8461607694625854,0.3283306360244751,2.3172309398651123,0.23760227859020233
0.9884048700332642,0.5489208698272705,-0.43913817405700684,-1.834559679031372,0.30670493841171265,2.3162992000579834,0.2679930627346039
0.9736407995223999,0.5503623485565186,-0.40642043948173523,-1.822024941444397,0.28482571244239807,2.3147449493408203,0.29838383197784424
0.9583218097686768,0.5527662634849548,-0.3732055127620697,-1.8085426092147827,0.2626560628414154,2.312558650970459,0.328774631023407
0.9425135254859924,0.5561511516571045,-0.3395308256149292,-1.7940961122512817,0.24015937745571136,2.309727907180786,0.35916540026664734
0.9262805581092834,0.5605358481407166,-0.30542922019958496,-1.7786672115325928,0.21729344129562378,2.3062381744384766,0.3895561993122101
0.9096909761428833,0.5659439563751221,-0.2709342837333679,-1.7622333765029907,0.1940172016620636,2.302069664001465,0.4199469983577728
0.8928130865097046,0.5724009275436401,-0.23607540130615234,-1.7447710037231445,0.1702864021062851,2.2971999645233154,0.4503377676010132
0.8757113814353943,0.5799345970153809,-0.20087334513664246,-1.7262510061264038,0.1460496336221695,2.291602373123169,0.48072853684425354
0.8584499955177307,0.5885787606239319,-0.16534295678138733,-1.7066409587860107,0.1212535947561264,2.2852463722229004,0.5111193060874939
0.8410891890525818,0.5983712077140808,-0.1294875591993332,-1.6859033107757568,0.09583718329668045,2.278095006942749,0.5415101051330566
0.8236861228942871,0.60935378074646,-0.093299999833107,-1.6639958620071411,0.06973197311162949,2.270106792449951,0.5719009041786194
0.8062936067581177,0.6215775609016418,-0.05675792321562767,-1.6408684253692627,0.04285963252186775,2.2612318992614746,0.6022917032241821
0.7889601588249207,0.6351000070571899,-0.019822703674435616,-1.616464376449585,0.01513112336397171,2.2514145374298096,0.6326824426651001
0.7998986840248108,0.6322115659713745,-0.0318000428378582,-1.621690034866333,0.024218477308750153,2.253516912460327,0.6082932949066162
0.8108890056610107,0.6294087171554565,-0.043782636523246765,-1.6268781423568726,0.03327023237943649,2.255559206008911,0.5839041471481323
0.8219295740127563,0.6266910433769226,-0.0557701513171196,-1.6320290565490723,0.042286165058612823,2.257542610168457,0.5595149993896484
0.8330199718475342,0.6240582466125488,-0.06776358187198639,-1.6371431350708008,0.05126773566007614,2.2594666481018066,0.5351258516311646
0.8441592454910278,0.621509850025177,-0.07976298779249191,-1.642221212387085,0.06021749973297119,2.261333465576172,0.5107367038726807
0.8553457260131836,0.6190463304519653,-0.09176790714263916,-1.6472630500793457,0.0691351667046547,2.2631425857543945,0.4863475263118744
0.8665791153907776,0.6166661381721497,-0.10377907752990723,-1.6522698402404785,0.07802220433950424,2.2648942470550537,0.4619583785533905
0.8778582811355591,0.6143697500228882,-0.11579647660255432,-1.6572411060333252,0.08688078820705414,2.266589403152466,0.43756920099258423
0.889181911945343,0.6121565103530884,-0.12781979143619537,-1.6621776819229126,0.09571103006601334,2.2682278156280518,0.41318008303642273
0.9005494117736816,0.6100265979766846,-0.13984960317611694,-1.667080283164978,0.10451402515172958,2.2698116302490234,0.38879090547561646
0.9119586944580078,0.607979416847229,-0.15188463032245636,-1.671948790550232,0.11329079419374466,2.271338939666748,0.36440175771713257
0.923408567905426,0.6060149669647217,-0.16392457485198975,-1.676783561706543,0.12204225361347198,2.2728116512298584,0.3400126099586487
0.934898316860199,0.604133129119873,-0.17596977949142456,-1.6815848350524902,0.13076964020729065,2.2742295265197754,0.3156234622001648
0.9464263916015625,0.6023334264755249,-0.18801969289779663,-1.6863535642623901,0.13947348296642303,2.2755930423736572,0.2912343144416809
0.9579914212226868,0.6006160974502563,-0.200073704123497,-1.691089391708374,0.1481558233499527,2.276902198791504,0.26684513688087463
0.9695920944213867,0.5989810824394226,-0.21213144063949585,-1.6957931518554688,0.1568165421485901,2.2781577110290527,0.24245597422122955
0.9812275767326355,0.5974275469779968,-0.22419260442256927,-1.7004650831222534,0.1654568463563919,2.2793593406677246,0.21806682646274567
0.9928953051567078,0.5959562063217163,-0.23625598847866058,-1.705104947090149,0.1740770787000656,2.2805075645446777,0.19367770850658417
1.0045948028564453,0.5945661664009094,-0.24832168221473694,-1.7097138166427612,0.18267904222011566,2.2816028594970703,0.1692885458469391
1.0163236856460571,0.5932585597038269,-0.2603878974914551,-1.7142915725708008,0.19126319885253906,2.2826454639434814,0.144899383187294
1.028080940246582,0.5920324921607971,-0.27245450019836426,-1.7188384532928467,0.19982938468456268,2.283634662628174,0.12051022797822952
1.0398645401000977,0.5908881425857544,-0.28452035784721375,-1.7233548164367676,0.2083795815706253,2.2845709323883057,0.09612107276916504
1.051673412322998,0.589824914932251,-0.29658493399620056,-1.7278412580490112,0.21691454946994781,2.285454750061035,0.07173191010951996
1.0635056495666504,0.588843584060669,-0.3086470663547516,-1.732297658920288,0.22543397545814514,2.2862863540649414,0.047342754900455475
1.0753594636917114,0.5879444479942322,-0.3207056522369385,-1.7367242574691772,0.2339395135641098,2.2870657444000244,0.02295362949371338
1.087233543395996,0.5871264338493347,-0.332760214805603,-1.741121768951416,0.24243173003196716,2.287792444229126,-0.001435524900443852
1.099125623703003,0.5863903164863586,-0.34480905532836914,-1.7454900741577148,0.25091132521629333,2.2884671688079834,-0.025824718177318573
1.1110339164733887,0.585736095905304,-0.3568513095378876,-1.7498292922973633,0.25937896966934204,2.2890894412994385,-0.05021384358406067
1.1229572296142578,0.5851630568504333,-0.36888587474823,-1.7541401386260986,0.26783445477485657,2.2896595001220703,-0.07460296899080276
1.1348932981491089,0.5846728682518005,-0.38091158866882324,-1.7584223747253418,0.27628013491630554,2.290177345275879,-0.09899215400218964
1.1468408107757568,0.5842639207839966,-0.3929276168346405,-1.7626768350601196,0.2847157418727875,2.2906429767608643,-0.12338127940893173
1.158796787261963,0.5839375257492065,-0.40493184328079224,-1.7669028043746948,0.29314136505126953,2.2910563945770264,-0.1477704793214798
1.1707613468170166,0.5836929082870483,-0.41692450642585754,-1.7711015939712524,0.3015592098236084,2.291417121887207,-0.1721596121788025
1.182730793952942,0.5835306644439697,-0.42890286445617676,-1.7752729654312134,0.30996859073638916,2.2917258739471436,-0.19654878973960876
1.1947039365768433,0.583450973033905,-0.44086629152297974,-1.779416799545288,0.3183704912662506,2.2919816970825195,-0.22093790769577026
1.2066792249679565,0.5834535956382751,-0.4528138339519501,-1.7835336923599243,0.326765775680542,2.292184829711914,-0.24532704055309296
1.218654751777649,0.5835391879081726,-0.46474412083625793,-1.7876237630844116,0.33515453338623047,2.292335033416748,-0.2697162330150604
1.2306281328201294,0.5837075114250183,-0.47665515542030334,-1.7916876077651978,0.34353774785995483,2.2924325466156006,-0.2941053509712219
1.2425974607467651,0.5839589238166809,-0.48854607343673706,-1.7957245111465454,0.35191625356674194,2.2924768924713135,-0.3184945583343506
1.2545613050460815,0.5842933058738708,-0.5004153251647949,-1.7997355461120605,0.36028990149497986,2.2924678325653076,-0.3428836762905121
1.2665177583694458,0.5847111940383911,-0.5122619867324829,-1.8037207126617432,0.3686600923538208,2.292405605316162,-0.36727285385131836
1.2784639596939087,0.5852128863334656,-0.5240837931632996,-1.8076798915863037,0.37702640891075134,2.2922890186309814,-0.39166200160980225
1.2904006242752075,0.585798442363739,-0.5358820557594299,-1.8116132020950317,0.38539162278175354,2.2921183109283447,-0.41605111956596375
1.302323579788208,0.5864676237106323,-0.5476528406143188,-1.815521478652954,0.39375439286231995,2.2918930053710938,-0.44044029712677
1.3142318725585938,0.5872211456298828,-0.5593961477279663,-1.8194044828414917,0.4021151661872864,2.2916133403778076,-0.4648294150829315
1.3261220455169678,0.5880599021911621,-0.5711084008216858,-1.823262333869934,0.41047510504722595,2.2912790775299072,-0.4892186224460602
1.3379952907562256,0.5889825820922852,-0.5827918648719788,-1.8270955085754395,0.4188348650932312,2.290888786315918,-0.5136077404022217
1.349847435951233,0.5899909734725952,-0.5944428443908691,-1.8309038877487183,0.4271947145462036,2.290443181991577,-0.5379969477653503
1.3616774082183838,0.5910844206809998,-0.6060606241226196,-1.8346877098083496,0.435555636882782,2.2899410724639893,-0.5623860359191895
1.3734828233718872,0.5922636389732361,-0.617643415927887,-1.838447093963623,0.443917453289032,2.2893829345703125,-0.5867751836776733
1.3852636814117432,0.5935289263725281,-0.6291917562484741,-1.8421826362609863,0.45228177309036255,2.2887673377990723,-0.611164391040802
1.3970165252685547,0.5948808193206787,-0.6407029032707214,-1.8458939790725708,0.46064820885658264,2.2880947589874268,-0.6355534791946411
1.4087402820587158,0.5963194370269775,-0.6521759033203125,-1.8495814800262451,0.4690183699131012,2.2873642444610596,-0.6599426865577698
1.420433521270752,0.5978450179100037,-0.6636102795600891,-1.8532451391220093,0.4773916006088257,2.2865748405456543,-0.6843318939208984
1.4320950508117676,0.5994579195976257,-0.6750050187110901,-1.8568856716156006,0.48576974868774414,2.285726547241211,-0.7087209820747375
1.4437216520309448,0.6011597514152527,-0.6863577365875244,-1.8605023622512817,0.4941525459289551,2.284818649291992,-0.7331101298332214
1.4553128480911255,0.602949857711792,-0.6976683139801025,-1.8640960454940796,0.5025407671928406,2.283850908279419,-0.7574993968009949
1.46686589717865,0.6048286557197571,-0.7089342474937439,-1.8676667213439941,0.5109339952468872,2.282822847366333,-0.7818883657455444
1.4783824682235718,0.6067972779273987,-0.7201583981513977,-1.8712143898010254,0.5193356871604919,2.2817320823669434,-0.8062776327133179
1.4898571968078613,0.6088557243347168,-0.7313357591629028,-1.874739170074463,0.5277442336082458,2.2805802822113037,-0.830666720867157
1.5012913942337036,0.6110044717788696,-0.7424677014350891,-1.8782415390014648,0.536159873008728,2.279365062713623,-0.8550558686256409
1.5126827955245972,0.6132445335388184,-0.7535529732704163,-1.8817213773727417,0.5445845723152161,2.2780861854553223,-0.8794450163841248
1.5240298509597778,0.6155768036842346,-0.7645906805992126,-1.8851789236068726,0.5530189275741577,2.276742696762085,-0.9038342833518982
1.5353301763534546,0.6180008053779602,-0.7755784392356873,-1.8886141777038574,0.5614620447158813,2.2753348350524902,-0.9282234311103821
1.5465848445892334,0.6205183267593384,-0.7865182161331177,-1.892027497291565,0.5699160695075989,2.273860454559326,-0.9526125192642212
1.5577902793884277,0.6231299042701721,-0.7974076271057129,-1.895418643951416,0.5783814191818237,2.2723190784454346,-0.9770016670227051
1.5689469575881958,0.6258355975151062,-0.8082464337348938,-1.8987882137298584,0.5868581533432007,2.270709991455078,-1.001390814781189
1.5800528526306152,0.6286370754241943,-0.8190342783927917,-1.902135968208313,0.5953472256660461,2.2690320014953613,-1.0257800817489624
1.5911073684692383,0.63153475522995,-0.8297709822654724,-1.9054622650146484,0.6038501262664795,2.2672836780548096,-1.0501689910888672
1.6021085977554321,0.6345292329788208,-0.840454638004303,-1.9087671041488647,0.6123663187026978,2.265465259552002,-1.0745582580566406
1.61305570602417,0.6376221179962158,-0.8510857820510864,-1.912050724029541,0.6208969950675964,2.2635746002197266,-1.098947525024414
1.623949408531189,0.6408138871192932,-0.8616653680801392,-1.9153132438659668,0.6294436454772949,2.2616100311279297,-1.1233365535736084
1.6347862482070923,0.6441059708595276,-0.8721908926963806,-1.918554663658142,0.6380059719085693,2.2595715522766113,-1.1477258205413818
1.645565152168274,0.647498369216919,-0.8826611638069153,-1.9217753410339355,0.6465846300125122,2.257458448410034,-1.1721148490905762
1.6562893390655518,0.6509950160980225,-0.8930813670158386,-1.9249749183654785,0.6551841497421265,2.2552666664123535,-1.19650399684906
1.6669526100158691,0.6545934677124023,-0.9034451842308044,-1.9281539916992188,0.6637992858886719,2.252997398376465,-1.220893144607544
1.677555799484253,0.6582960486412048,-0.9137534499168396,-1.9313126802444458,0.6724326610565186,2.2506494522094727,-1.2452822923660278
1.6880992650985718,0.662105143070221,-0.9240087866783142,-1.934450626373291,0.68108731508255,2.2482194900512695,-1.2696715593338013
1.6985819339752197,0.6660217046737671,-0.934209942817688,-1.9375684261322021,0.6897631287574768,2.2457070350646973,-1.2940607070922852
1.7090026140213013,0.6700469255447388,-0.9443567395210266,-1.9406661987304688,0.698460578918457,2.243110418319702,-1.318449854850769
1.7193613052368164,0.6741822957992554,-0.9544497132301331,-1.9437437057495117,0.7071812748908997,2.2404279708862305,-1.3428388833999634
1.7296571731567383,0.6784297823905945,-0.9644892811775208,-1.9468013048171997,0.7159261703491211,2.2376575469970703,-1.3672281503677368
1.7398887872695923,0.6827911734580994,-0.9744745492935181,-1.9498389959335327,0.7246956825256348,2.234797716140747,-1.3916171789169312
1.7500563859939575,0.6872678399085999,-0.984406590461731,-1.9528568983078003,0.7334914207458496,2.231846570968628,-1.4160064458847046
1.760160207748413,0.691861629486084,-0.9942864775657654,-1.955855369567871,0.742314338684082,2.228801727294922,-1.440395712852478
1.7701972723007202,0.696574866771698,-1.004112720489502,-1.9588340520858765,0.7511657476425171,2.2256619930267334,-1.4647846221923828
1.780170202255249,0.7014096975326538,-1.0138883590698242,-1.9617934226989746,0.7600470185279846,2.222423553466797,-1.4891738891601562
1.790075659751892,0.7063677906990051,-1.0236114263534546,-1.964733362197876,0.7689583897590637,2.219085931777954,-1.5135630369186401
1.799914836883545,0.7114518880844116,-1.0332839488983154,-1.9676542282104492,0.7779017090797424,2.2156460285186768,-1.537952184677124
1.8096873760223389,0.7166640162467957,-1.0429060459136963,-1.9705559015274048,0.7868785858154297,2.2121009826660156,-1.562341332435608
1.819392204284668,0.7220069766044617,-1.0524790287017822,-1.9734385013580322,0.7958901524543762,2.208448886871338,-1.5867305994033813
1.829028844833374,0.7274836897850037,-1.062002420425415,-1.9763023853302002,0.8049378395080566,2.2046868801116943,-1.6111197471618652
1.8385975360870361,0.7330965995788574,-1.0714784860610962,-1.9791473150253296,0.8140231966972351,2.2008116245269775,-1.6355087757110596
1.848097801208496,0.7388488054275513,-1.0809077024459839,-1.9819735288619995,0.8231478333473206,2.1968204975128174,-1.6598979234695435
1.8575291633605957,0.7447440028190613,-1.0902905464172363,-1.9847811460494995,0.8323137164115906,2.1927101612091064,-1.6842870712280273
1.8668923377990723,0.7507848143577576,-1.0996298789978027,-1.9875705242156982,0.8415226340293884,2.188477039337158,-1.7086763381958008
1.876185417175293,0.7569743394851685,-1.108924388885498,-1.9903411865234375,0.8507749438285828,2.1841187477111816,-1.7330652475357056
1.8854094743728638,0.7633188366889954,-1.118177890777588,-1.9930933713912964,0.8600754141807556,2.1796295642852783,-1.757454514503479
1.894563913345337,0.7698191404342651,-1.1273900270462036,-1.9958276748657227,0.8694236874580383,2.1750078201293945,-1.7818437814712524
1.9036481380462646,0.7764809131622314,-1.136562705039978,-1.9985437393188477,0.8788226246833801,2.170248508453369,-1.8062328100204468
1.9126625061035156,0.7833096385002136,-1.1456985473632812,-2.00124192237854,0.8882753252983093,2.165346384048462,-1.8306220769882202
1.9216060638427734,0.7903084754943848,-1.1547975540161133,-2.0039219856262207,0.8977832198143005,2.1602985858917236,-1.855011224746704
1.9304801225662231,0.7974828481674194,-1.1638630628585815,-2.0065841674804688,0.9073494076728821,2.1550986766815186,-1.879400372505188
1.9392815828323364,0.8048380613327026,-1.1728947162628174,-2.0092287063598633,0.9169759154319763,2.1497433185577393,-1.9037894010543823
1.9480133056640625,0.8123804330825806,-1.181897521018982,-2.011855363845825,0.9266672134399414,2.1442253589630127,-1.9281785488128662
1.9566736221313477,0.8201155662536621,-1.1908715963363647,-2.014464855194092,0.9364240765571594,2.138540267944336,-1.9525678157806396
1.9652626514434814,0.8280500769615173,-1.199820637702942,-2.017056465148926,0.9462525844573975,2.132680892944336,-1.976956844329834
1.9737799167633057,0.8361908197402954,-1.2087458372116089,-2.0196309089660645,0.9561538696289062,2.1266419887542725,-2.0013461112976074
1.982224702835083,0.8445454835891724,-1.2176504135131836,-2.0221877098083496,0.9661335945129395,2.120415449142456,-2.025735378265381
1.9905974864959717,0.8531213402748108,-1.2265372276306152,-2.0247278213500977,0.9761942028999329,2.113994836807251,-2.050124406814575
1.9988982677459717,0.8619277477264404,-1.2354099750518799,-2.0272505283355713,0.9863413572311401,2.1073708534240723,-2.0745136737823486
2.0071256160736084,0.8709734678268433,-1.2442708015441895,-2.0297563076019287,0.9965789318084717,2.100536584854126,-2.098902702331543
