1.0273412466049194,1.0292165279388428,-0.9486268162727356,-1.352004051208496,0.850090503692627,1.9558463096618652,-2.356168746948242
1.0547019243240356,1.0320253372192383,-0.9741998910903931,-1.3764548301696777,0.8720546364784241,1.9541974067687988,-2.3399157524108887
1.0820211172103882,1.0361310243606567,-1.0000207424163818,-1.4001259803771973,0.8944810628890991,1.9515109062194824,-2.323662757873535
1.1092785596847534,1.0415611267089844,-1.0260870456695557,-1.4230742454528809,0.9173960089683533,1.9477602243423462,-2.3074097633361816
1.1364555358886719,1.0483616590499878,-1.0524108409881592,-1.445347785949707,0.9408379197120667,1.942901372909546,-2.291156530380249
1.1635289192199707,1.0565903186798096,-1.0790058374404907,-1.4669902324676514,0.9648523926734924,1.9368820190429688,-2.2749035358428955
1.1904783248901367,1.0663251876831055,-1.1059010028839111,-1.488039255142212,0.9894996285438538,1.929630994796753,-2.258650541305542
1.2172818183898926,1.0776621103286743,-1.1331337690353394,-1.5085296630859375,1.0148520469665527,1.9210602045059204,-2.2423975467681885
1.2439141273498535,1.0907241106033325,-1.1607556343078613,-1.528491497039795,1.0409996509552002,1.911060094833374,-2.226144552230835
1.2703498601913452,1.1056675910949707,-1.1888395547866821,-1.5479516983032227,1.0680599212646484,1.899489164352417,-2.2098913192749023
1.2965624332427979,1.1226905584335327,-1.2174818515777588,-1.5669360160827637,1.0961780548095703,1.8861713409423828,-2.193638563156128
1.3225208520889282,1.1420533657073975,-1.246817708015442,-1.5854666233062744,1.1255486011505127,1.8708745241165161,-2.1773853302001953
1.348189353942871,1.1640996932983398,-1.2770317792892456,-1.6035640239715576,1.1564284563064575,1.8532952070236206,-2.161132335662842
1.37352454662323,1.1893017292022705,-1.3083895444869995,-1.621246576309204,1.1891770362854004,1.8330167531967163,-2.1448793411254883
1.3600797653198242,1.1440088748931885,-1.2702683210372925,-1.634144902229309,1.143376350402832,1.8703944683074951,-2.121675968170166
1.346165418624878,1.1036098003387451,-1.2360997200012207,-1.6467410326004028,1.1022483110427856,1.9035084247589111,-2.0984723567962646
1.3318445682525635,1.06693696975708,-1.2048717737197876,-1.6590421199798584,1.0646225214004517,1.9333651065826416,-2.0752689838409424
1.3171507120132446,1.0332274436950684,-1.1759181022644043,-1.6710543632507324,1.0297350883483887,1.9606235027313232,-2.05206561088562
1.3021029233932495,1.001956820487976,-1.1487749814987183,-1.682783842086792,0.9970597624778748,1.9857370853424072,-2.0288619995117188
1.2867248058319092,0.9727448225021362,-1.123112678527832,-1.6942353248596191,0.9662160873413086,2.009035348892212,-2.0056586265563965
1.2710195779800415,0.9453036189079285,-1.0986698865890503,-1.705414056777954,0.9369142055511475,2.0307679176330566,-1.9824551343917847
1.2549903392791748,0.9194092154502869,-1.075242042541504,-1.7163249254226685,0.9089293479919434,2.051131248474121,-1.9592516422271729
1.2386393547058105,0.8948846459388733,-1.0526678562164307,-1.7269710302352905,0.8820846080780029,2.0702786445617676,-1.936048150062561
1.221967339515686,0.8715873956680298,-1.030813455581665,-1.7373573780059814,0.8562355637550354,2.0883355140686035,-1.9128447771072388
1.2049697637557983,0.8493987321853638,-1.00956392288208,-1.7474865913391113,0.8312621712684631,2.1054067611694336,-1.889641284942627
1.1876449584960938,0.828218400478363,-0.9888240694999695,-1.7573636770248413,0.8070640563964844,2.121580123901367,-1.8664377927780151
1.1699883937835693,0.8079649806022644,-0.9685115814208984,-1.7669904232025146,0.7835591435432434,2.136928081512451,-1.8432344198226929
1.1519931554794312,0.7885670065879822,-0.9485518336296082,-1.7763700485229492,0.7606731653213501,2.151515483856201,-1.820030927658081
1.1336541175842285,0.7699635624885559,-0.9288813471794128,-1.7855055332183838,0.7383460402488708,2.165395736694336,-1.7968274354934692
1.114964485168457,0.7521021366119385,-0.9094418287277222,-1.7943989038467407,0.7165223956108093,2.178617477416992,-1.7736239433288574
1.0959173440933228,0.7349367737770081,-0.890181839466095,-1.8030527830123901,0.6951557397842407,2.1912219524383545,-1.7504205703735352
1.0765035152435303,0.7184273600578308,-0.871052086353302,-1.811469316482544,0.6742031574249268,2.203246593475342,-1.7272170782089233
1.0567158460617065,0.7025386095046997,-0.8520103096961975,-1.819650411605835,0.6536296010017395,2.214724540710449,-1.7040135860443115
1.0365458726882935,0.6872397661209106,-0.8330157399177551,-1.827598214149475,0.6334012746810913,2.225684881210327,-1.6808100938796997
1.0159847736358643,0.6725034713745117,-0.8140310049057007,-1.8353137969970703,0.6134889721870422,2.2361536026000977,-1.6576067209243774
0.9950238466262817,0.6583054065704346,-0.7950211763381958,-1.8427989482879639,0.593866765499115,2.24615478515625,-1.6344032287597656
0.9736546874046326,0.6446235775947571,-0.7759540677070618,-1.8500556945800781,0.574509859085083,2.2557101249694824,-1.6111997365951538
0.9518669843673706,0.6314396262168884,-0.7567974328994751,-1.8570846319198608,0.5553975105285645,2.2648394107818604,-1.5879963636398315
0.9296545386314392,0.6187364459037781,-0.7375253438949585,-1.8638871908187866,0.5365104079246521,2.2735588550567627,-1.5647928714752197
0.9070066213607788,0.6064990162849426,-0.7181082367897034,-1.870464563369751,0.5178296566009521,2.2818856239318848,-1.541589379310608
0.8839142918586731,0.5947146415710449,-0.6985202431678772,-1.8768178224563599,0.4993404448032379,2.2898354530334473,-1.5183860063552856
0.8603723049163818,0.5833710432052612,-0.6787399649620056,-1.8829481601715088,0.4810273349285126,2.2974202632904053,-1.4951825141906738
0.8363696336746216,0.572458803653717,-0.6587414145469666,-1.8888559341430664,0.4628758132457733,2.3046536445617676,-1.471979022026062
0.811903178691864,0.5619680881500244,-0.638507604598999,-1.8945425748825073,0.4448755383491516,2.3115463256835938,-1.4487755298614502
0.7869645357131958,0.5518925786018372,-0.6180171370506287,-1.900007724761963,0.42701342701911926,2.318108558654785,-1.425572156906128
0.7615470886230469,0.5422249436378479,-0.5972508192062378,-1.9052530527114868,0.4092787802219391,2.3243513107299805,-1.4023686647415161
0.7356501817703247,0.5329593420028687,-0.576196014881134,-1.9102791547775269,0.3916625380516052,2.330282211303711,-1.3791651725769043
0.7092675566673279,0.524091899394989,-0.5548354387283325,-1.915085792541504,0.3741551339626312,2.3359103202819824,-1.355961799621582
0.6823983788490295,0.5156179070472717,-0.5331577658653259,-1.9196745157241821,0.35674822330474854,2.341243028640747,-1.3327583074569702
0.6550416946411133,0.5075358152389526,-0.5111516714096069,-1.9240447282791138,0.33943450450897217,2.346287488937378,-1.3095548152923584
0.6271992325782776,0.49984174966812134,-0.48880910873413086,-1.9281978607177734,0.32220521569252014,2.35105037689209,-1.2863513231277466
0.5988737344741821,0.4925350546836853,-0.4661237597465515,-1.9321333169937134,0.30505549907684326,2.355537176132202,-1.2631478309631348
0.5700699687004089,0.4856148064136505,-0.4430912435054779,-1.9358519315719604,0.2879781424999237,2.3597536087036133,-1.2399444580078125
0.5407940149307251,0.4790796935558319,-0.41970887780189514,-1.939354419708252,0.2709668278694153,2.363705635070801,-1.2167409658432007
0.5110563635826111,0.4729301333427429,-0.39597874879837036,-1.942639946937561,0.25401654839515686,2.367396354675293,-1.1935374736785889
0.48086297512054443,0.4671657085418701,-0.371898353099823,-1.9457098245620728,0.2371188849210739,2.3708324432373047,-1.1703341007232666
0.45023539662361145,0.461788535118103,-0.347481906414032,-1.948563575744629,0.22027410566806793,2.3740153312683105,-1.1471306085586548
0.41918736696243286,0.4567990005016327,-0.32273513078689575,-1.9512017965316772,0.20347580313682556,2.376950263977051,-1.123927116394043
0.38773688673973083,0.45219746232032776,-0.29766687750816345,-1.9536241292953491,0.1867189109325409,2.3796396255493164,-1.1007236242294312
0.3559071123600006,0.44798603653907776,-0.2722955644130707,-1.9558312892913818,0.17000001668930054,2.3820862770080566,-1.0775202512741089
0.32371965050697327,0.4441666901111603,-0.24663448333740234,-1.9578231573104858,0.1533142626285553,2.3842947483062744,-1.054316759109497
0.29120293259620667,0.4407395124435425,-0.22070464491844177,-1.9595998525619507,0.1366584599018097,2.386265277862549,-1.0311133861541748
0.25838494300842285,0.43770718574523926,-0.19452720880508423,-1.9611613750457764,0.12002840638160706,2.388000965118408,-1.007909893989563
0.2252984493970871,0.4350709617137909,-0.16812805831432343,-1.9625080823898315,0.1034216359257698,2.3895037174224854,-0.9847064018249512
0.19197595119476318,0.43283185362815857,-0.14153265953063965,-1.9636399745941162,0.08683373779058456,2.390774965286255,-0.9615029096603394
0.15845400094985962,0.4309910535812378,-0.11477097868919373,-1.9645566940307617,0.07026245445013046,2.3918159008026123,-0.9382994771003723
0.12476786971092224,0.4295506179332733,-0.08787131309509277,-1.9652588367462158,0.05370322987437248,2.3926281929016113,-0.9150959849357605
0.09095922112464905,0.42851027846336365,-0.06086885184049606,-1.9657460451126099,0.037154827266931534,2.393211841583252,-0.8918926119804382
0.05706474930047989,0.42787185311317444,-0.03379353880882263,-1.9660183191299438,0.020612480118870735,2.393568754196167,-0.8686891198158264
0.023126374930143356,0.42763468623161316,-0.006680695805698633,-1.9660758972167969,0.004073827061802149,2.39369797706604,-0.8454856276512146
-0.010814404115080833,0.4277990460395813,0.020434759557247162,-1.965919017791748,-0.012463619001209736,2.3936002254486084,-0.8222821950912476
-0.044717054814100266,0.42836493253707886,0.04751892015337944,-1.9655468463897705,-0.029003089293837547,2.393275260925293,-0.7990787029266357
-0.07854202389717102,0.4293321967124939,0.07453889399766922,-1.9649603366851807,-0.04554825276136398,2.392723560333252,-0.7758752107620239
-0.11224843561649323,0.43070000410079956,0.10146042704582214,-1.9641590118408203,-0.062101542949676514,2.39194393157959,-0.7526717185974121
-0.14579762518405914,0.43246719241142273,0.1282515674829483,-1.9631426334381104,-0.07866615802049637,2.390935182571411,-0.7294683456420898
-0.17915257811546326,0.4346330463886261,0.15488192439079285,-1.9619114398956299,-0.09524551779031754,2.3896970748901367,-0.706264853477478
-0.21227703988552094,0.437196284532547,0.18132206797599792,-1.9604650735855103,-0.11184267699718475,2.388227939605713,-0.683061420917511
-0.2451367974281311,0.4401552975177765,0.20754460990428925,-1.9588041305541992,-0.12846069037914276,2.386526584625244,-0.6598579287528992
-0.2777004539966583,0.4435085952281952,0.23352506756782532,-1.9569275379180908,-0.14510351419448853,2.3845908641815186,-0.6366544365882874
-0.309938907623291,0.44725367426872253,0.2592412531375885,-1.954836130142212,-0.1617741733789444,2.382418632507324,-0.6134510040283203
-0.34182435274124146,0.45139116048812866,0.2846727669239044,-1.9525291919708252,-0.17847701907157898,2.3800082206726074,-0.590247631072998
-0.37333300709724426,0.4559178352355957,0.30980271100997925,-1.9500068426132202,-0.19521605968475342,2.377356767654419,-0.5670441389083862
-0.40444207191467285,0.46083229780197144,0.334616094827652,-1.9472688436508179,-0.2119944542646408,2.3744611740112305,-0.5438406467437744
-0.4351332187652588,0.4661341607570648,0.35910147428512573,-1.944314956665039,-0.22881798446178436,2.371318817138672,-0.5206372141838074
-0.46538934111595154,0.47182121872901917,0.3832499384880066,-1.9411453008651733,-0.24569034576416016,2.3679251670837402,-0.49743372201919556
-0.49519598484039307,0.47789350152015686,0.4070546329021454,-1.937759280204773,-0.2626163363456726,2.3642773628234863,-0.47423022985458374
-0.5245407819747925,0.48435062170028687,0.4305116534233093,-1.9341565370559692,-0.27960124611854553,2.360370635986328,-0.4510268568992615
-0.5534154176712036,0.4911918044090271,0.45362088084220886,-1.9303371906280518,-0.29665109515190125,2.356200933456421,-0.42782339453697205
-0.5818127393722534,0.4984176456928253,0.4763837456703186,-1.9263006448745728,-0.3137715458869934,2.3517627716064453,-0.40461990237236023
-0.609727680683136,0.5060291290283203,0.49880412220954895,-1.9220472574234009,-0.3309687077999115,2.3470511436462402,-0.3814164400100708
-0.5538256764411926,0.4690397381782532,0.42916300892829895,-1.9576483964920044,-0.2732999622821808,2.370561361312866,-0.4109932482242584
-0.49277472496032715,0.435468465089798,0.3563731610774994,-1.9920462369918823,-0.2175551950931549,2.3913302421569824,-0.44057005643844604
-0.4259364604949951,0.4051363468170166,0.27948951721191406,-2.025310516357422,-0.1634177416563034,2.4096434116363525,-0.4701468348503113
-0.35268205404281616,0.37795397639274597,0.19763347506523132,-2.0575032234191895,-0.11063253879547119,2.4257278442382812,-0.4997236430644989
-0.27246302366256714,0.3539137542247772,0.11005471646785736,-2.0886809825897217,-0.0589936301112175,2.439768075942993,-0.5293004512786865
-0.18491430580615997,0.333075612783432,0.01621682196855545,-2.118894100189209,-0.008332574740052223,2.4519119262695312,-0.5588772296905518
-0.08998756855726242,0.31555137038230896,-0.08407241106033325,-2.148188591003418,0.04149198159575462,2.4622764587402344,-0.5884540677070618
0.01188565418124199,0.30148765444755554,-0.19050461053848267,-2.1766066551208496,0.0905960351228714,2.470956325531006,-0.618030846118927
0.11966662108898163,0.2910388112068176,-0.30214765667915344,-2.2041873931884766,0.13907919824123383,2.478024959564209,-0.647607684135437
0.2316558063030243,0.28432992100715637,-0.41739535331726074,-2.230966567993164,0.18702459335327148,2.483534812927246,-0.6771844625473022
0.3455778658390045,0.2814328074455261,-0.5340546369552612,-2.2569785118103027,0.23450426757335663,2.4875223636627197,-0.7067612409591675
0.45882993936538696,0.2823370397090912,-0.6495975255966187,-2.282254457473755,0.28158053755760193,2.49000883102417,-0.7363380789756775
0.5688251852989197,0.2869451642036438,-0.7615004181861877,-2.3068251609802246,0.3283064067363739,2.491000175476074,-0.7659148573875427
0.673346221446991,0.29508447647094727,-0.867608904838562,-2.3307180404663086,0.37473011016845703,2.490485191345215,-0.795491635799408
0.7707582712173462,0.3065352141857147,-0.966343104839325,-2.3539609909057617,0.42089417576789856,2.488438844680786,-0.825068473815918
0.8600935339927673,0.32105857133865356,-1.0567865371704102,-2.376579761505127,0.46683692932128906,2.4848194122314453,-0.854645311832428
0.940976083278656,0.3384324014186859,-1.13861083984375,-2.398599147796631,0.5125949382781982,2.479567289352417,-0.8842220902442932
1.0134880542755127,0.35846903920173645,-1.2119436264038086,-2.420043468475342,0.55820232629776,2.472604274749756,-0.9137988686561584
1.0780174732208252,0.38103535771369934,-1.277215838432312,-2.4409360885620117,0.60369473695755,2.4638288021087646,-0.9433756470680237
1.1351149082183838,0.4060544967651367,-1.335019588470459,-2.4612998962402344,0.6491063833236694,2.4531166553497314,-0.9729524850845337
1.1854045391082764,0.43351852893829346,-1.3860172033309937,-2.481156349182129,0.6944764852523804,2.4403111934661865,-1.002529263496399
1.2295136451721191,0.46348485350608826,-1.4308761358261108,-2.5005273818969727,0.739848256111145,2.4252214431762695,-1.0321060419082642
1.268031120300293,0.4960845708847046,-1.4702234268188477,-2.5194339752197266,0.785270631313324,2.407613754272461,-1.061682939529419
1.3014918565750122,0.5315265655517578,-1.5046318769454956,-2.5378968715667725,0.8308037519454956,2.387200117111206,-1.0912597179412842
1.3303637504577637,0.5701106786727905,-1.5346094369888306,-2.5559353828430176,0.87652188539505,2.363624095916748,-1.1208364963531494
1.3550517559051514,0.6122452616691589,-1.5606011152267456,-2.5735692977905273,0.9225192666053772,2.336440324783325,-1.1504132747650146
1.3758924007415771,0.6584751009941101,-1.5829875469207764,-2.590817451477051,0.9689216017723083,2.3050849437713623,-1.1799901723861694
1.3931612968444824,0.7095152139663696,-1.602092981338501,-2.607699394226074,1.0158896446228027,2.2688403129577637,-1.2095668315887451
1.4070740938186646,0.7663397192955017,-1.6181899309158325,-2.624232292175293,1.063657283782959,2.2267513275146484,-1.2391437292099
1.2961667776107788,0.5930255651473999,-1.607146978378296,-2.6161551475524902,0.9107283353805542,2.3563308715820312,-1.2377060651779175
1.1582221984863281,0.47104135155677795,-1.5722508430480957,-2.5941150188446045,0.7738582491874695,2.4348948001861572,-1.2362682819366455
0.9819626808166504,0.38062769174575806,-1.4966106414794922,-2.5586657524108887,0.6492674946784973,2.48203444480896,-1.234830617904663
0.7528481483459473,0.31424617767333984,-1.3623745441436768,-2.510575532913208,0.5357146859169006,2.507518768310547,-1.2333929538726807
0.6824239492416382,0.3426264822483063,-1.3120369911193848,-2.476619243621826,0.5639377236366272,2.4885480403900146,-1.2629735469818115
0.6219770908355713,0.37404900789260864,-1.2719810009002686,-2.4417505264282227,0.5937924385070801,2.4675984382629395,-1.2925540208816528
0.5702279806137085,0.4085136950016022,-1.2411166429519653,-2.405945301055908,0.6254042983055115,2.444467544555664,-1.3221346139907837
0.5259891152381897,0.4461122751235962,-1.2184723615646362,-2.369173526763916,0.6589346528053284,2.4189095497131348,-1.3517152070999146
0.48820459842681885,0.4870399236679077,-1.2032510042190552,-2.3314006328582764,0.694596529006958,2.39062237739563,-1.3812956809997559
0.45595863461494446,0.5316065549850464,-1.1948498487472534,-2.292585849761963,0.7326685786247253,2.3592278957366943,-1.4108762741088867
0.428462952375412,0.5802611112594604,-1.192868947982788,-2.2526822090148926,0.7735193371772766,2.324246883392334,-1.440456748008728
0.40504008531570435,0.6336379051208496,-1.1971293687820435,-2.211635112762451,0.8176456689834595,2.2850542068481445,-1.4700373411178589
0.38510292768478394,0.6926289796829224,-1.2077052593231201,-2.169381618499756,0.8657352328300476,2.240809202194214,-1.4996179342269897
0.3681260943412781,0.7585157155990601,-1.2249939441680908,-2.1258487701416016,0.9187695384025574,2.190338611602783,-1.529198408126831
0.3536175787448883,0.833227813243866,-1.2498586177825928,-2.080951690673828,0.9782304167747498,2.131908416748047,-1.5587788820266724
0.3410737216472626,0.9198866486549377,-1.2839598655700684,-2.0345919132232666,1.0465277433395386,2.062746524810791,-1.5883595943450928
0.32987180352211,1.024169921875,-1.3305821418762207,-1.9866541624069214,1.1280691623687744,1.9778523445129395,-1.617940068244934
0.30124419927597046,0.9696602821350098,-1.2873032093048096,-1.9766627550125122,1.0746861696243286,2.0210940837860107,-1.585811972618103
0.2710235118865967,0.9222195744514465,-1.2449429035186768,-1.9664173126220703,1.024483561515808,2.0580482482910156,-1.5536837577819824
0.23927587270736694,0.8803948163986206,-1.2029049396514893,-1.955908179283142,0.9766266345977783,2.0900301933288574,-1.5215556621551514
0.20603853464126587,0.8432021141052246,-1.160785436630249,-1.9451255798339844,0.9305609464645386,2.117938995361328,-1.4894275665283203
0.17133492231369019,0.8099443316459656,-1.1182969808578491,-1.9340596199035645,0.885898232460022,2.142421007156372,-1.4572994709014893
0.13518010079860687,0.7801064252853394,-1.075223684310913,-1.9226993322372437,0.8423507809638977,2.16396164894104,-1.4251712560653687
0.09759055078029633,0.7532995939254761,-1.031404972076416,-1.911035180091858,0.799700915813446,2.182933807373047,-1.3930431604385376
0.05858569219708443,0.7292262315750122,-0.9867192506790161,-1.8990554809570312,0.7577770352363586,2.1996307373046875,-1.3609150648117065
0.018191633746027946,0.7076528072357178,-0.9410774111747742,-1.8867497444152832,0.7164412140846252,2.214287757873535,-1.3287869691848755
-0.023555422201752663,0.6883981823921204,-0.8944188952445984,-1.8741061687469482,0.6755780577659607,2.2270941734313965,-1.2966587543487549
-0.06660904735326767,0.6713179349899292,-0.8467064499855042,-1.8611130714416504,0.6350919008255005,2.238206624984741,-1.2645306587219238
-0.11090663075447083,0.6562985777854919,-0.7979291677474976,-1.847758412361145,0.5948972702026367,2.2477517127990723,-1.2324025630950928
-0.15637435019016266,0.6432515382766724,-0.7480939626693726,-1.8340294361114502,0.5549214482307434,2.25583553314209,-1.2002744674682617
-0.2029237002134323,0.6321055889129639,-0.6972276568412781,-1.8199131488800049,0.515092134475708,2.262545585632324,-1.1681463718414307
-0.2504440248012543,0.6228092908859253,-0.6453838348388672,-1.805395483970642,0.4753536581993103,2.267951488494873,-1.13601815700531
-0.269840806722641,0.6167218685150146,-0.6236468553543091,-1.8035781383514404,0.4578288793563843,2.271838903427124,-1.1526741981506348
-0.2894548773765564,0.6109574437141418,-0.6017431616783142,-1.8017088174819946,0.4403610825538635,2.2754926681518555,-1.16933012008667
-0.3092755973339081,0.6055131554603577,-0.5796790719032288,-1.7997870445251465,0.42295053601264954,2.2789175510406494,-1.1859861612319946
-0.32930371165275574,0.6003828644752502,-0.5574483275413513,-1.7978123426437378,0.4055849313735962,2.2821204662323,-1.2026420831680298
-0.34952887892723083,0.595563530921936,-0.5350571870803833,-1.7957847118377686,0.3882635831832886,2.2851059436798096,-1.2192981243133545
-0.36994391679763794,0.5910528302192688,-0.5125083923339844,-1.793703317642212,0.3709808588027954,2.2878780364990234,-1.2359540462493896
-0.3905395567417145,0.5868476629257202,-0.4898073673248291,-1.7915681600570679,0.35373470187187195,2.290440797805786,-1.2526100873947144
-0.41130760312080383,0.582945704460144,-0.46695801615715027,-1.7893786430358887,0.3365200459957123,2.2927980422973633,-1.269266128540039
-0.4322394132614136,0.5793449878692627,-0.4439653158187866,-1.7871344089508057,0.3193323314189911,2.2949533462524414,-1.2859220504760742
-0.45332521200180054,0.5760436058044434,-0.4208349883556366,-1.7848351001739502,0.30216798186302185,2.296910285949707,-1.302578091621399
-0.47455379366874695,0.5730398893356323,-0.39757412672042847,-1.7824804782867432,0.28502321243286133,2.298671007156372,-1.319234013557434
-0.4959143400192261,0.570331335067749,-0.3741902709007263,-1.7800700664520264,0.2678952217102051,2.300238609313965,-1.3358900547027588
-0.5173962712287903,0.5679177641868591,-0.35068997740745544,-1.7776037454605103,0.2507789731025696,2.3016152381896973,-1.3525460958480835
-0.5389878749847412,0.5657981634140015,-0.3270813226699829,-1.775080680847168,0.23367109894752502,2.3028035163879395,-1.3692020177841187
-0.5606759190559387,0.563971221446991,-0.30337420105934143,-1.77250075340271,0.21656937897205353,2.303804636001587,-1.3858580589294434
-0.5824498534202576,0.5624362826347351,-0.2795752286911011,-1.769863486289978,0.19946825504302979,2.3046207427978516,-1.402514100074768
-0.6042947173118591,0.5611920356750488,-0.25569581985473633,-1.7671687602996826,0.18236598372459412,2.3052525520324707,-1.4191700220108032
-0.6261986494064331,0.5602385401725769,-0.23174439370632172,-1.764415979385376,0.16525816917419434,2.30570125579834,-1.4358259439468384
-0.6481478214263916,0.5595755577087402,-0.2077312171459198,-1.7616046667099,0.14814211428165436,2.3059682846069336,-1.452481985092163
-0.6701292395591736,0.5592020750045776,-0.1836654543876648,-1.758734941482544,0.13101349771022797,2.306053876876831,-1.4691380262374878
-0.6921285390853882,0.5591186285018921,-0.1595580130815506,-1.7558058500289917,0.11386968195438385,2.3059592247009277,-1.4857940673828125
-0.7141335606575012,0.5593248009681702,-0.13541729748249054,-1.7528173923492432,0.09670605510473251,2.3056833744049072,-1.5024499893188477
-0.7361291646957397,0.5598198771476746,-0.11125483363866806,-1.7497692108154297,0.07951951771974564,2.305227756500244,-1.5191059112548828
-0.7581024169921875,0.5606046915054321,-0.08707969635725021,-1.746660590171814,0.06230693683028221,2.304590940475464,-1.5357619524002075
-0.7800405025482178,0.561678946018219,-0.06290102005004883,-1.743491530418396,0.045063890516757965,2.3037734031677246,-1.5524178743362427
-0.8019289970397949,0.5630438327789307,-0.038729432970285416,-1.740261197090149,0.027787255123257637,2.30277419090271,-1.5690739154815674
-0.8237561583518982,0.564697802066803,-0.014572514221072197,-1.7369697093963623,0.010472838766872883,2.3015923500061035,-1.585729956626892
-0.8455082178115845,0.5666433572769165,0.009559893980622292,-1.7336164712905884,-0.0068834321573376656,2.300227165222168,-1.6023858785629272
-0.8671728372573853,0.5688799619674683,0.03365936130285263,-1.730201005935669,-0.024283986538648605,2.2986772060394287,-1.619041919708252
-0.8887392282485962,0.571408748626709,0.057719677686691284,-1.7267229557037354,-0.04173586517572403,2.2969412803649902,-1.6356979608535767
-0.9101943373680115,0.574230432510376,0.08173193782567978,-1.723182201385498,-0.059241071343421936,2.2950170040130615,-1.6523538827896118
-0.9315277338027954,0.5773459076881409,0.10569033026695251,-1.7195775508880615,-0.07680466026067734,2.292902946472168,-1.6690099239349365
-0.9527286291122437,0.5807570815086365,0.12958857417106628,-1.715909481048584,-0.09443127363920212,2.2905962467193604,-1.6856658458709717
-0.9737874269485474,0.5844639539718628,0.15342192351818085,-1.7121771574020386,-0.1121256873011589,2.288094997406006,-1.7023218870162964
-0.9946930408477783,0.5884695649147034,0.17718419432640076,-1.7083804607391357,-0.1298922747373581,2.2853965759277344,-1.718977928161621
-1.0154385566711426,0.5927749872207642,0.20087377727031708,-1.7045183181762695,-0.147737517952919,2.282496452331543,-1.7356338500976562
-1.036014199256897,0.5973828434944153,0.2244860827922821,-1.700590968132019,-0.1656656712293625,2.279393196105957,-1.7522897720336914
-1.0564119815826416,0.6022957563400269,0.24801881611347198,-1.6965973377227783,-0.18368230760097504,2.2760820388793945,-1.7689458131790161
-1.0766242742538452,0.6075154542922974,0.2714700698852539,-1.6925380229949951,-0.20179355144500732,2.2725601196289062,-1.7856018543243408
-1.0966459512710571,0.613045871257782,0.2948412597179413,-1.6884114742279053,-0.22000613808631897,2.2688212394714355,-1.8022578954696655
-1.116468906402588,0.6188901662826538,0.3181303143501282,-1.684217929840088,-0.2383255511522293,2.264861822128296,-1.8189138174057007
-1.1360890865325928,0.6250519752502441,0.3413400650024414,-1.6799565553665161,-0.2567595839500427,2.260676622390747,-1.8355698585510254
-1.1555001735687256,0.6315360069274902,0.3644711375236511,-1.6756269931793213,-0.27531513571739197,2.256260395050049,-1.8522257804870605
-1.1746994256973267,0.6383468508720398,0.38752883672714233,-1.6712287664413452,-0.29400044679641724,2.251605749130249,-1.8688818216323853
-1.193681001663208,0.6454897522926331,0.4105149209499359,-1.6667613983154297,-0.3128221035003662,2.2467079162597656,-1.8855377435684204
-1.2124431133270264,0.6529710292816162,0.4334360361099243,-1.6622244119644165,-0.3317911922931671,2.241558313369751,-1.9021937847137451
-1.2309815883636475,0.6607970595359802,0.45629701018333435,-1.657617211341858,-0.35091501474380493,2.2361507415771484,-1.9188498258590698
-1.2492953538894653,0.6689749956130981,0.4791066348552704,-1.6529392004013062,-0.3702051639556885,2.230475425720215,-1.9355056285858154
-1.2673808336257935,0.6775132417678833,0.5018711090087891,-1.6481900215148926,-0.38967087864875793,2.224524974822998,-1.9521616697311401
-1.2852375507354736,0.6864205002784729,0.5246013402938843,-1.6433690786361694,-0.4093247354030609,2.2182886600494385,-1.9688177108764648
-1.302863359451294,0.6957065463066101,0.547306478023529,-1.6384758949279785,-0.4291778802871704,2.211756706237793,-1.9854737520217896
-1.3202576637268066,0.7053828835487366,0.5699990391731262,-1.6335093975067139,-0.4492437243461609,2.2049169540405273,-2.0021297931671143
-1.3374216556549072,0.7154619097709656,0.5926940441131592,-1.628469467163086,-0.46953895688056946,2.197756290435791,-2.0187857151031494
-1.3543527126312256,0.7259553670883179,0.6154029965400696,-1.623355746269226,-0.49007612466812134,2.190263509750366,-2.0354418754577637
-1.371052622795105,0.7368800640106201,0.6381442546844482,-1.6181668043136597,-0.5108742713928223,2.1824216842651367,-2.0520975589752197
-1.3875207901000977,0.7482514977455139,0.6609349250793457,-1.6129027605056763,-0.531951367855072,2.17421555519104,-2.068753719329834
-1.403757929801941,0.7600882649421692,0.6837942600250244,-1.60756254196167,-0.5533269643783569,2.1656272411346436,-2.085409641265869
-1.4197642803192139,0.7724109292030334,0.7067441940307617,-1.6021456718444824,-0.5750242471694946,2.156637191772461,-2.1020655632019043
-1.4355406761169434,0.7852422595024109,0.729808509349823,-1.5966508388519287,-0.5970680713653564,2.147223949432373,-2.1187217235565186
-1.4510889053344727,0.7986081838607788,0.7530151009559631,-1.5910778045654297,-0.6194860339164734,2.1373629570007324,-2.1353776454925537
-1.466409683227539,0.8125365972518921,0.7763927578926086,-1.5854263305664062,-0.642308235168457,2.127028226852417,-2.152033567428589
-1.481502652168274,0.8270605206489563,0.7999733686447144,-1.5796947479248047,-0.6655690670013428,2.116190195083618,-2.168689489364624
-1.49636971950531,0.8422152996063232,0.8237943053245544,-1.5738823413848877,-0.6893057823181152,2.1048150062561035,-2.1853456497192383
-1.5110112428665161,0.8580424189567566,0.8478966951370239,-1.5679893493652344,-0.7135629653930664,2.0928664207458496,-2.2020018100738525
-1.5254285335540771,0.8745913505554199,0.87232905626297,-1.5620133876800537,-0.7383914589881897,2.0802998542785645,-2.2186574935913086
-1.5396208763122559,0.8919145464897156,0.8971425890922546,-1.5559546947479248,-0.7638462781906128,2.067067861557007,-2.2353134155273438
-1.553588628768921,0.9100756049156189,0.9223994016647339,-1.549811840057373,-0.7899937033653259,2.0531136989593506,-2.251969575881958
-1.5673307180404663,0.9291476607322693,0.9481694102287292,-1.543583631515503,-0.8169103860855103,2.0383729934692383,-2.268625497817993
-1.5808477401733398,0.949217677116394,0.9745380878448486,-1.5372700691223145,-0.8446875214576721,2.022768259048462,-2.2852816581726074
-1.5941358804702759,0.970389187335968,1.001602292060852,-1.5308687686920166,-0.8734331130981445,2.006208896636963,-2.3019375801086426
-1.6071922779083252,0.992786169052124,1.02947998046875,-1.5243799686431885,-0.9032770395278931,1.9885869026184082,-2.3185935020446777
-1.6200140714645386,1.0165624618530273,1.0583186149597168,-1.5178015232086182,-0.9343823790550232,1.9697673320770264,-2.335249423980713
-1.6325980424880981,1.041906476020813,1.0882997512817383,-1.5111327171325684,-0.9669475555419922,1.949586033821106,-2.351905345916748
-1.6449263095855713,1.069063663482666,1.1196479797363281,-1.5043725967407227,-1.001232385635376,1.9278305768966675,-2.3685615062713623
-1.656989574432373,1.0983530282974243,1.1526685953140259,-1.4975190162658691,-1.0375771522521973,1.9042249917984009,-2.3852174282073975
-1.6687690019607544,1.1302037239074707,1.1877703666687012,-1.490572452545166,-1.0764421224594116,1.878397822380066,-2.4018735885620117
-1.6802339553833008,1.1652336120605469,1.2255383729934692,-1.4835290908813477,-1.1184895038604736,1.849818468093872,-2.418529510498047
-1.6669868230819702,1.02880859375,1.1266239881515503,-1.596825122833252,-0.9914537668228149,1.962136149406433,-2.4068603515625
-1.6504429578781128,0.9222037196159363,1.0651721954345703,-1.6982488632202148,-0.9027997255325317,2.0483944416046143,-2.3951914310455322
-1.6310795545578003,0.8317935466766357,1.0233020782470703,-1.7902345657348633,-0.8330543637275696,2.1201682090759277,-2.3835222721099854
-1.6089670658111572,0.7519751787185669,0.9935497045516968,-1.8743170499801636,-0.7740496397018433,2.182199478149414,-2.3718531131744385
-1.5840222835540771,0.679848849773407,0.9719948172569275,-1.9515012502670288,-0.7214752435684204,2.2369234561920166,-2.3601841926574707
-1.5560470819473267,0.613724946975708,0.9562424421310425,-2.0224525928497314,-0.6727375388145447,2.285745143890381,-2.348515033721924
-1.5247230529785156,0.5525468587875366,0.9446113109588623,-2.0876047611236572,-0.6261328458786011,2.3295323848724365,-2.336845874786377
-1.4895761013031006,0.4956246614456177,0.935723602771759,-2.1472244262695312,-0.5804744362831116,2.368842601776123,-2.325176954269409
-1.4499092102050781,0.4425020217895508,0.9282394051551819,-2.2014524936676025,-0.5349089503288269,2.4040422439575195,-2.3135077953338623
-1.4046896696090698,0.39287668466567993,0.920624315738678,-2.2503349781036377,-0.48881423473358154,2.435375452041626,-2.3018388748168945
-1.3523818254470825,0.34656059741973877,0.9109042882919312,-2.293844223022461,-0.441753625869751,2.4630050659179688,-2.2901697158813477
-1.2689799070358276,0.3943054676055908,0.8554576635360718,-2.219116687774658,-0.4610462784767151,2.4315783977508545,-2.2875912189483643
-1.204498529434204,0.44646796584129333,0.8197357654571533,-2.1413521766662598,-0.48427966237068176,2.396669387817383,-2.28501296043396
-1.1542720794677734,0.5030303597450256,0.7998817563056946,-2.0601563453674316,-0.5119239091873169,2.3579108715057373,-2.2824344635009766
-1.1149051189422607,0.5643581748008728,0.7935233116149902,-1.9750183820724487,-0.5447243452072144,2.314760446548462,-2.2798562049865723
-1.0839133262634277,0.6312241554260254,0.7995609641075134,-1.8852629661560059,-0.5838449597358704,2.2664294242858887,-2.277277708053589
-1.059457778930664,0.7049285769462585,0.8181684017181396,-1.7899811267852783,-0.6311362385749817,2.211731433868408,-2.2746992111206055
-1.0401227474212646,0.7876060009002686,0.8511004447937012,-1.6879048347473145,-0.6896728873252869,2.148806095123291,-2.272120952606201
-1.0247617959976196,0.8829604983329773,0.90274578332901,-1.5771822929382324,-0.7649982571601868,2.0744733810424805,-2.2695424556732178
