0.029475785791873932,0.7417240142822266,0.8623685836791992,-1.76924729347229,-0.6786290407180786,2.1849658489227295,-1.181119441986084
0.038182057440280914,0.7349457144737244,0.8496479392051697,-1.7690900564193726,-0.6666126251220703,2.1897661685943604,-1.163061261177063
0.04698826000094414,0.7283387780189514,0.836892306804657,-1.7689112424850464,-0.6546596884727478,2.1944258213043213,-1.145003080368042
0.05588999763131142,0.7219017148017883,0.8241040706634521,-1.7687104940414429,-0.6427710652351379,2.198946237564087,-1.126944899559021
0.06488779187202454,0.7156306505203247,0.8112798929214478,-1.7684872150421143,-0.6309438347816467,2.2033309936523438,-1.10888671875
0.07398054748773575,0.7095224857330322,0.7984185218811035,-1.7682418823242188,-0.6191755533218384,2.207583427429199,-1.0908286571502686
0.08316966146230698,0.7035742998123169,0.7855162620544434,-1.7679740190505981,-0.6074635982513428,2.211707353591919,-1.0727704763412476
0.0924539864063263,0.6977816820144653,0.772571325302124,-1.7676838636398315,-0.5958046317100525,2.2157063484191895,-1.0547122955322266
0.10183291137218475,0.6921434998512268,0.7595826983451843,-1.7673711776733398,-0.584196925163269,2.2195818424224854,-1.0366541147232056
0.11130665987730026,0.6866550445556641,0.7465474009513855,-1.767035961151123,-0.5726373791694641,2.2233388423919678,-1.0185959339141846
0.12087506055831909,0.6813156604766846,0.7334638237953186,-1.766677975654602,-0.5611250400543213,2.226978302001953,-1.0005377531051636
0.13053761422634125,0.6761218309402466,0.720330536365509,-1.7662973403930664,-0.549655556678772,2.230504035949707,-0.9824795722961426
0.1402936577796936,0.6710719466209412,0.707146167755127,-1.765893578529358,-0.5382291078567505,2.233917713165283,-0.9644214510917664
0.15014173090457916,0.6661635041236877,0.6939106583595276,-1.7654671669006348,-0.5268430709838867,2.2372212409973145,-0.9463632702827454
0.1600831001996994,0.6613948941230774,0.6806206703186035,-1.7650175094604492,-0.515494704246521,2.240417957305908,-0.9283050894737244
0.17011553049087524,0.6567640900611877,0.6672766804695129,-1.76454496383667,-0.5041829347610474,2.243509531021118,-0.9102469086647034
0.18023936450481415,0.6522689461708069,0.6538766622543335,-1.7640491724014282,-0.4929056763648987,2.2464981079101562,-0.8921887278556824
0.19045259058475494,0.647908627986908,0.6404212713241577,-1.7635300159454346,-0.48166194558143616,2.249384880065918,-0.8741306066513062
0.20075558125972748,0.6436811089515686,0.6269086003303528,-1.7629876136779785,-0.470449298620224,2.2521724700927734,-0.8560724258422852
0.2111455351114273,0.6395854353904724,0.6133398413658142,-1.7624218463897705,-0.45926719903945923,2.254862070083618,-0.8380142450332642
0.22162394225597382,0.6356192827224731,0.5997120141983032,-1.7618324756622314,-0.44811251759529114,2.257455825805664,-0.8199560642242432
0.2321871966123581,0.631782591342926,0.5860274434089661,-1.7612193822860718,-0.4369858503341675,2.2599544525146484,-0.8018978834152222
0.24283547699451447,0.6280735731124878,0.5722844004631042,-1.7605828046798706,-0.425883948802948,2.262360095977783,-0.783839762210846
0.25356733798980713,0.624491274356842,0.5584831833839417,-1.7599225044250488,-0.4148063361644745,2.264674663543701,-0.765781581401825
0.26438140869140625,0.6210347414016724,0.5446237325668335,-1.7592380046844482,-0.40375134348869324,2.2668983936309814,-0.747723400592804
0.27527570724487305,0.6177024245262146,0.5307068228721619,-1.7585300207138062,-0.3927174508571625,2.269033670425415,-0.729665219783783
0.2862487733364105,0.6144941449165344,0.5167327523231506,-1.7577978372573853,-0.38170409202575684,2.2710800170898438,-0.7116070985794067
0.2973000705242157,0.6114094257354736,0.5027006268501282,-1.7570416927337646,-0.3707098066806793,2.273040771484375,-0.6935489177703857
0.3084264397621155,0.6084467172622681,0.4886126220226288,-1.7562611103057861,-0.3597331941127777,2.2749156951904297,-0.6754907369613647
0.31962651014328003,0.6056053042411804,0.4744686186313629,-1.755456566810608,-0.3487730324268341,2.2767059803009033,-0.6574325561523438
0.33089902997016907,0.6028853058815002,0.46026933193206787,-1.7546273469924927,-0.3378284275531769,2.2784128189086914,-0.6393743753433228
0.34224119782447815,0.6002855896949768,0.44601595401763916,-1.7537739276885986,-0.32689782977104187,2.280036687850952,-0.6213161945343018
0.3536514639854431,0.5978057384490967,0.43170902132987976,-1.7528959512710571,-0.31598055362701416,2.2815794944763184,-0.6032580137252808
0.36512747406959534,0.5954449772834778,0.41734981536865234,-1.7519935369491577,-0.30507516860961914,2.283041000366211,-0.5851998925209045
0.3766665756702423,0.5932031273841858,0.402940034866333,-1.7510660886764526,-0.29418131709098816,2.284421920776367,-0.5671417117118835
0.38826704025268555,0.5910796523094177,0.3884802460670471,-1.7501143217086792,-0.2832975387573242,2.28572416305542,-0.5490835309028625
0.39992591738700867,0.5890743136405945,0.373970627784729,-1.749137282371521,-0.27242279052734375,2.286947011947632,-0.5310253500938416
0.4116418659687042,0.5871866345405579,0.3594152629375458,-1.7481356859207153,-0.26155585050582886,2.2880923748016357,-0.5129672288894653
0.42341089248657227,0.585416316986084,0.34481513500213623,-1.7471086978912354,-0.2506960332393646,2.2891595363616943,-0.49490901827812195
0.4352319836616516,0.5837631225585938,0.3301699459552765,-1.7460567951202393,-0.2398412674665451,2.2901506423950195,-0.47685086727142334
0.4471006989479065,0.582226574420929,0.3154836893081665,-1.744979739189148,-0.22899237275123596,2.291064739227295,-0.45879271626472473
0.4590151607990265,0.5808064937591553,0.30075690150260925,-1.7438775300979614,-0.2181469351053238,2.291903018951416,-0.4407345652580261
0.4709726572036743,0.5795029401779175,0.28599146008491516,-1.742749810218811,-0.2073056697845459,2.292665719985962,-0.42267635464668274
0.482970267534256,0.5783154368400574,0.27118903398513794,-1.7415966987609863,-0.19646519422531128,2.2933530807495117,-0.40461820363998413
0.4950047433376312,0.5772445201873779,0.25635218620300293,-1.740417718887329,-0.18562696874141693,2.293966770172119,-0.3865600526332855
0.5070738792419434,0.5762892365455627,0.2414819449186325,-1.7392135858535767,-0.17478851974010468,2.2945051193237305,-0.3685019016265869
0.5191733837127686,0.5754494667053223,0.22658200562000275,-1.7379835844039917,-0.16394945979118347,2.2949697971343994,-0.35044369101524353
0.5313017964363098,0.5747257471084595,0.21165210008621216,-1.7367279529571533,-0.1531084030866623,2.295360565185547,-0.3323855400085449
0.5434542894363403,0.5741174221038818,0.196696937084198,-1.7354462146759033,-0.14226491749286652,2.2956771850585938,-0.3143273890018463
0.5556285977363586,0.573624849319458,0.18171736598014832,-1.7341388463974,-0.1314181685447693,2.2959210872650146,-0.2962692081928253
0.5678225159645081,0.5732484459877014,0.16671481728553772,-1.7328050136566162,-0.12056668102741241,2.296091318130493,-0.2782110273838043
0.5800307393074036,0.5729864835739136,0.1516934484243393,-1.7314454317092896,-0.10971003025770187,2.2961883544921875,-0.2601528763771057
0.5922516584396362,0.5728406310081482,0.13665390014648438,-1.7300591468811035,-0.09884662181138992,2.2962121963500977,-0.2420947253704071
0.6044815182685852,0.5728102326393127,0.12159895151853561,-1.728647232055664,-0.08797621726989746,2.2961630821228027,-0.22403652966022491
0.6167165040969849,0.5728962421417236,0.10653166472911835,-1.727208137512207,-0.07709802687168121,2.2960405349731445,-0.2059783786535263
0.6289545893669128,0.5730969309806824,0.0914529338479042,-1.7257431745529175,-0.06621035188436508,2.2958450317382812,-0.1879202127456665
0.6411913633346558,0.5734143853187561,0.07636597007513046,-1.7242512702941895,-0.055312931537628174,2.295576333999634,-0.1698620319366455
0.6534249782562256,0.5738465785980225,0.0612717904150486,-1.7227331399917603,-0.0444035679101944,2.295234203338623,-0.1518038660287857
0.6656507253646851,0.5743954181671143,0.04617417976260185,-1.7211878299713135,-0.033482834696769714,2.29481840133667,-0.1337457150220871
0.6778662204742432,0.5750603675842285,0.031074414029717445,-1.7196159362792969,-0.022548912093043327,2.2943296432495117,-0.1156875491142273
0.6900678277015686,0.5758414268493652,0.015974927693605423,-1.7180168628692627,-0.011600926518440247,2.293766498565674,-0.09762930124998093
0.7022533416748047,0.576739490032196,0.0008770491112954915,-1.71639084815979,-0.0006374077056534588,2.2931301593780518,-0.07957114279270172
0.7144185304641724,0.5777537226676941,-0.014215867035090923,-1.7147376537322998,0.01034172810614109,2.2924187183380127,-0.06151295453310013
0.7265612483024597,0.5788847208023071,-0.029303206130862236,-1.713057279586792,0.02133815921843052,2.2916324138641357,-0.04345482587814331
0.7386773824691772,0.5801328420639038,-0.04438149183988571,-1.7113497257232666,0.032352350652217865,2.290771484375,-0.02539663575589657
0.7507653832435608,0.581498384475708,-0.05945071950554848,-1.7096147537231445,0.04338670149445534,2.289834976196289,-0.007338507566601038
0.7628206610679626,0.5829814076423645,-0.07450690865516663,-1.7078521251678467,0.05444066971540451,2.288822650909424,0.010719681158661842
0.7748417258262634,0.5845823287963867,-0.08955013751983643,-1.7060620784759521,0.06551630049943924,2.287734031677246,0.028777869418263435
0.7868248820304871,0.586301863193512,-0.10457778722047806,-1.7042440176010132,0.07661456614732742,2.2865686416625977,0.046835996210575104
0.7987679243087769,0.588139533996582,-0.11958874762058258,-1.702398419380188,0.08773663640022278,2.2853260040283203,0.0648941844701767
0.8106677532196045,0.590096116065979,-0.13458114862442017,-1.7005248069763184,0.09888357669115067,2.2840046882629395,0.08295237272977829
0.8225221037864685,0.5921729207038879,-0.14955413341522217,-1.6986234188079834,0.11005724966526031,2.2826056480407715,0.10101050138473511
0.8343280553817749,0.5943687558174133,-0.1645057499408722,-1.6966936588287354,0.12125756591558456,2.2811269760131836,0.1190686896443367
0.8460834622383118,0.5966853499412537,-0.17943544685840607,-1.6947357654571533,0.13248704373836517,2.2795677185058594,0.1371268779039383
0.8577855229377747,0.5991227030754089,-0.19434159994125366,-1.6927497386932373,0.14374622702598572,2.2779288291931152,0.1551850140094757
0.8694325685501099,0.6016815900802612,-0.20922362804412842,-1.690735101699829,0.15503735840320587,2.276207447052002,0.1732431948184967
0.8810221552848816,0.604362428188324,-0.22408103942871094,-1.6886922121047974,0.16636112332344055,2.2744035720825195,0.1913013905286789
0.8925511837005615,0.6071658730506897,-0.2389116734266281,-1.6866207122802734,0.177718847990036,2.272517204284668,0.20935951173305511
0.9040188789367676,0.6100930571556091,-0.25371646881103516,-1.6845203638076782,0.1891121119260788,2.270545721054077,0.2274177074432373
0.9154230952262878,0.6131442785263062,-0.26849472522735596,-1.6823909282684326,0.20054297149181366,2.2684884071350098,0.24547582864761353
0.9267606139183044,0.6163205504417419,-0.28324487805366516,-1.6802330017089844,0.21201211214065552,2.266345500946045,0.2635340094566345
0.9380308985710144,0.6196224689483643,-0.29796770215034485,-1.6780458688735962,0.22352169454097748,2.2641148567199707,0.2815922200679779
0.949231743812561,0.6230520009994507,-0.31266292929649353,-1.675829529762268,0.23507289588451385,2.2617952823638916,0.2996503412723541
0.9603618383407593,0.6266083121299744,-0.32733073830604553,-1.6735838651657104,0.24666789174079895,2.259384870529175,0.3177085220813751
0.971419095993042,0.6302937269210815,-0.3419707119464874,-1.671308994293213,0.2583085894584656,2.2568836212158203,0.3357667028903961
0.9824025630950928,0.6341093182563782,-0.35658419132232666,-1.6690045595169067,0.26999616622924805,2.2542896270751953,0.3538248538970947
0.9933108687400818,0.6380555629730225,-0.37117108702659607,-1.6666704416275024,0.28173336386680603,2.251600742340088,0.3718830347061157
1.0041418075561523,0.6421351432800293,-0.38573142886161804,-1.6643065214157104,0.29352104663848877,2.24881649017334,0.3899412155151367
1.014894723892212,0.6463475823402405,-0.4002664089202881,-1.6619130373001099,0.3053619861602783,2.24593448638916,0.40799933671951294
1.0255681276321411,0.6506956815719604,-0.41477665305137634,-1.6594895124435425,0.3172580599784851,2.2429537773132324,0.4260575473308563
1.0361626148223877,0.6551808714866638,-0.4292648732662201,-1.6570359468460083,0.3292123079299927,2.2398712635040283,0.44411566853523254
1.046675443649292,0.6598039865493774,-0.4437307119369507,-1.6545519828796387,0.34122562408447266,2.2366857528686523,0.46217384934425354
1.0571058988571167,0.6645681858062744,-0.45817580819129944,-1.6520376205444336,0.35330119729042053,2.233395576477051,0.48023203015327454
1.0674538612365723,0.6694738864898682,-0.4726022183895111,-1.6494929790496826,0.36544176936149597,2.2299983501434326,0.49829018115997314
1.0777173042297363,0.6745240092277527,-0.4870104193687439,-1.646917700767517,0.3776491582393646,2.226492404937744,0.5163483619689941
1.0878968238830566,0.6797204613685608,-0.5014039278030396,-1.644311547279358,0.38992705941200256,2.222874164581299,0.5344065427780151
1.0979918241500854,0.6850652694702148,-0.5157846808433533,-1.6416747570037842,0.4022776782512665,2.219141960144043,0.5524646639823914
1.1080009937286377,0.6905613541603088,-0.5301540493965149,-1.6390067338943481,0.4147037863731384,2.2152931690216064,0.5705228447914124
1.1179234981536865,0.6962108612060547,-0.5445144772529602,-1.6363074779510498,0.427208811044693,2.2113254070281982,0.5885810256004333
1.1277600526809692,0.7020164728164673,-0.5588697791099548,-1.6335773468017578,0.4397960901260376,2.207235336303711,0.6066392064094543
1.1375094652175903,0.7079820036888123,-0.5732220411300659,-1.6308152675628662,0.45246899127960205,2.203019618988037,0.6246973872184753
1.1471720933914185,0.7141092419624329,-0.5875747799873352,-1.6280221939086914,0.4652315378189087,2.198676109313965,0.6427555084228516
1.1567463874816895,0.7204024791717529,-0.601930558681488,-1.625196933746338,0.4780867099761963,2.1942012310028076,0.6608136892318726
1.1662331819534302,0.7268650531768799,-0.6162936091423035,-1.6223400831222534,0.4910391569137573,2.1895904541015625,0.6788718700408936
1.1756327152252197,0.7335004210472107,-0.6306684613227844,-1.6194510459899902,0.5040927529335022,2.184840679168701,0.6969299912452698
1.1849441528320312,0.7403129935264587,-0.6450583338737488,-1.616529941558838,0.5172526836395264,2.179947853088379,0.7149881720542908
1.194166898727417,0.7473068237304688,-0.6594671010971069,-1.6135762929916382,0.5305224061012268,2.17490816116333,0.7330463528633118
1.2033014297485352,0.7544865012168884,-0.6739002466201782,-1.6105903387069702,0.5439075827598572,2.1697170734405518,0.7511045336723328
1.212348461151123,0.7618572115898132,-0.688363254070282,-1.6075716018676758,0.5574144124984741,2.1643688678741455,0.7691627144813538
1.2213066816329956,0.7694242000579834,-0.7028599977493286,-1.6045200824737549,0.5710476636886597,2.1588594913482666,0.7872208952903748
1.230177402496338,0.7771923542022705,-0.7173976898193359,-1.601435661315918,0.5848129987716675,2.1531834602355957,0.805279016494751
1.238959550857544,0.7851691842079163,-0.7319814562797546,-1.5983178615570068,0.5987176895141602,2.1473348140716553,0.823337197303772
1.2476528882980347,0.7933601140975952,-0.746617317199707,-1.5951666831970215,0.6127684116363525,2.141308069229126,0.841395378112793
1.2562589645385742,0.80177241563797,-0.7613135576248169,-1.591982126235962,0.6269717216491699,2.1350958347320557,0.8594534993171692
1.2647768259048462,0.8104135394096375,-0.7760764956474304,-1.588763952255249,0.6413359642028809,2.1286919116973877,0.8775116801261902
1.2732070684432983,0.8192911744117737,-0.7909147143363953,-1.5855116844177246,0.6558694243431091,2.1220884323120117,0.8955698609352112
1.2815495729446411,0.8284151554107666,-0.8058372139930725,-1.5822253227233887,0.670582115650177,2.115277051925659,0.9136280417442322
1.2898043394088745,0.8377938270568848,-0.8208521604537964,-1.578904628753662,0.6854832768440247,2.1082499027252197,0.9316862225532532
1.2979722023010254,0.8474380970001221,-0.8359708786010742,-1.575549602508545,0.7005832195281982,2.100996732711792,0.9497443437576294
1.306051254272461,0.8573588728904724,-0.8512020111083984,-1.5721595287322998,0.7158924341201782,2.093508720397949,0.9678025245666504
1.254250168800354,0.79276043176651,-0.7633373141288757,-1.6086097955703735,0.6254217028617859,2.142209768295288,0.9993147850036621
1.1991467475891113,0.7369157075881958,-0.6797661185264587,-1.6433745622634888,0.5425291657447815,2.1833481788635254,1.0308270454406738
1.1405528783798218,0.6881174445152283,-0.5984315276145935,-1.676576018333435,0.46523016691207886,2.218482255935669,1.062339186668396
1.0782577991485596,0.6452531814575195,-0.5178696513175964,-1.7083172798156738,0.39219245314598083,2.2486660480499268,1.0938514471054077
1.0120595693588257,0.6075754761695862,-0.436990886926651,-1.7386877536773682,0.3224782347679138,2.274646759033203,1.1253637075424194
0.9417905211448669,0.5745779275894165,-0.3549703061580658,-1.7677638530731201,0.25539401173591614,2.2969741821289062,1.1568759679794312
0.8673475980758667,0.545922040939331,-0.2712027430534363,-1.7956126928329468,0.19041012227535248,2.3160593509674072,1.1883882284164429
0.7887394428253174,0.5213937759399414,-0.18530228734016418,-1.8222932815551758,0.127120241522789,2.332214832305908,1.219900369644165
0.7061045169830322,0.5008675456047058,-0.09708837419748306,-1.847858190536499,0.06519245356321335,2.345676898956299,1.2514126300811768
0.6197565793991089,0.4842829704284668,-0.006611573975533247,-1.8723543882369995,0.004355049226433039,2.356623649597168,1.2829248905181885
0.5302079916000366,0.47162535786628723,0.08583762496709824,-1.8958247900009155,-0.055616073310375214,2.365185022354126,1.3144370317459106
0.4381686747074127,0.4629044234752655,0.1797398030757904,-1.9183080196380615,-0.11491376906633377,2.371448516845703,1.3459492921829224
0.3445310890674591,0.4581435024738312,0.27437347173690796,-1.9398400783538818,-0.17370525002479553,2.37546443939209,1.377461552619934
0.28390365839004517,0.44853681325912476,0.32113415002822876,-1.9640321731567383,-0.20017389953136444,2.382336378097534,1.3580104112625122
0.22134196758270264,0.44037437438964844,0.36923810839653015,-1.9872229099273682,-0.2268597036600113,2.388352870941162,1.3385592699050903
0.15701869130134583,0.43370193243026733,0.4185437262058258,-2.0094308853149414,-0.2537982165813446,2.3935089111328125,1.3191081285476685
0.09115496277809143,0.4285683333873749,0.46886011958122253,-2.0306689739227295,-0.2810228168964386,2.397794485092163,1.2996569871902466
0.024019550532102585,0.42502015829086304,0.5199490189552307,-2.050947904586792,-0.30856454372406006,2.4011950492858887,1.2802058458328247
-0.04407985135912895,0.4231027066707611,0.5715327262878418,-2.0702764987945557,-0.3364519476890564,2.403690814971924,1.2607547044754028
-0.11279867589473724,0.42285746335983276,0.6232975721359253,-2.0886611938476562,-0.36471182107925415,2.405259132385254,1.241303563117981
-0.18177253007888794,0.42432305216789246,0.6749114990234375,-2.106105327606201,-0.393370658159256,2.4058704376220703,1.221852421760559
-0.250627726316452,0.4275333285331726,0.72603440284729,-2.122612476348877,-0.42245233058929443,2.4054908752441406,1.2024012804031372
-0.318998783826828,0.43251919746398926,0.7763365507125854,-2.138183116912842,-0.451982319355011,2.4040791988372803,1.1829501390457153
-0.3865346312522888,0.43930622935295105,0.8255050182342529,-2.152817964553833,-0.48198091983795166,2.401589870452881,1.1634989976882935
-0.45292794704437256,0.4479263126850128,0.873274564743042,-2.1665151119232178,-0.5124791264533997,2.3979651927948,1.1440478563308716
-0.5179001092910767,0.45840731263160706,0.9194105267524719,-2.1792731285095215,-0.5434994101524353,2.393143653869629,1.1245967149734497
-0.581224262714386,0.47078418731689453,0.9637355804443359,-2.191089391708374,-0.5750697255134583,2.387051582336426,1.1051455736160278
-0.6427226066589355,0.48510056734085083,1.0061256885528564,-2.201960563659668,-0.6072205305099487,2.379603862762451,1.0856945514678955
-0.7022618055343628,0.5014119744300842,1.0465070009231567,-2.211883306503296,-0.6399846076965332,2.3707034587860107,1.0662434101104736
-0.7597604393959045,0.51978999376297,1.0848639011383057,-2.2208542823791504,-0.6734005212783813,2.3602356910705566,1.0467921495437622
-0.8151719570159912,0.5403289794921875,1.1212238073349,-2.2288694381713867,-0.7075148820877075,2.3480677604675293,1.0273411273956299
-0.868489146232605,0.5631499290466309,1.1556627750396729,-2.2359254360198975,-0.7423829436302185,2.3340423107147217,1.007889986038208
-0.9197291731834412,0.5884067416191101,1.1882925033569336,-2.242018699645996,-0.7780710458755493,2.31797456741333,0.9884387850761414
-0.9689299464225769,0.6162970662117004,1.2192604541778564,-2.2471461296081543,-0.8146626949310303,2.2996439933776855,0.9689877033233643
-1.0161505937576294,0.6470736265182495,1.2487523555755615,-2.251305103302002,-0.8522642254829407,2.2787811756134033,0.9495365619659424
-1.0614509582519531,0.6810577511787415,1.2769793272018433,-2.254492998123169,-0.8910097479820251,2.2550597190856934,0.9300854206085205
-1.1049000024795532,0.7186645865440369,1.3041936159133911,-2.2567081451416016,-0.9310777187347412,2.2280702590942383,0.9106342196464539
-1.1465613842010498,0.7604369521141052,1.3306872844696045,-2.2579498291015625,-0.9727043509483337,2.197291851043701,0.891183078289032
-1.1864901781082153,0.8070995211601257,1.3568092584609985,-2.2582168579101562,-1.0162162780761719,2.1620426177978516,0.8717319369316101
-1.2247211933135986,0.8596482872962952,1.3829874992370605,-2.257509469985962,-1.0620737075805664,2.1214003562927246,0.852280855178833
-1.2612545490264893,0.9195100665092468,1.4097788333892822,-2.255828380584717,-1.1109600067138672,2.0740597248077393,0.8328297138214111
-1.2960336208343506,0.9888657331466675,1.437971830368042,-2.2531752586364746,-1.163955569267273,2.018042802810669,0.8133785724639893
-1.31858491897583,0.9571213126182556,1.442415714263916,-2.2875146865844727,-1.1473596096038818,2.0456581115722656,0.7922318577766418
-1.342181921005249,0.9277616143226624,1.4493393898010254,-2.321413993835449,-1.1324762105941772,2.071340560913086,0.7710851430892944
-1.3668951988220215,0.900567352771759,1.4585970640182495,-2.3549013137817383,-1.1190755367279053,2.0953025817871094,0.749938428401947
-1.3927874565124512,0.8753837943077087,1.4700783491134644,-2.388000965118408,-1.106978178024292,2.1177027225494385,0.7287916541099548
-1.419913411140442,0.852098822593689,1.4836947917938232,-2.420736789703369,-1.0960372686386108,2.1386642456054688,0.7076449394226074
-1.4483215808868408,0.8306436538696289,1.4993751049041748,-2.453129768371582,-1.0861380100250244,2.1582753658294678,0.68649822473526
-1.4780486822128296,0.8109726905822754,1.517052173614502,-2.485201358795166,-1.077181100845337,2.176605701446533,0.6653515100479126
-1.5091191530227661,0.7930709719657898,1.5366615056991577,-2.51697039604187,-1.0690897703170776,2.193699836730957,0.6442047953605652
-1.5415419340133667,0.7769410014152527,1.5581313371658325,-2.548454761505127,-1.061797857284546,2.2095894813537598,0.6230580806732178
-1.5753110647201538,0.7626065611839294,1.5813827514648438,-2.579671621322632,-1.0552513599395752,2.224287509918213,0.6019113659858704
-1.6103951930999756,0.7501035928726196,1.606317162513733,-2.610637664794922,-1.0494053363800049,2.237797737121582,0.580764651298523
-1.6467437744140625,0.7394872307777405,1.6328202486038208,-2.6413686275482178,-1.0442235469818115,2.2501063346862793,0.5596179366111755
-1.6842771768569946,0.7308240532875061,1.6607507467269897,-2.6718788146972656,-1.039677381515503,2.26118803024292,0.5384711623191833
-1.7228902578353882,0.7241935133934021,1.6899423599243164,-2.702183485031128,-1.0357451438903809,2.2710044384002686,0.5173244476318359
-1.762447714805603,0.7196877002716064,1.720198392868042,-2.7322962284088135,-1.0324126482009888,2.279500961303711,0.4961777627468109
-1.7905828952789307,0.7131844758987427,1.723785638809204,-2.7346439361572266,-1.0270380973815918,2.2850522994995117,0.465905100107193
-1.8178324699401855,0.7068299651145935,1.726739764213562,-2.736318588256836,-1.0217355489730835,2.2903618812561035,0.4356324076652527
-1.8441625833511353,0.7005575299263,1.7290499210357666,-2.7373266220092773,-1.0164556503295898,2.2954792976379395,0.40535974502563477
-1.8695399761199951,0.6943038702011108,1.730706810951233,-2.737672805786133,-1.0111498832702637,2.30045223236084,0.37508705258369446
-1.8939343690872192,0.688014566898346,1.7317029237747192,-2.737363576889038,-1.0057742595672607,2.305321216583252,0.34481438994407654
-1.9173181056976318,0.6816412210464478,1.7320324182510376,-2.7364065647125244,-1.0002851486206055,2.31012225151062,0.31454169750213623
-1.9396650791168213,0.6751416325569153,1.731690526008606,-2.734809398651123,-0.9946421980857849,2.3148860931396484,0.2842690348625183
-1.9609500169754028,0.6684805750846863,1.7306715250015259,-2.7325801849365234,-0.988807201385498,2.319638967514038,0.253996342420578
-1.9811480045318604,0.6616273522377014,1.728969693183899,-2.7297286987304688,-0.9827427268028259,2.3244028091430664,0.22372367978096008
-2.000234603881836,0.654558539390564,1.7265740633010864,-2.7262635231018066,-0.976417064666748,2.329195022583008,0.19345101714134216
-2.0181870460510254,0.6472588181495667,1.7234773635864258,-2.7221949100494385,-0.9697996377944946,2.3340249061584473,0.16317832469940186
-2.034980297088623,0.6397145986557007,1.7196671962738037,-2.7175333499908447,-0.962861955165863,2.338902235031128,0.13290566205978394
-2.0505905151367188,0.6319209337234497,1.7151298522949219,-2.7122883796691895,-0.9555788636207581,2.3438286781311035,0.10263295471668243
-2.064990282058716,0.6238757371902466,1.7098464965820312,-2.7064707279205322,-0.9479284882545471,2.3488047122955322,0.07236028462648392
-2.078155040740967,0.615584135055542,1.7037981748580933,-2.7000913619995117,-0.9398912787437439,2.353825092315674,0.0420876145362854
-2.0900564193725586,0.6070536971092224,1.696961760520935,-2.693160057067871,-0.9314497113227844,2.358882188796997,0.011814944446086884
-2.100665330886841,0.5982964038848877,1.6893095970153809,-2.685688018798828,-0.9225890636444092,2.363966464996338,-0.018457725644111633
-2.109952926635742,0.5893294215202332,1.680814266204834,-2.677685022354126,-0.9132984280586243,2.369062900543213,-0.04873039573431015
-2.1178855895996094,0.5801703333854675,1.671440839767456,-2.669161319732666,-0.9035660028457642,2.3741581439971924,-0.07900306582450867
-2.1244301795959473,0.5708423256874084,1.6611535549163818,-2.660126209259033,-0.8933853507041931,2.3792343139648438,-0.10927573591470718
-2.1295504570007324,0.5613693594932556,1.6499125957489014,-2.6505892276763916,-0.8827499151229858,2.3842735290527344,-0.1395484060049057
-2.1332104206085205,0.5517781972885132,1.6376760005950928,-2.640559673309326,-0.8716562986373901,2.389256477355957,-0.169821098446846
-2.1353702545166016,0.5420974493026733,1.6243977546691895,-2.6300458908081055,-0.8601015210151672,2.394163131713867,-0.20009377598762512
-2.1359896659851074,0.5323576927185059,1.6100300550460815,-2.6190552711486816,-0.848085343837738,2.398972749710083,-0.23036643862724304
-2.135023832321167,0.5225893259048462,1.5945192575454712,-2.607595920562744,-0.8356066942214966,2.4036662578582764,-0.26063910126686096
-2.132429599761963,0.512825608253479,1.5778131484985352,-2.595674514770508,-0.8226683139801025,2.408222198486328,-0.29091185331344604
-2.128161668777466,0.5031010508537292,1.5598556995391846,-2.58329701423645,-0.8092723488807678,2.4126205444335938,-0.32118451595306396
-2.1221706867218018,0.49344906210899353,1.5405865907669067,-2.570469379425049,-0.795422375202179,2.4168434143066406,-0.3514572083950043
-2.114410638809204,0.4839058518409729,1.5199483633041382,-2.5571961402893066,-0.7811206579208374,2.420870780944824,-0.3817298710346222
-2.104832172393799,0.47450804710388184,1.4978793859481812,-2.5434820652008057,-0.7663736343383789,2.424685001373291,-0.4120025336742401
-2.093388319015503,0.46529293060302734,1.4743200540542603,-2.5293304920196533,-0.75118488073349,2.4282686710357666,-0.44227519631385803
-2.0800342559814453,0.45630037784576416,1.449211835861206,-2.5147440433502197,-0.7355617880821228,2.4316039085388184,-0.47254788875579834
-2.064723014831543,0.4475685954093933,1.4224945306777954,-2.499725103378296,-0.7195071578025818,2.4346768856048584,-0.5028205513954163
-2.0474164485931396,0.43913817405700684,1.3941158056259155,-2.4842748641967773,-0.703027606010437,2.437471389770508,-0.5330932140350342
-2.028079032897949,0.4310521185398102,1.364025592803955,-2.4683938026428223,-0.6861289143562317,2.4399731159210205,-0.5633658766746521
-2.006683349609375,0.42335182428359985,1.332181692123413,-2.4520819187164307,-0.668815553188324,2.442168951034546,-0.59363853931427
-1.9832124710083008,0.4160827398300171,1.2985515594482422,-2.4353384971618652,-0.6510933637619019,2.444045305252075,-0.6239112019538879
-1.9576597213745117,0.4092896282672882,1.2631118297576904,-2.418160915374756,-0.6329662203788757,2.445589542388916,-0.6541838645935059
-1.9300328493118286,0.40301913022994995,1.2258563041687012,-2.400547504425049,-0.6144388914108276,2.446789264678955,-0.6844565868377686
-1.9003558158874512,0.3973192274570465,1.1867918968200684,-2.3824939727783203,-0.5955157279968262,2.4476327896118164,-0.7147292494773865
-1.8686738014221191,0.39223596453666687,1.1459449529647827,-2.3639965057373047,-0.5761988162994385,2.4481089115142822,-0.7450019121170044
-1.83505117893219,0.3878187835216522,1.1033650636672974,-2.3450493812561035,-0.5564913749694824,2.4482054710388184,-0.7752745747566223
-1.799577236175537,0.38411542773246765,1.0591224431991577,-2.3256468772888184,-0.5363946557044983,2.447911262512207,-0.805547297000885
-1.7623658180236816,0.38117364048957825,1.0133121013641357,-2.3057808876037598,-0.5159096121788025,2.447214126586914,-0.8358199596405029
-1.7235554456710815,0.3790392279624939,0.9660536646842957,-2.2854440212249756,-0.4950367510318756,2.4461023807525635,-0.8660926222801208
-1.6833102703094482,0.37775686383247375,0.9174909591674805,-2.2646265029907227,-0.47377413511276245,2.4445629119873047,-0.8963652849197388
-1.6418124437332153,0.37736865878105164,0.8677852153778076,-2.2433180809020996,-0.4521186053752899,2.4425840377807617,-0.9266380071640015
-1.5992698669433594,0.37791377305984497,0.8171228170394897,-2.2215065956115723,-0.43006759881973267,2.440150737762451,-0.9569106698036194
-1.5559014081954956,0.3794291615486145,0.7656989097595215,-2.199179172515869,-0.40761399269104004,2.437248706817627,-0.9871833324432373
-1.5119366645812988,0.3819464445114136,0.713719367980957,-2.176321506500244,-0.38475263118743896,2.4338626861572266,-1.0174559354782104
-1.467606782913208,0.38549479842185974,0.6613896489143372,-2.1529173851013184,-0.36147210001945496,2.429975986480713,-1.0477286577224731
-1.4407789707183838,0.4914870858192444,0.6571370363235474,-2.005903959274292,-0.42206284403800964,2.360938549041748,-1.046726942062378
-1.430657982826233,0.6088925004005432,0.6821838021278381,-1.8465758562088013,-0.49476155638694763,2.2790894508361816,-1.0457252264022827
-1.4635246992111206,0.6248645782470703,0.7329016923904419,-1.8520052433013916,-0.5362311005592346,2.268923282623291,-1.0151410102844238
-1.494632363319397,0.642951488494873,0.7823550701141357,-1.8567593097686768,-0.5780462622642517,2.257162570953369,-0.9845566749572754
-1.5239465236663818,0.6632444262504578,0.8306047320365906,-1.8608458042144775,-0.6203098893165588,2.243692398071289,-0.9539723992347717
-1.5514549016952515,0.6858639717102051,0.877747118473053,-1.8642711639404297,-0.6631431579589844,2.2283706665039062,-0.9233881831169128
-1.5771616697311401,0.7109697461128235,0.923911988735199,-1.8670419454574585,-0.7066880464553833,2.2110233306884766,-0.8928039073944092
-1.6010847091674805,0.7387690544128418,0.9692670106887817,-1.8691632747650146,-0.7511143684387207,2.191434860229492,-0.8622196316719055
-1.623250961303711,0.7695308923721313,1.0140204429626465,-1.8706408739089966,-0.7966305613517761,2.1693363189697266,-0.8316353559494019
-1.6436916589736938,0.8036099672317505,1.0584304332733154,-1.8714784383773804,-0.8434982895851135,2.144386053085327,-0.8010510802268982
-1.6624411344528198,0.8414773941040039,1.102823257446289,-1.8716800212860107,-0.8920565247535706,2.116140127182007,-0.7704668045043945
-1.6795274019241333,0.8837708830833435,1.1476151943206787,-1.8712493181228638,-0.9427588582038879,2.084010124206543,-0.7398825287818909
-1.6949657201766968,0.9313863515853882,1.1933627128601074,-1.8701887130737305,-0.9962357878684998,2.047183036804199,-0.709298312664032
-1.7087465524673462,0.9856340289115906,1.2408499717712402,-1.8685005903244019,-1.0534162521362305,2.0044827461242676,-0.6787140369415283
-1.7208187580108643,1.0485706329345703,1.29128098487854,-1.8661863803863525,-1.115770936012268,1.9540828466415405,-0.6481297612190247
-1.6916717290878296,0.939001739025116,1.221988320350647,-1.905372142791748,-1.0185788869857788,2.04254150390625,-0.6769773960113525
-1.6603883504867554,0.8485690355300903,1.1644443273544312,-1.9430359601974487,-0.9357117414474487,2.1137824058532715,-0.7058250904083252
-1.6271729469299316,0.7707396745681763,1.1141127347946167,-1.979250431060791,-0.8617910742759705,2.1735122203826904,-0.7346727252006531
-1.5920027494430542,0.7020410299301147,1.0684709548950195,-2.01407527923584,-0.7939729690551758,2.224773406982422,-0.7635204195976257
-1.5547224283218384,0.6403616070747375,1.0258567333221436,-2.0475587844848633,-0.7305337190628052,2.269420862197876,-0.7923680543899536
-1.5150654315948486,0.5843033790588379,0.9850110411643982,-2.0797390937805176,-0.6703303456306458,2.3086891174316406,-0.8212157487869263
-1.472656488418579,0.5328854322433472,0.9448662400245667,-2.110647678375244,-0.6125590801239014,2.3434481620788574,-0.8500634431838989
-1.42699134349823,0.48539650440216064,0.9044126868247986,-2.1403074264526367,-0.5566274523735046,2.374335765838623,-0.8789110779762268
-1.3774006366729736,0.44130939245224,0.862598180770874,-2.168736457824707,-0.5020819306373596,2.40183687210083,-0.9077587127685547
-1.3230074644088745,0.40023601055145264,0.8182480931282043,-2.195945978164673,-0.4485699236392975,2.426325559616089,-0.9366063475608826
-1.262657642364502,0.36189690232276917,0.7699677348136902,-2.2219433784484863,-0.3958074450492859,2.4480948448181152,-0.9654540419578552
-1.194819688796997,0.3261144161224365,0.7160341739654541,-2.2467310428619385,-0.34356454014778137,2.4673800468444824,-0.9943016767501831
-1.1174792051315308,0.2928091883659363,0.6542676091194153,-2.270308494567871,-0.2916516959667206,2.4843647480010986,-1.0231493711471558
-1.1067132949829102,0.30024391412734985,0.6474065780639648,-2.2591233253479004,-0.29458123445510864,2.480010747909546,-1.0429754257202148
-1.0964887142181396,0.30775022506713867,0.6410859227180481,-2.2478699684143066,-0.2975895404815674,2.4755892753601074,-1.062801480293274
-1.086769938468933,0.3153282701969147,0.6352722644805908,-2.2365474700927734,-0.30067571997642517,2.471099615097046,-1.0826276540756226
-1.0775301456451416,0.3229762315750122,0.6299405097961426,-2.2251553535461426,-0.303841233253479,2.466540813446045,-1.1024537086486816
-1.0687395334243774,0.33069565892219543,0.6250633001327515,-2.213691473007202,-0.30708709359169006,2.4619126319885254,-1.1222797632217407
-1.0603735446929932,0.3384849727153778,0.6206181049346924,-2.202155113220215,-0.3104139268398285,2.457213878631592,-1.1421058177947998
-1.0524077415466309,0.34634432196617126,0.6165828704833984,-2.1905453205108643,-0.3138217329978943,2.4524435997009277,-1.1619319915771484
-1.0448176860809326,0.3542737066745758,0.6129351258277893,-2.1788604259490967,-0.3173106908798218,2.447601079940796,-1.1817580461502075
-1.0375887155532837,0.3622746467590332,0.6096627116203308,-2.1670989990234375,-0.32088613510131836,2.4426848888397217,-1.2015841007232666
-1.0306997299194336,0.3703473210334778,0.6067469716072083,-2.1552600860595703,-0.3245466947555542,2.4376935958862305,-1.2214101552963257
-1.02413010597229,0.378492146730423,0.6041696071624756,-2.143341541290283,-0.32829350233078003,2.4326274394989014,-1.2412363290786743
-1.017865538597107,0.3867102563381195,0.6019188761711121,-2.131342649459839,-0.33212798833847046,2.4274840354919434,-1.2610623836517334
-1.0118904113769531,0.395001620054245,0.5999835133552551,-2.1192612648010254,-0.3360516130924225,2.422262191772461,-1.2808884382247925
-1.0061894655227661,0.40336865186691284,0.5983474850654602,-2.107095956802368,-0.34006625413894653,2.4169607162475586,-1.3007144927978516
-1.0007503032684326,0.41181230545043945,0.5970028042793274,-2.0948452949523926,-0.34417375922203064,2.4115781784057617,-1.3205405473709106
-0.9955581426620483,0.42033353447914124,0.5959377288818359,-2.0825068950653076,-0.3483751714229584,2.406113624572754,-1.3403667211532593
-0.9906043410301208,0.4289339482784271,0.5951465368270874,-2.0700795650482178,-0.3526732921600342,2.400564432144165,-1.3601927757263184
-0.9858741164207458,0.43761658668518066,0.5946175456047058,-2.057560682296753,-0.35707005858421326,2.394929885864258,-1.3800188302993774
-0.9813600778579712,0.4463810324668884,0.5943465828895569,-2.0449490547180176,-0.36156705021858215,2.3892078399658203,-1.3998448848724365
-0.9770506620407104,0.4552312195301056,0.5943254232406616,-2.0322420597076416,-0.36616793274879456,2.383396625518799,-1.4196710586547852
-0.972938597202301,0.46416836977005005,0.5945503115653992,-2.019437789916992,-0.3708746135234833,2.3774938583374023,-1.4394971132278442
-0.9690131545066833,0.47319474816322327,0.5950141549110413,-2.00653338432312,-0.37568965554237366,2.371497631072998,-1.4593231678009033
-0.9652674198150635,0.4823141396045685,0.5957139134407043,-1.9935272932052612,-0.3806176483631134,2.3654062747955322,-1.4791492223739624
-0.9616931676864624,0.49152714014053345,0.5966453552246094,-1.9804162979125977,-0.38565918803215027,2.3592166900634766,-1.4989752769470215
-0.9582834243774414,0.5008379220962524,0.5978056192398071,-1.9671982526779175,-0.3908196985721588,2.3529269695281982,-1.5188013315200806
-0.9550309777259827,0.5102486610412598,0.5991921424865723,-1.9538702964782715,-0.39610230922698975,2.346534490585327,-1.5386275053024292
-0.9519294500350952,0.5197632312774658,0.6008028388023376,-1.9404295682907104,-0.4015101194381714,2.340036630630493,-1.5584535598754883
-0.9489733576774597,0.5293847918510437,0.6026373505592346,-1.9268728494644165,-0.4070487916469574,2.333430051803589,-1.5782796144485474
-0.9461556077003479,0.5391170978546143,0.6046938300132751,-1.9131977558135986,-0.41272181272506714,2.3267123699188232,-1.5981056690216064
-0.9434716105461121,0.5489631295204163,0.6069730520248413,-1.8994001150131226,-0.4185342788696289,2.3198800086975098,-1.6179317235946655
-0.9409161806106567,0.558927059173584,0.6094754338264465,-1.8854771852493286,-0.42449089884757996,2.312929630279541,-1.6377578973770142
-0.9384834170341492,0.569014310836792,0.612201452255249,-1.871424674987793,-0.4305979311466217,2.3058576583862305,-1.6575839519500732
-0.9361702799797058,0.5792279243469238,0.6151546239852905,-1.8572397232055664,-0.4368610382080078,2.2986598014831543,-1.6774101257324219
-0.9339705109596252,0.58957439661026,0.6183358430862427,-1.8429172039031982,-0.4432870149612427,2.291332483291626,-1.697236180305481
-0.9318800568580627,0.6000573039054871,0.6217477321624756,-1.8284538984298706,-0.4498818814754486,2.28387188911438,-1.71706223487854
-0.9298961162567139,0.6106831431388855,0.6253961324691772,-1.8138447999954224,-0.45665401220321655,2.2762718200683594,-1.7368882894515991
-0.928013265132904,0.6214573383331299,0.6292839646339417,-1.7990851402282715,-0.4636108875274658,2.268528461456299,-1.7567144632339478
-0.926227867603302,0.6323868632316589,0.6334165334701538,-1.784170389175415,-0.4707616865634918,2.260636568069458,-1.7765403985977173
-0.9245366454124451,0.6434770822525024,0.6378004550933838,-1.7690951824188232,-0.478115051984787,2.2525901794433594,-1.7963664531707764
-0.9229363799095154,0.6547362804412842,0.6424429416656494,-1.7538539171218872,-0.4856812357902527,2.2443830966949463,-1.816192626953125
-0.9214231371879578,0.6661720871925354,0.6473517417907715,-1.738440752029419,-0.49347177147865295,2.236009120941162,-1.836018681526184
-0.9199935793876648,0.677792489528656,0.6525353789329529,-1.7228491306304932,-0.5014984011650085,2.227461338043213,-1.8558447360992432
-0.9186455607414246,0.6896073818206787,0.6580057740211487,-1.7070728540420532,-0.5097755193710327,2.218731164932251,-1.8756707906723022
-0.9173751473426819,0.7016247510910034,0.6637728810310364,-1.6911050081253052,-0.5183151960372925,2.2098119258880615,-1.8954969644546509
-0.9161792993545532,0.7138558030128479,0.6698494553565979,-1.6749377250671387,-0.5271338820457458,2.2006940841674805,-1.91532301902771
-0.9150561094284058,0.7263128757476807,0.6762514114379883,-1.6585630178451538,-0.5362498760223389,2.1913676261901855,-1.935149073600769
-0.9140008687973022,0.7390075325965881,0.6829931139945984,-1.6419718265533447,-0.5456816554069519,2.1818230152130127,-1.9549751281738281
-0.9130129218101501,0.751952588558197,0.6900941133499146,-1.625156283378601,-0.5554489493370056,2.1720480918884277,-1.9748013019561768
-0.9120888113975525,0.7651640176773071,0.6975746750831604,-1.608105182647705,-0.565576434135437,2.1620306968688965,-1.9946273565292358
-0.9112251996994019,0.7786567807197571,0.7054563760757446,-1.5908091068267822,-0.5760886669158936,2.1517579555511475,-2.014453411102295
-0.9104207754135132,0.7924493551254272,0.7137668132781982,-1.5732555389404297,-0.5870144963264465,2.1412134170532227,-2.0342793464660645
-0.9096711874008179,0.8065615892410278,0.7225332260131836,-1.5554325580596924,-0.5983861088752747,2.1303813457489014,-2.054105520248413
-0.9089748859405518,0.8210148215293884,0.7317893505096436,-1.5373265743255615,-0.6102395057678223,2.1192429065704346,-2.0739316940307617
-0.9083292484283447,0.8358328342437744,0.7415717840194702,-1.5189237594604492,-0.6226144433021545,2.107778549194336,-2.0937576293945312
-0.9077308177947998,0.851043701171875,0.7519235014915466,-1.5002071857452393,-0.6355571746826172,2.095963954925537,-2.11358380317688
-0.9071773290634155,0.8666770458221436,0.7628921270370483,-1.4811606407165527,-0.6491192579269409,2.0837745666503906,-2.1334099769592285
-0.9066663980484009,0.8827691674232483,0.7745353579521179,-1.4617643356323242,-0.6633617877960205,2.0711796283721924,-2.153235912322998
-0.9061936140060425,0.8993566632270813,0.7869143486022949,-1.4419984817504883,-0.6783500909805298,2.05814790725708,-2.1730620861053467
-0.9057577848434448,0.9164864420890808,0.8001071810722351,-1.4218394756317139,-0.6941675543785095,2.0446393489837646,-2.192888021469116
-0.9053540229797363,0.9342100024223328,0.814199686050415,-1.4012622833251953,-0.7109039425849915,2.0306107997894287,-2.212714195251465
-0.9049795866012573,0.9525882601737976,0.8292961120605469,-1.3802380561828613,-0.7286705374717712,2.0160107612609863,-2.2325401306152344
-0.9046289920806885,0.9716911315917969,0.8455179333686829,-1.358736276626587,-0.7475952506065369,2.000779628753662,-2.252366542816162
-0.9042993187904358,0.9916054606437683,0.8630161285400391,-1.3367204666137695,-0.7678369283676147,1.98484468460083,-2.2721924781799316
-0.9039850831031799,1.01243257522583,0.8819702863693237,-1.3141515254974365,-0.7895839810371399,1.9681198596954346,-2.2920186519622803
-0.9036855697631836,1.0342957973480225,0.9026085138320923,-1.2909832000732422,-0.8130706548690796,1.9504990577697754,-2.31184458732605
