1.492414951324463,0.9880174398422241,-0.7797033786773682,-1.269141674041748,0.6965057253837585,1.9860501289367676,-1.6874935626983643
1.4866383075714111,0.9579524397850037,-0.7492567300796509,-1.3027276992797852,0.6631032228469849,2.009981155395508,-1.6620869636535645
1.4807449579238892,0.9296904802322388,-0.7216338515281677,-1.335066795349121,0.6326835751533508,2.0323448181152344,-1.6366803646087646
1.4747414588928223,0.9029600620269775,-0.6963297128677368,-1.366295337677002,0.6047226190567017,2.053370714187622,-1.6112737655639648
1.4686338901519775,0.8775506019592285,-0.6729608178138733,-1.3965246677398682,0.5788235664367676,2.0732359886169434,-1.585867166519165
1.462424874305725,0.8532946109771729,-0.6512261629104614,-1.4258501529693604,0.5546737313270569,2.092083215713501,-1.5604605674743652
1.4561161994934082,0.8300575613975525,-0.6308871507644653,-1.4543509483337402,0.5320270657539368,2.110025405883789,-1.5350539684295654
1.4497095346450806,0.8077263832092285,-0.611749529838562,-1.4820985794067383,0.5106831789016724,2.1271579265594482,-1.5096473693847656
1.4432034492492676,0.7862085700035095,-0.593652606010437,-1.5091516971588135,0.4904770255088806,2.143559694290161,-1.4842408895492554
1.4365992546081543,0.7654237151145935,-0.5764654278755188,-1.5355641841888428,0.4712742269039154,2.159296751022339,-1.4588342905044556
1.4298927783966064,0.7453055381774902,-0.5600725412368774,-1.5613822937011719,0.45295873284339905,2.174427032470703,-1.4334276914596558
1.4230839014053345,0.7257952094078064,-0.5443812608718872,-1.5866475105285645,0.4354360103607178,2.1889986991882324,-1.408021092414856
1.4161691665649414,0.7068424224853516,-0.5293079018592834,-1.6113964319229126,0.41862252354621887,2.2030539512634277,-1.3826144933700562
1.4091448783874512,0.688403308391571,-0.5147799849510193,-1.6356617212295532,0.40244773030281067,2.216630697250366,-1.3572078943252563
1.3847079277038574,0.6505011320114136,-0.4796629548072815,-1.6838467121124268,0.36557427048683167,2.2441201210021973,-1.3304979801177979
1.3590599298477173,0.6146048307418823,-0.44582000374794006,-1.7302472591400146,0.3307979702949524,2.2697200775146484,-1.3037879467010498
1.3320673704147339,0.5804638862609863,-0.4127544164657593,-1.7750470638275146,0.29772427678108215,2.2936460971832275,-1.2770780324935913
1.3035695552825928,0.5478800535202026,-0.38002464175224304,-1.818398118019104,0.26604163646698,2.3160696029663086,-1.2503679990768433
1.2733758687973022,0.5166952013969421,-0.34722015261650085,-1.8604297637939453,0.23549962043762207,2.3371284008026123,-1.2236580848693848
1.2412554025650024,0.4867830276489258,-0.31393423676490784,-1.901249885559082,0.20589128136634827,2.356937885284424,-1.1969480514526367
1.206930160522461,0.45804309844970703,-0.2797483503818512,-1.9409525394439697,0.17704182863235474,2.37559175491333,-1.1702381372451782
1.1700799465179443,0.43040069937705994,-0.24422892928123474,-1.9796173572540283,0.14881154894828796,2.3931682109832764,-1.1435281038284302
1.130306601524353,0.4037994146347046,-0.20688587427139282,-2.0173134803771973,0.12107221782207489,2.409731388092041,-1.1168181896209717
1.0871323347091675,0.3782050609588623,-0.16716571152210236,-2.0541012287139893,0.09371417760848999,2.4253361225128174,-1.0901081562042236
1.0399845838546753,0.3536035418510437,-0.12443675845861435,-2.0900330543518066,0.06664033979177475,2.4400267601013184,-1.0633982419967651
0.9881705641746521,0.33000439405441284,-0.0779566541314125,-2.125154733657837,0.03976478800177574,2.4538397789001465,-1.036688208580017
0.9308600425720215,0.3074442744255066,-0.02685629576444626,-2.159506320953369,0.013008283451199532,2.4668054580688477,-1.0099782943725586
0.788398265838623,0.36217960715293884,0.07753237336874008,-2.0739080905914307,-0.042264558374881744,2.4346508979797363,-1.0108011960983276
0.6759865880012512,0.42331063747406006,0.1583237498998642,-1.9806565046310425,-0.09571415185928345,2.396987199783325,-1.0116242170333862
0.5848867297172546,0.4905688464641571,0.2246904969215393,-1.8788994550704956,-0.14858561754226685,2.353424310684204,-1.0124471187591553
0.5092618465423584,0.5644810199737549,0.2833460569381714,-1.7672513723373413,-0.20252959430217743,2.303225517272949,-1.0132701396942139
0.4452382028102875,0.646439790725708,0.3398612141609192,-1.6434639692306519,-0.2599738836288452,2.24509596824646,-1.0140931606292725
0.39022669196128845,0.7391641139984131,0.40022486448287964,-1.5037329196929932,-0.32501664757728577,2.1767091751098633,-1.0149160623550415
0.2939857244491577,0.7309300303459167,0.49215009808540344,-1.5539050102233887,-0.3960449993610382,2.1842257976531982,-1.0186744928359985
0.1965543031692505,0.7295365333557129,0.5834752321243286,-1.600097417831421,-0.4666867256164551,2.1868896484375,-1.0224330425262451
0.09871512651443481,0.7351393103599548,0.6740109324455261,-1.6426945924758911,-0.5375754237174988,2.1845703125,-1.0261914730072021
0.001285222009755671,0.7480670809745789,0.7634961605072021,-1.6819936037063599,-0.6093088984489441,2.1769542694091797,-1.0299499034881592
-0.09494037926197052,0.7688578963279724,0.851710319519043,-1.7182283401489258,-0.6825151443481445,2.1635050773620605,-1.0337083339691162
-0.18921945989131927,0.7983399629592896,0.9385668039321899,-1.751584768295288,-0.7579207420349121,2.1433987617492676,-1.0374667644500732
-0.2808941900730133,0.8377857804298401,1.024235725402832,-1.7822130918502808,-0.8364614844322205,2.115388870239258,-1.0412253141403198
-0.36939480900764465,0.8892034292221069,1.1093063354492188,-1.8102357387542725,-0.9194726347923279,2.0775527954101562,-1.0449837446212769
-0.3320222496986389,0.8489044904708862,1.0534305572509766,-1.799728274345398,-0.8620083332061768,2.107720375061035,-1.0768405199050903
-0.2926481068134308,0.8136534690856934,0.9972823858261108,-1.7887508869171143,-0.80645751953125,2.1335792541503906,-1.1086971759796143
-0.25131064653396606,0.7827689051628113,0.9405038952827454,-1.7772847414016724,-0.7523598074913025,2.155776023864746,-1.1405539512634277
-0.2080581784248352,0.7557593584060669,0.8828447461128235,-1.7653095722198486,-0.6993749737739563,2.174788475036621,-1.1724106073379517
-0.16294953227043152,0.7322613000869751,0.824127197265625,-1.7528051137924194,-0.6472325921058655,2.1909821033477783,-1.2042673826217651
-0.1160723939538002,0.712009608745575,0.7642458081245422,-1.7397489547729492,-0.5957233905792236,2.2046360969543457,-1.236124038696289
-0.0675322636961937,0.6948022842407227,0.7031406760215759,-1.7261192798614502,-0.5446661114692688,2.215970039367676,-1.2679808139801025
-0.017461152747273445,0.6804917454719543,0.6407978534698486,-1.7118916511535645,-0.49390462040901184,2.225156307220459,-1.2998374700546265
0.0339791402220726,0.6689699292182922,0.5772460699081421,-1.6970415115356445,-0.44330012798309326,2.2323272228240967,-1.33169424533844
0.08659867197275162,0.6601602435112,0.5125501751899719,-1.6815422773361206,-0.3927236497402191,2.2375831604003906,-1.3635509014129639
0.14018571376800537,0.6540113091468811,0.44680026173591614,-1.6653666496276855,-0.3420521318912506,2.240999698638916,-1.3954076766967773
0.19450362026691437,0.6504928469657898,0.3801116347312927,-1.6484835147857666,-0.2911651134490967,2.2426252365112305,-1.4272643327713013
0.2493044137954712,0.6495918035507202,0.3126077353954315,-1.6308611631393433,-0.2399383783340454,2.242488145828247,-1.4591211080551147
0.21738207340240479,0.6274340748786926,0.32054245471954346,-1.67042875289917,-0.2417754977941513,2.258709669113159,-1.484918475151062
0.18378068506717682,0.606898307800293,0.33011898398399353,-1.7074315547943115,-0.2447293996810913,2.2736332416534424,-1.5107157230377197
0.14848582446575165,0.5879133343696594,0.34127962589263916,-1.7420272827148438,-0.24872304499149323,2.287339448928833,-1.536513090133667
0.11149504780769348,0.5704267621040344,0.3539729118347168,-1.7743422985076904,-0.2536928653717041,2.299891233444214,-1.5623104572296143
0.07282422482967377,0.5544038414955139,0.3681442141532898,-1.8044776916503906,-0.2595862150192261,2.3113410472869873,-1.5881078243255615
0.03251000866293907,0.5398204326629639,0.38373079895973206,-1.832515835762024,-0.2663559913635254,2.3217296600341797,-1.6139050722122192
-0.009389218874275684,0.5266631245613098,0.40065866708755493,-1.8585219383239746,-0.2739598751068115,2.3310906887054443,-1.6397024393081665
-0.052789244800806046,0.5149238705635071,0.4188375473022461,-1.8825496435165405,-0.28235864639282227,2.339451313018799,-1.6654998064041138
-0.09758086502552032,0.5046017169952393,0.43816161155700684,-1.9046412706375122,-0.2915163040161133,2.346832752227783,-1.691297173500061
-0.14362825453281403,0.4956972002983093,0.4585055708885193,-1.9248312711715698,-0.30139678716659546,2.353252410888672,-1.7170945405960083
-0.19076688587665558,0.4882138967514038,0.47972357273101807,-1.9431451559066772,-0.3119641840457916,2.3587231636047363,-1.742891788482666
-0.23880983889102936,0.4821546673774719,0.5016535520553589,-1.959605097770691,-0.32318392395973206,2.363255739212036,-1.7686891555786133
-0.2875464856624603,0.4775214195251465,0.5241169929504395,-1.974226474761963,-0.33501917123794556,2.3668575286865234,-1.794486403465271
-0.33674806356430054,0.47431403398513794,0.5469227433204651,-1.9870226383209229,-0.3474331200122833,2.369534969329834,-1.8202838897705078
-0.38617774844169617,0.4725295603275299,0.5698778629302979,-1.9980032444000244,-0.3603903651237488,2.371290683746338,-1.8460811376571655
-0.43558838963508606,0.4721622169017792,0.5927841067314148,-2.0071754455566406,-0.3738518953323364,2.3721280097961426,-1.8718785047531128
-0.48473620414733887,0.47320082783699036,0.6154510378837585,-2.0145459175109863,-0.38778066635131836,2.3720481395721436,-1.8976757526397705
-0.5333850979804993,0.4756328761577606,0.637701153755188,-2.02011775970459,-0.4021390676498413,2.3710503578186035,-1.9234732389450073
-0.5813121199607849,0.47944021224975586,0.6593734622001648,-2.0238964557647705,-0.4168897271156311,2.3691349029541016,-1.949270486831665
-0.6283159255981445,0.48460501432418823,0.6803322434425354,-2.0258841514587402,-0.431997686624527,2.3662993907928467,-1.9750678539276123
-0.6742160320281982,0.4911037087440491,0.7004654407501221,-2.026083469390869,-0.44742754101753235,2.362541437149048,-2.0008652210235596
-0.7188578248023987,0.49891433119773865,0.7196900248527527,-2.0244967937469482,-0.46314799785614014,2.3578574657440186,-2.026662588119507
-0.7621139287948608,0.5080132484436035,0.7379512786865234,-2.021127223968506,-0.47912850975990295,2.352245330810547,-2.052459955215454
-0.8038854598999023,0.5183777213096619,0.7552263736724854,-2.0159752368927,-0.4953453540802002,2.3456974029541016,-2.0782570838928223
-0.844095766544342,0.5299859642982483,0.7715150713920593,-2.009042263031006,-0.5117758512496948,2.338209629058838,-2.1040546894073486
-0.8826969861984253,0.5428181290626526,0.7868478894233704,-2.0003294944763184,-0.5284052491188049,2.3297741413116455,-2.129851818084717
-0.9196574091911316,0.5568588376045227,0.8012731671333313,-1.9898351430892944,-0.5452236533164978,2.3203821182250977,-2.155649185180664
-0.9549674987792969,0.5720945000648499,0.8148627877235413,-1.9775575399398804,-0.5622279644012451,2.3100228309631348,-2.1814465522766113
