1.413389801979065,1.1960861682891846,-1.3700374364852905,-1.7792280912399292,1.2336254119873047,1.8310188055038452,-2.639315128326416
1.3920854330062866,1.124245047569275,-1.31894052028656,-1.7926230430603027,1.168351173400879,1.8904857635498047,-2.614877939224243
1.3696317672729492,1.0636851787567139,-1.2748388051986694,-1.805522084236145,1.1119747161865234,1.9400416612625122,-2.5904407501220703
1.3462249040603638,1.0108237266540527,-1.2352566719055176,-1.817931890487671,1.0614838600158691,1.9827998876571655,-2.5660035610198975
1.3219685554504395,0.9636838436126709,-1.1988272666931152,-1.8298580646514893,1.015224575996399,2.0204854011535645,-2.5415663719177246
1.2969048023223877,0.9210390448570251,-1.1646857261657715,-1.8413059711456299,0.9721804261207581,2.0541718006134033,-2.517129421234131
1.271052598953247,0.8820587396621704,-1.1322379112243652,-1.8522803783416748,0.9316648840904236,2.0845885276794434,-2.492692232131958
1.244414210319519,0.8461543321609497,-1.1010509729385376,-1.8627859354019165,0.8931947350502014,2.1122570037841797,-2.468255043029785
1.2169839143753052,0.8128910064697266,-1.0707955360412598,-1.8728249073028564,0.8564128279685974,2.137563705444336,-2.4438178539276123
1.188746452331543,0.781933069229126,-1.04120671749115,-1.882401943206787,0.8210451006889343,2.1608097553253174,-2.4193806648254395
1.1596821546554565,0.7530184984207153,-1.0120675563812256,-1.8915190696716309,0.7868766784667969,2.182231903076172,-2.3949434757232666
1.1297670602798462,0.7259405851364136,-0.983195424079895,-1.900179147720337,0.7537385821342468,2.2020201683044434,-2.3705062866210938
1.0989739894866943,0.7005288004875183,-0.9544311761856079,-1.9083839654922485,0.7214900255203247,2.220332622528076,-2.346069097518921
1.067274570465088,0.6766453981399536,-0.9256367683410645,-1.916135311126709,0.6900169253349304,2.237299680709839,-2.321632146835327
1.0346384048461914,0.6541755199432373,-0.896687388420105,-1.9234356880187988,0.6592221260070801,2.2530317306518555,-2.2971949577331543
1.001035213470459,0.6330246329307556,-0.8674718737602234,-1.930285930633545,0.6290251016616821,2.26762318611145,-2.2727577686309814
0.9664335250854492,0.6131141781806946,-0.8378886580467224,-1.9366867542266846,0.5993558764457703,2.281154155731201,-2.2483205795288086
0.9308043718338013,0.5943782329559326,-0.8078463673591614,-1.9426398277282715,0.5701560378074646,2.2936949729919434,-2.2238833904266357
0.8941203355789185,0.5767619013786316,-0.7772617936134338,-1.948146104812622,0.5413724780082703,2.3053066730499268,-2.199446201324463
0.8563555479049683,0.5602207779884338,-0.746059775352478,-1.9532053470611572,0.5129613876342773,2.316042184829712,-2.17500901222229
0.8174901604652405,0.5447168350219727,-0.7141744494438171,-1.9578192234039307,0.48488277196884155,2.325949192047119,-2.150571823120117
0.7775064706802368,0.5302212834358215,-0.6815475225448608,-1.9619874954223633,0.4571019411087036,2.335068941116333,-2.1261346340179443
0.7363970875740051,0.5167093873023987,-0.6481330394744873,-1.9657111167907715,0.4295881390571594,2.343437671661377,-2.1016974449157715
0.6941572427749634,0.5041635036468506,-0.6138912439346313,-1.968989610671997,0.40231382846832275,2.351088523864746,-2.0772602558135986
0.6507964730262756,0.4925694763660431,-0.5787988305091858,-1.9718236923217773,0.3752548098564148,2.3580496311187744,-2.052823305130005
0.6063291430473328,0.48191702365875244,-0.5428386330604553,-1.9742138385772705,0.348388135433197,2.3643476963043213,-2.028386116027832
0.560783863067627,0.4722003638744354,-0.5060107707977295,-1.9761592149734497,0.32169413566589355,2.370004653930664,-2.003948926925659
0.5142027139663696,0.4634151756763458,-0.46832916140556335,-1.9776606559753418,0.29515472054481506,2.3750405311584473,-1.9795117378234863
0.4666387438774109,0.4555603861808777,-0.42982015013694763,-1.9787179231643677,0.2687528431415558,2.3794736862182617,-1.955074667930603
0.4181598424911499,0.44863590598106384,-0.39052659273147583,-1.9793312549591064,0.2424732744693756,2.383319854736328,-1.9306374788284302
0.368848592042923,0.4426437020301819,-0.3505045473575592,-1.9794996976852417,0.21630169451236725,2.386591911315918,-1.9062002897262573
0.31880155205726624,0.43758425116539,-0.3098294138908386,-1.9792243242263794,0.19022436439990997,2.3893022537231445,-1.8817631006240845
0.20942384004592896,0.42285317182540894,-0.21041427552700043,-1.9871357679367065,0.1269119530916214,2.3976824283599854,-1.851086974143982
0.09583598375320435,0.41279175877571106,-0.10744296759366989,-1.9937433004379272,0.06397008895874023,2.403395175933838,-1.8204108476638794
-0.020576808601617813,0.4074694514274597,-0.0021049492061138153,-1.9990484714508057,0.0012438171543180943,2.4065165519714355,-1.7897347211837769
-0.1381390243768692,0.40693533420562744,0.10411114245653152,-2.003054141998291,-0.06140948086977005,2.407081127166748,-1.7590585947036743
-0.2550511956214905,0.41120654344558716,0.20958897471427917,-2.005763053894043,-0.12412796169519424,2.4050817489624023,-1.7283825874328613
-0.36958375573158264,0.42026761174201965,0.3127833306789398,-2.0071773529052734,-0.18705083429813385,2.4004697799682617,-1.6977064609527588
-0.48025262355804443,0.4340803623199463,0.41240057349205017,-2.0073015689849854,-0.250323623418808,2.3931539058685303,-1.6670302152633667
-0.585935115814209,0.45260950922966003,0.507519543170929,-2.006139039993286,-0.31410515308380127,2.382993698120117,-1.6363540887832642
-0.6859140992164612,0.4758511185646057,0.5976436138153076,-2.003695011138916,-0.3785773515701294,2.3697922229766846,-1.6056780815124512
-0.7798450589179993,0.5038695335388184,0.6826755404472351,-1.9999735355377197,-0.44395551085472107,2.3532838821411133,-1.5750019550323486
-0.8676894307136536,0.5368312001228333,0.7628634572029114,-1.9949809312820435,-0.510503351688385,2.3331165313720703,-1.544325828552246
-0.9496262669563293,0.5750458836555481,0.8387293219566345,-1.988722324371338,-0.5785521864891052,2.3088252544403076,-1.5136497020721436
-1.0259730815887451,0.619020938873291,0.9110177755355835,-1.9812040328979492,-0.6485352516174316,2.279788017272949,-1.482973575592041
-1.1351176500320435,0.6146894693374634,1.0007829666137695,-2.056666851043701,-0.699452817440033,2.287226438522339,-1.4649442434310913
-1.2456903457641602,0.6181060075759888,1.0905206203460693,-2.1285901069641113,-0.7517575025558472,2.2896692752838135,-1.4469149112701416
-1.3561476469039917,0.6299008727073669,1.1786606311798096,-2.197361946105957,-0.8057965040206909,2.286555767059326,-1.428885579109192
-1.4648550748825073,0.6509606838226318,1.2635221481323242,-2.263284206390381,-0.8619773983955383,2.2770028114318848,-1.4108562469482422
-1.5702236890792847,0.6825640201568604,1.3434542417526245,-2.3265938758850098,-0.9208106398582458,2.259669303894043,-1.392826795578003
-1.6708101034164429,0.7266428470611572,1.416944980621338,-2.387472629547119,-0.9829766750335693,2.2325119972229004,-1.3747974634170532
-1.7653603553771973,0.7862722873687744,1.4826854467391968,-2.4460582733154297,-1.0494519472122192,2.1923344135284424,-1.3567681312561035
-1.8527700901031494,0.866686224937439,1.5395792722702026,-2.502450704574585,-1.1217981576919556,2.133840560913086,-1.3387389183044434
-1.9318946599960327,0.9776827096939087,1.5867024660110474,-2.5567145347595215,-1.2028822898864746,2.0473897457122803,-1.320709466934204
-2.000944137573242,1.1412203311920166,1.6232911348342896,-2.608881950378418,-1.2994189262390137,1.911921501159668,-1.3026801347732544
-2.0102763175964355,1.1433037519454956,1.6212871074676514,-2.60347056388855,-1.3003952503204346,1.9097057580947876,-1.3304389715194702
-2.019272565841675,1.1450231075286865,1.6191927194595337,-2.5978095531463623,-1.3011655807495117,1.9077937602996826,-1.3581976890563965
-2.0279321670532227,1.146364450454712,1.617004156112671,-2.591902017593384,-1.3017208576202393,1.9061983823776245,-1.3859565258026123
-2.036255359649658,1.1473164558410645,1.6147183179855347,-2.585751533508301,-1.3020522594451904,1.904929518699646,-1.4137152433395386
-2.044241189956665,1.14786958694458,1.6123312711715698,-2.5793609619140625,-1.302152156829834,1.9039957523345947,-1.4414740800857544
-2.051889419555664,1.148017168045044,1.6098377704620361,-2.5727343559265137,-1.3020142316818237,1.9034028053283691,-1.4692327976226807
-2.059199810028076,1.1477560997009277,1.6072334051132202,-2.5658740997314453,-1.3016325235366821,1.903153657913208,-1.4969916343688965
-2.0661706924438477,1.1470842361450195,1.6045118570327759,-2.558784008026123,-1.3010021448135376,1.903249740600586,-1.5247504711151123
-2.0728018283843994,1.1460044384002686,1.6016684770584106,-2.551466703414917,-1.300120234489441,1.903688669204712,-1.5525091886520386
-2.079092502593994,1.144516944885254,1.5986969470977783,-2.5439257621765137,-1.298981785774231,1.9044691324234009,-1.5802680253982544
-2.085040330886841,1.1426292657852173,1.595590353012085,-2.536163806915283,-1.29758620262146,1.9055848121643066,-1.6080267429351807
-2.090644598007202,1.1403489112854004,1.5923430919647217,-2.5281834602355957,-1.2959308624267578,1.9070285558700562,-1.6357855796813965
-2.0959038734436035,1.1376864910125732,1.5889489650726318,-2.5199878215789795,-1.2940161228179932,1.9087902307510376,-1.6635444164276123
-2.100816488265991,1.1346544027328491,1.5854018926620483,-2.5115795135498047,-1.291841983795166,1.910858154296875,-1.6913032531738281
-2.1053810119628906,1.131269097328186,1.5816948413848877,-2.502960681915283,-1.2894114255905151,1.913218379020691,-1.7190619707107544
-2.1095962524414062,1.1275439262390137,1.5778229236602783,-2.4941341876983643,-1.286724328994751,1.9158576726913452,-1.7468208074569702
-2.1134588718414307,1.1234941482543945,1.5737783908843994,-2.4851021766662598,-1.283782720565796,1.9187629222869873,-1.7745795249938965
-2.1169681549072266,1.119140386581421,1.569556474685669,-2.4758667945861816,-1.2805906534194946,1.92191481590271,-1.8023383617401123
-2.1201224327087402,1.1145037412643433,1.5651519298553467,-2.466430187225342,-1.2771527767181396,1.9252943992614746,-1.8300970792770386
-2.122920036315918,1.1096020936965942,1.5605584383010864,-2.456794261932373,-1.2734715938568115,1.9288866519927979,-1.8578559160232544
-2.125358819961548,1.104457139968872,1.555771827697754,-2.44696044921875,-1.2695521116256714,1.9326705932617188,-1.8856147527694702
-2.127437114715576,1.099090576171875,1.5507863759994507,-2.4369306564331055,-1.2653993368148804,1.9366283416748047,-1.9133734703063965
-2.1291542053222656,1.0935256481170654,1.5455988645553589,-2.426706552505493,-1.2610197067260742,1.9407389163970947,-1.9411321878433228
-2.130507707595825,1.0877805948257446,1.5402038097381592,-2.4162890911102295,-1.2564164400100708,1.9449857473373413,-1.9688910245895386
-2.1314969062805176,1.081879734992981,1.5345978736877441,-2.405679702758789,-1.251596212387085,1.9493482112884521,-1.9966498613357544
-2.1321206092834473,1.0758452415466309,1.5287775993347168,-2.3948793411254883,-1.2465654611587524,1.9538064002990723,-2.0244085788726807
-2.1323773860931396,1.0696961879730225,1.522739291191101,-2.3838891983032227,-1.2413285970687866,1.9583443403244019,-2.0521674156188965
-2.1322669982910156,1.0634543895721436,1.5164804458618164,-2.3727095127105713,-1.2358921766281128,1.9629426002502441,-2.0799262523651123
-2.1317849159240723,1.0571410655975342,1.5099962949752808,-2.3613409996032715,-1.2302632331848145,1.9675825834274292,-2.107685089111328
-2.1309380531311035,1.050776481628418,1.5032885074615479,-2.3497843742370605,-1.224446177482605,1.9722492694854736,-2.135443687438965
-2.1297221183776855,1.0443780422210693,1.496353030204773,-2.3380393981933594,-1.2184467315673828,1.9769258499145508,-2.1632025241851807
-2.128138542175293,1.0379672050476074,1.48918879032135,-2.326106548309326,-1.2122716903686523,1.981595516204834,-2.1909613609313965
-2.1261849403381348,1.0315576791763306,1.481792688369751,-2.3139853477478027,-1.2059248685836792,1.9862465858459473,-2.2187201976776123
-2.12386417388916,1.0251716375350952,1.474165678024292,-2.301676034927368,-1.1994147300720215,1.9908607006072998,-2.246479034423828
-2.121175765991211,1.018823266029358,1.4663059711456299,-2.289177656173706,-1.192744493484497,1.9954259395599365,-2.274237871170044
-2.1181204319000244,1.012528419494629,1.4582128524780273,-2.276489496231079,-1.1859210729599,1.9999300241470337,-2.3019964694976807
-2.114698886871338,1.006300687789917,1.449885368347168,-2.263611078262329,-1.1789474487304688,2.004362106323242,-2.3297553062438965
