0.2375584989786148,1.1566983461380005,1.0956426858901978,-1.2644810676574707,-1.011195421218872,1.8524895906448364,-1.037233829498291
0.25108325481414795,1.1334643363952637,1.0626006126403809,-1.2709167003631592,-0.9764896035194397,1.8713220357894897,-1.017595648765564
0.264790415763855,1.1118476390838623,1.0312883853912354,-1.2772016525268555,-0.9437637329101562,1.8887717723846436,-0.9979574680328369
0.2786683738231659,1.0916242599487305,1.0014252662658691,-1.2833378314971924,-0.9127131104469299,1.9050297737121582,-0.9783192873001099
0.2927110493183136,1.0726184844970703,0.972788393497467,-1.2893290519714355,-0.883097231388092,1.920248031616211,-0.9586811065673828
0.3069118559360504,1.0546903610229492,0.9452030062675476,-1.295177936553955,-0.8547267317771912,1.9345465898513794,-0.9390429258346558
0.3212679922580719,1.037728190422058,0.918526828289032,-1.3008854389190674,-0.8274480700492859,1.9480221271514893,-0.9194047451019287
0.3357742726802826,1.0216401815414429,0.8926450610160828,-1.3064556121826172,-0.8011367917060852,1.9607537984848022,-0.8997665643692017
0.350431889295578,1.0063505172729492,0.8674570918083191,-1.311889410018921,-0.7756881713867188,1.9728078842163086,-0.8801283836364746
0.36523011326789856,0.9917920827865601,0.8428878784179688,-1.3171894550323486,-0.7510137557983398,1.9842414855957031,-0.8604902029037476
0.38016998767852783,0.9779099225997925,0.8188642859458923,-1.3223576545715332,-0.7270379066467285,1.9951024055480957,-0.8408520221710205
0.39525023102760315,0.964657723903656,0.7953236103057861,-1.3273961544036865,-0.7036960124969482,2.0054328441619873,-0.8212139010429382
0.4104686975479126,0.951992928981781,0.7722179889678955,-1.332305908203125,-0.6809298992156982,2.015268325805664,-0.8015756607055664
0.42582374811172485,0.9398798942565918,0.7494989037513733,-1.3370893001556396,-0.6586913466453552,2.024641752243042,-0.7819375395774841
0.4413141906261444,0.9282870888710022,0.7271255254745483,-1.341747522354126,-0.6369365453720093,2.033580780029297,-0.7622992992401123
0.45693767070770264,0.9171862006187439,0.7050630450248718,-1.3462822437286377,-0.6156260371208191,2.042109966278076,-0.74266117811203
0.47269299626350403,0.9065524935722351,0.6832788586616516,-1.3506951332092285,-0.5947250127792358,2.050252676010132,-0.7230229377746582
0.4885771870613098,0.896363377571106,0.6617461442947388,-1.3549871444702148,-0.5742037892341614,2.0580272674560547,-0.7033847570419312
0.5045908093452454,0.8865991234779358,0.6404373645782471,-1.3591599464416504,-0.5540323257446289,2.065453052520752,-0.6837466359138489
0.5207309126853943,0.8772416114807129,0.6193305253982544,-1.3632142543792725,-0.534186601638794,2.0725460052490234,-0.6641084551811218
0.5369953513145447,0.8682758212089539,0.5984059572219849,-1.367152214050293,-0.514642596244812,2.079319953918457,-0.64447021484375
0.5533835887908936,0.859686017036438,0.5776430368423462,-1.3709735870361328,-0.495380699634552,2.085789680480957,-0.6248320937156677
0.5698923468589783,0.8514599800109863,0.5570268630981445,-1.374680519104004,-0.4763801097869873,2.091966390609741,-0.6051939129829407
0.5865200757980347,0.8435846567153931,0.5365413427352905,-1.3782737255096436,-0.45762404799461365,2.0978615283966064,-0.5855556726455688
0.603265643119812,0.8360498547554016,0.5161712765693665,-1.381753921508789,-0.43909502029418945,2.103485584259033,-0.5659175515174866
0.6201253533363342,0.8288456797599792,0.49590635299682617,-1.385122299194336,-0.42077958583831787,2.108847141265869,-0.5462793707847595
0.6370970010757446,0.821962296962738,0.475734144449234,-1.3883802890777588,-0.40266168117523193,2.1139559745788574,-0.5266411900520325
0.654179036617279,0.8153924942016602,0.4556441605091095,-1.3915271759033203,-0.38473039865493774,2.1188182830810547,-0.5070030093193054
0.6713680624961853,0.8091285824775696,0.4356269836425781,-1.3945651054382324,-0.3669719696044922,2.1234426498413086,-0.48736482858657837
0.6424781084060669,0.7903177738189697,0.4611538350582123,-1.437950611114502,-0.3843719959259033,2.1383187770843506,-0.4600977897644043
0.612973153591156,0.7728397846221924,0.4870307147502899,-1.4794952869415283,-0.40169018507003784,2.1521401405334473,-0.4328307807445526
0.5828468203544617,0.7565871477127075,0.5132746696472168,-1.5194165706634521,-0.4189424216747284,2.165005922317505,-0.40556374192237854
0.5520933270454407,0.7414771318435669,0.5399023294448853,-1.5578899383544922,-0.43614840507507324,2.1769919395446777,-0.37829670310020447
0.5207118988037109,0.7274426817893982,0.5669239163398743,-1.595062494277954,-0.45332324504852295,2.1881628036499023,-0.3510296642780304
0.48870185017585754,0.7144325375556946,0.5943493247032166,-1.631056785583496,-0.47048312425613403,2.1985692977905273,-0.3237626552581787
0.4560660719871521,0.7024057507514954,0.6221835017204285,-1.6659772396087646,-0.4876445233821869,2.208253860473633,-0.29649561643600464
0.4228115677833557,0.6913309693336487,0.650425910949707,-1.699913501739502,-0.5048210024833679,2.2172513008117676,-0.26922857761383057
0.38894718885421753,0.6811843514442444,0.6790769100189209,-1.7329427003860474,-0.5220270156860352,2.225588321685791,-0.2419615536928177
0.35448718070983887,0.6719489097595215,0.7081233859062195,-1.765132188796997,-0.5392779111862183,2.233287811279297,-0.2146945297718048
0.3194500207901001,0.6636142134666443,0.7375531196594238,-1.7965415716171265,-0.5565848350524902,2.2403676509857178,-0.18742749094963074
0.2838580906391144,0.6561729907989502,0.7673476934432983,-1.8272218704223633,-0.5739625096321106,2.2468395233154297,-0.16016046702861786
0.2477385699748993,0.6496235728263855,0.7974830865859985,-1.8572205305099487,-0.591422975063324,2.252714157104492,-0.13289344310760498
0.2548637092113495,0.6421341896057129,0.7858514189720154,-1.8602869510650635,-0.5800115466117859,2.2578859329223633,-0.11497026681900024
0.2620898187160492,0.6347998976707458,0.7741987705230713,-1.8633230924606323,-0.5686846971511841,2.2629263401031494,-0.09704709053039551
0.2694183588027954,0.6276169419288635,0.7625202536582947,-1.8663288354873657,-0.5574377775192261,2.267838954925537,-0.07912392169237137
0.27685075998306274,0.6205822229385376,0.7508118748664856,-1.8693046569824219,-0.5462691187858582,2.272627592086792,-0.061200737953186035
0.28438761830329895,0.6136916875839233,0.7390699982643127,-1.8722505569458008,-0.5351751446723938,2.2772953510284424,-0.0432775653898716
0.2920309901237488,0.6069434285163879,0.7272904515266418,-1.8751660585403442,-0.5241525173187256,2.2818455696105957,-0.02535439468920231
0.2997814416885376,0.6003336906433105,0.7154701352119446,-1.8780522346496582,-0.5132001638412476,2.286280870437622,-0.007431215140968561
0.3076395094394684,0.5938596725463867,0.7036058902740479,-1.880908489227295,-0.5023146867752075,2.2906041145324707,0.010491965338587761
0.31560805439949036,0.5875201225280762,0.691693127155304,-1.883734941482544,-0.4914930760860443,2.294818162918091,0.028415128588676453
0.32368654012680054,0.5813108682632446,0.6797296404838562,-1.886531949043274,-0.48073408007621765,2.2989258766174316,0.04633830860257149
0.33187636733055115,0.5752312541007996,0.6677124500274658,-1.8892996311187744,-0.47003576159477234,2.302929162979126,0.06426148861646652
0.3401791453361511,0.5692777037620544,0.6556375026702881,-1.892038106918335,-0.45939430594444275,2.306831121444702,0.08218465000391006
0.3485950827598572,0.5634493231773376,0.6435033679008484,-1.894747257232666,-0.44880926609039307,2.3106331825256348,0.10010784864425659
0.3571263551712036,0.5577440857887268,0.6313056349754333,-1.8974272012710571,-0.43827831745147705,2.314337968826294,0.11803101003170013
0.3657727539539337,0.5521599054336548,0.6190427541732788,-1.9000779390335083,-0.4277995228767395,2.3179473876953125,0.13595417141914368
0.3745359480381012,0.5466955900192261,0.6067116856575012,-1.9026998281478882,-0.4173716604709625,2.3214638233184814,0.1538773775100708
0.38341599702835083,0.5413490533828735,0.5943103432655334,-1.9052927494049072,-0.40699195861816406,2.3248889446258545,0.17180055379867554
0.39241349697113037,0.5361189842224121,0.5818369388580322,-1.9078569412231445,-0.396659791469574,2.328223705291748,0.18972370028495789
0.40153050422668457,0.5310045480728149,0.5692858695983887,-1.9103924036026,-0.38637295365333557,2.3314712047576904,0.207646906375885
0.4107665419578552,0.5260040760040283,0.5566601753234863,-1.9128990173339844,-0.376130610704422,2.334632396697998,0.22557006776332855
0.42012205719947815,0.5211163759231567,0.54395592212677,-1.9153773784637451,-0.36593079566955566,2.3377089500427246,0.24349327385425568
0.42959731817245483,0.5163401365280151,0.5311715602874756,-1.9178273677825928,-0.3557727038860321,2.3407022953033447,0.26141640543937683
0.4391942620277405,0.5116752982139587,0.5183036923408508,-1.9202487468719482,-0.345653772354126,2.343614339828491,0.27933961153030396
0.448912113904953,0.5071201920509338,0.5053520798683167,-1.9226418733596802,-0.3355737030506134,2.3464465141296387,0.2972627580165863
0.4587502181529999,0.5026741027832031,0.4923158884048462,-1.9250068664550781,-0.3255314528942108,2.3491992950439453,0.31518593430519104
0.46870937943458557,0.498336523771286,0.47919347882270813,-1.9273436069488525,-0.3155255615711212,2.351874589920044,0.33310914039611816
0.4787905216217041,0.494106262922287,0.4659823775291443,-1.9296520948410034,-0.3055538535118103,2.35447359085083,0.3510322868824005
0.488992303609848,0.48998260498046875,0.4526832103729248,-1.9319329261779785,-0.29561686515808105,2.3569977283477783,0.36895546317100525
0.49931490421295166,0.485965758562088,0.4392944872379303,-1.9341853857040405,-0.2857123017311096,2.359447717666626,0.38687863945961
0.5097567439079285,0.48205435276031494,0.42581692337989807,-1.9364101886749268,-0.2758404612541199,2.3618249893188477,0.40480178594589233
0.520318329334259,0.47824811935424805,0.4122487008571625,-1.9386072158813477,-0.26599907875061035,2.3641300201416016,0.42272499203681946
0.5310000777244568,0.47454676032066345,0.3985886573791504,-1.9407765865325928,-0.2561866044998169,2.3663647174835205,0.4406481981277466
0.5417999625205994,0.47095009684562683,0.3848377764225006,-1.942918300628662,-0.24640369415283203,2.368529796600342,0.45857134461402893
0.5527162551879883,0.46745702624320984,0.3709968030452728,-1.9450324773788452,-0.23664844036102295,2.3706252574920654,0.47649455070495605
0.5637490749359131,0.4640679359436035,0.35706502199172974,-1.947119116783142,-0.22692081332206726,2.372653007507324,0.4944176971912384
0.5748971700668335,0.46078285574913025,0.3430423438549042,-1.9491782188415527,-0.21721875667572021,2.3746137619018555,0.5123408436775208
0.5861586928367615,0.4576002061367035,0.328930139541626,-1.9512100219726562,-0.20754246413707733,2.3765082359313965,0.5302640795707703
0.5975316762924194,0.4545210599899292,0.31472909450531006,-1.9532145261764526,-0.1978902965784073,2.3783366680145264,0.548187255859375
0.609014630317688,0.4515445828437805,0.30044031143188477,-1.9551918506622314,-0.1882622092962265,2.380100965499878,0.5661104321479797
0.620606541633606,0.44867125153541565,0.2860638499259949,-1.957141637802124,-0.1786564737558365,2.381800651550293,0.5840335488319397
0.632304310798645,0.4459005892276764,0.2716018855571747,-1.9590647220611572,-0.16907350718975067,2.3834376335144043,0.6019567847251892
0.6441054940223694,0.4432319402694702,0.25705641508102417,-1.9609605073928833,-0.15951135754585266,2.3850111961364746,0.619879961013794
0.6560081839561462,0.4406664967536926,0.24242819845676422,-1.9628294706344604,-0.14997044205665588,2.3865232467651367,0.6378030776977539
0.6680092811584473,0.4382031261920929,0.22771981358528137,-1.9646714925765991,-0.14044949412345886,2.3879733085632324,0.6557262539863586
0.6801062822341919,0.4358423054218292,0.21293291449546814,-1.9664865732192993,-0.13094709813594818,2.389362335205078,0.6736494302749634
0.6922956109046936,0.43358394503593445,0.19807061553001404,-1.9682749509811401,-0.1214645653963089,2.390691041946411,0.6915726661682129
0.7045748829841614,0.43142783641815186,0.1831343173980713,-1.970036506652832,-0.11199896037578583,2.3919599056243896,0.7094958424568176
0.7169404029846191,0.4293745756149292,0.1681271642446518,-1.971771478652954,-0.10255161672830582,2.393169641494751,0.7274189591407776
0.7293888330459595,0.4274232089519501,0.15305191278457642,-1.9734798669815063,-0.09311988204717636,2.394320011138916,0.7453421354293823
0.7419154644012451,0.42557451128959656,0.13791252672672272,-1.9751616716384888,-0.08370497077703476,2.395411968231201,0.7632653117179871
0.7545178532600403,0.4238286316394806,0.12271051853895187,-1.9768167734146118,-0.0743052139878273,2.3964457511901855,0.7811884880065918
0.7671905159950256,0.4221850335597992,0.10745136439800262,-1.9784456491470337,-0.06492073833942413,2.3974223136901855,0.7991117238998413
0.7799304127693176,0.42064452171325684,0.09213697910308838,-1.9800479412078857,-0.05555001273751259,2.398341178894043,0.817034900188446
0.7927326560020447,0.41920650005340576,0.07677173614501953,-1.9816242456436157,-0.04619375616312027,2.399203300476074,0.834958016872406
0.8055930137634277,0.4178712069988251,0.06135915592312813,-1.9831739664077759,-0.03685001656413078,2.400008201599121,0.8528811931610107
0.8185060620307922,0.4166383743286133,0.04590443894267082,-1.9846978187561035,-0.027518920600414276,2.4007575511932373,0.8708043694496155
0.8314678072929382,0.41550830006599426,0.030410699546337128,-1.9861952066421509,-0.018200788646936417,2.4014499187469482,0.888727605342865
0.8444727659225464,0.4144812524318695,0.014882668852806091,-1.9876666069030762,-0.008893165737390518,2.4020872116088867,0.906650722026825
0.8575167059898376,0.41355690360069275,-0.0006756542134098709,-1.9891120195388794,0.00040344020817428827,2.4026687145233154,0.9245739579200745
0.8705935478210449,0.4127351641654968,-0.01625889167189598,-1.99053156375885,0.009688815101981163,2.4031946659088135,0.9424970149993896
0.8836988210678101,0.41201645135879517,-0.031863149255514145,-1.9919250011444092,0.018964173272252083,2.403665542602539,0.9604202508926392
0.8968268632888794,0.41140037775039673,-0.047483447939157486,-1.9932925701141357,0.028230441734194756,2.404081344604492,0.9783434271812439
0.9099721908569336,0.4108867049217224,-0.063114695250988,-1.9946345090866089,0.03748751059174538,2.404442310333252,0.9962666630744934
0.9231299161911011,0.41047611832618713,-0.0787525326013565,-1.99595046043396,0.046736620366573334,2.4047482013702393,1.0141898393630981
0.93629390001297,0.4101683497428894,-0.0943915843963623,-1.997240662574768,0.05597725138068199,2.4049997329711914,1.032112956047058
0.9494596123695374,0.409962922334671,-0.1100275069475174,-1.9985054731369019,0.0652104839682579,2.4051969051361084,1.050036072731018
0.962620735168457,0.4098600447177887,-0.12565484642982483,-1.9997444152832031,0.07443657517433167,2.405339241027832,1.0679593086242676
0.9757715463638306,0.409859299659729,-0.14126820862293243,-2.00095796585083,0.08365573734045029,2.4054276943206787,1.085882544517517
0.9889073371887207,0.40996038913726807,-0.15686370432376862,-2.002146005630493,0.0928695797920227,2.405461311340332,1.103805661201477
1.00202214717865,0.41016432642936707,-0.17243541777133942,-2.0033085346221924,0.10207727551460266,2.4054408073425293,1.1217288970947266
1.0151106119155884,0.41047003865242004,-0.18797893822193146,-2.004445791244507,0.11127988994121552,2.405365467071533,1.1396520137786865
1.028167724609375,0.41087761521339417,-0.20348972082138062,-2.0055575370788574,0.12047821283340454,2.4052367210388184,1.1575751304626465
1.041187047958374,0.41138699650764465,-0.21896159648895264,-2.0066442489624023,0.1296718865633011,2.405052900314331,1.175498366355896
1.054160714149475,0.4119967520236969,-0.23438720405101776,-2.0077056884765625,0.13885918259620667,2.4048147201538086,1.1934216022491455
1.0670912265777588,0.41270872950553894,-0.24977003037929535,-2.008741855621338,0.14804647862911224,2.404521942138672,1.2113447189331055
1.0799694061279297,0.4135218560695648,-0.26510125398635864,-2.0097527503967285,0.15723063051700592,2.404174327850342,1.229267954826355
1.0927890539169312,0.41443565487861633,-0.2803748548030853,-2.0107388496398926,0.16641242802143097,2.4037718772888184,1.2471909523010254
1.1055467128753662,0.4154500961303711,-0.29558801651000977,-2.011699676513672,0.17559237778186798,2.4033148288726807,1.2651143074035645
1.1182377338409424,0.41656455397605896,-0.3107369542121887,-2.0126357078552246,0.18477068841457367,2.402801752090454,1.2830374240875244
1.135311484336853,0.43027740716934204,-0.3358630836009979,-1.995889663696289,0.20369666814804077,2.3943746089935303,1.2949844598770142
1.151749610900879,0.44446465373039246,-0.36059004068374634,-1.9788575172424316,0.22297589480876923,2.3855597972869873,1.306931495666504
1.1675927639007568,0.45914286375045776,-0.38498127460479736,-1.9615306854248047,0.24263235926628113,2.376337766647339,1.318878412246704
1.1828758716583252,0.47433048486709595,-0.4090982675552368,-1.9439008235931396,0.26268962025642395,2.3666880130767822,1.3308254480361938
1.1976326704025269,0.490048348903656,-0.43300262093544006,-1.9259587526321411,0.28317394852638245,2.356586456298828,1.3427724838256836
1.2118964195251465,0.5063217878341675,-0.45675888657569885,-1.9076937437057495,0.30411624908447266,2.346008539199829,1.3547194004058838
1.2256962060928345,0.5231784582138062,-0.48043057322502136,-1.889095425605774,0.32554948329925537,2.334925889968872,1.3666664361953735
1.239061713218689,0.5406488180160522,-0.5040860772132874,-1.8701517581939697,0.34751224517822266,2.3233072757720947,1.3786134719848633
1.2520191669464111,0.5587682723999023,-0.527794361114502,-1.8508509397506714,0.37004661560058594,2.3111186027526855,1.390560507774353
1.2645913362503052,0.5775777697563171,-0.5516268014907837,-1.8311792612075806,0.39320051670074463,2.298322916030884,1.4025075435638428
1.2768031358718872,0.5971227288246155,-0.5756626129150391,-1.8111214637756348,0.4170294404029846,2.2848763465881348,1.414454460144043
1.2886736392974854,0.6174545884132385,-0.5999830365180969,-1.7906626462936401,0.441596120595932,2.2707314491271973,1.4264014959335327
1.3002231121063232,0.6386329531669617,-0.6246787309646606,-1.769784688949585,0.466971218585968,2.255833864212036,1.4383485317230225
1.3114696741104126,0.6607263684272766,-0.6498497724533081,-1.748469591140747,0.4932401478290558,2.240122079849243,1.4502954483032227
1.3224265575408936,0.68381267786026,-0.6756031513214111,-1.7266966104507446,0.5204966068267822,2.2235260009765625,1.4622424840927124
1.3331098556518555,0.707984447479248,-0.7020655274391174,-1.7044434547424316,0.5488564372062683,2.205963373184204,1.4741895198822021
1.3435313701629639,0.733348548412323,-0.7293779850006104,-1.6816859245300293,0.5784526467323303,2.1873393058776855,1.486136555671692
1.3537012338638306,0.7600327730178833,-0.757706344127655,-1.6583961248397827,0.6094457507133484,2.167541027069092,1.498083472251892
1.363627314567566,0.7881895899772644,-0.7872444987297058,-1.634545087814331,0.6420298218727112,2.146435260772705,1.5100305080413818
1.373315691947937,0.8180046081542969,-0.8182267546653748,-1.610098958015442,0.6764417886734009,2.1238598823547363,1.5219776630401611
1.3827682733535767,0.8497064113616943,-0.8509382009506226,-1.5850212574005127,0.7129773497581482,2.099616527557373,1.5339245796203613
1.3919856548309326,0.8835836052894592,-0.8857386708259583,-1.559269905090332,0.752010703086853,2.073453903198242,1.5458714962005615
1.4009615182876587,0.9200074672698975,-0.9230868220329285,-1.5327982902526855,0.7940284013748169,2.045051336288452,1.5578186511993408
1.4096851348876953,0.9594709277153015,-0.9635915756225586,-1.50555419921875,0.8396799564361572,2.0139834880828857,1.569765567779541
1.4181342124938965,1.0026541948318481,-1.0080885887145996,-1.477475881576538,0.8898626565933228,1.9796644449234009,1.5817126035690308
1.4262797832489014,1.0505430698394775,-1.0577926635742188,-1.448495626449585,0.9458844065666199,1.9412469863891602,1.5936596393585205
1.434047818183899,1.1046712398529053,-1.1145647764205933,-1.418531894683838,1.0097744464874268,1.89741849899292,1.6056065559387207
1.441329002380371,1.167677402496338,-1.1816099882125854,-1.3874924182891846,1.085019588470459,1.8459219932556152,1.6175535917282104
1.3901499509811401,0.9533003568649292,-0.9724445939064026,-1.527312994003296,0.8444979190826416,2.0193424224853516,1.6261212825775146
1.3316534757614136,0.8041984438896179,-0.8386573195457458,-1.6503019332885742,0.6868460178375244,2.135361909866333,1.6346888542175293
1.266077995300293,0.685204803943634,-0.734096109867096,-1.7610570192337036,0.5631687641143799,2.224069118499756,1.6432565450668335
1.1919952630996704,0.5846449732780457,-0.6423155069351196,-1.8622674942016602,0.457369863986969,2.2954940795898438,1.6518241167068481
1.106736660003662,0.4970032870769501,-0.5538016557693481,-1.9556325674057007,0.361843466758728,2.3544278144836426,1.6603918075561523
1.1456190347671509,0.4972408711910248,-0.6072759032249451,-1.9763656854629517,0.3949040472507477,2.3556246757507324,1.6311599016189575
1.1832345724105835,0.49906131625175476,-0.6594997644424438,-1.9961869716644287,0.4274810552597046,2.355862617492676,1.6019279956817627
1.219366192817688,0.502421498298645,-0.7103045582771301,-2.015120506286621,0.45961418747901917,2.3551528453826904,1.5726960897445679
1.2538158893585205,0.5072789788246155,-0.7595365643501282,-2.0331883430480957,0.49133986234664917,2.3535032272338867,1.5434643030166626
1.2864187955856323,0.5135948657989502,-0.8070722222328186,-2.0504097938537598,0.5226932168006897,2.3509156703948975,1.5142323970794678
1.3170382976531982,0.5213332176208496,-0.8528140187263489,-2.066800594329834,0.5537068843841553,2.3473856449127197,1.485000491142273
1.3455649614334106,0.5304625630378723,-0.8966894745826721,-2.082376480102539,0.5844129920005798,2.342906951904297,1.4557685852050781
1.3719233274459839,0.5409568548202515,-0.9386587738990784,-2.09714937210083,0.6148445010185242,2.3374640941619873,1.4265366792678833
1.3960627317428589,0.552796483039856,-0.9787057638168335,-2.111131429672241,0.6450340747833252,2.331038475036621,1.3973047733306885
1.4179601669311523,0.5659710764884949,-1.0168416500091553,-2.1243317127227783,0.6750161051750183,2.323603868484497,1.3680729866027832
1.4376111030578613,0.580477774143219,-1.053095817565918,-2.1367576122283936,0.7048258781433105,2.3151278495788574,1.3388410806655884
1.4550328254699707,0.5963264107704163,-1.0875194072723389,-2.148416519165039,0.7345028519630432,2.3055708408355713,1.3096091747283936
1.4702571630477905,0.61353600025177,-1.1201798915863037,-2.159313678741455,0.7640877366065979,2.29488468170166,1.2803772687911987
1.4833288192749023,0.632140576839447,-1.1511590480804443,-2.1694531440734863,0.7936274409294128,2.283010959625244,1.251145362854004
1.4943026304244995,0.6521895527839661,-1.180550456047058,-2.1788382530212402,0.8231731653213501,2.269880533218384,1.2219135761260986
1.503241777420044,0.6737499237060547,-1.2084606885910034,-2.187471389770508,0.8527834415435791,2.2554094791412354,1.1926816701889038
1.510213851928711,0.6969121694564819,-1.2350049018859863,-2.195352554321289,0.8825287818908691,2.239497423171997,1.163449764251709
1.515286922454834,0.7217832803726196,-1.2603039741516113,-2.202483654022217,0.9124802350997925,2.2220284938812256,1.1342178583145142
1.5185343027114868,0.7485081553459167,-1.2844932079315186,-2.2088637351989746,0.9427308440208435,2.202857255935669,1.1049860715866089
1.5200275182724,0.7772654294967651,-1.3077179193496704,-2.214491367340088,0.9733899831771851,2.1818089485168457,1.0757540464401245
1.51983642578125,0.8082825541496277,-1.3301360607147217,-2.219365119934082,1.0045886039733887,2.158668041229248,1.0465222597122192
1.5180273056030273,0.8418484330177307,-1.351924180984497,-2.223482608795166,1.0364892482757568,2.133164405822754,1.0172903537750244
1.5146589279174805,0.8783336877822876,-1.3732795715332031,-2.226840019226074,1.0692956447601318,2.1049580574035645,0.9880584478378296
1.5097849369049072,0.9182275533676147,-1.39443838596344,-2.2294349670410156,1.1032743453979492,2.0736021995544434,0.9588265419006348
1.5034409761428833,0.962186872959137,-1.4156839847564697,-2.231262683868408,1.1387790441513062,2.038503646850586,0.9295946955680847
1.4956448078155518,1.0111335515975952,-1.4373830556869507,-2.2323193550109863,1.1763066053390503,1.9988337755203247,0.9003627896308899
1.484439492225647,0.939356803894043,-1.412261724472046,-2.2441956996917725,1.1239001750946045,2.0575459003448486,0.92972731590271
1.472549557685852,0.8764455914497375,-1.3900244235992432,-2.2558631896972656,1.0757825374603271,2.1081461906433105,0.9590919017791748
1.4601101875305176,0.8202359676361084,-1.3699134588241577,-2.267319440841675,1.030779480934143,2.152566432952881,0.9884564280509949
1.4471951723098755,0.7693164944648743,-1.3514326810836792,-2.278563976287842,0.9881409406661987,2.192068576812744,1.017820954322815
1.4338432550430298,0.7227074503898621,-1.3342313766479492,-2.2895946502685547,0.9473556876182556,2.2275314331054688,1.0471855401992798
1.420069932937622,0.6796903014183044,-1.3180450201034546,-2.300410270690918,0.9080588221549988,2.259599208831787,1.0765501260757446
1.4058743715286255,0.6397212147712708,-1.3026641607284546,-2.3110086917877197,0.8699759244918823,2.288759708404541,1.1059147119522095
1.391242504119873,0.6023744940757751,-1.2879130840301514,-2.3213889598846436,0.8328981399536133,2.3153953552246094,1.1352791786193848
1.3761476278305054,0.5673103928565979,-1.2736376523971558,-2.3315484523773193,0.7966597080230713,2.339810848236084,1.1646437644958496
1.3605514764785767,0.534249484539032,-1.2596969604492188,-2.3414862155914307,0.7611257433891296,2.362255811691284,1.1940083503723145
1.3444056510925293,0.5029675364494324,-1.2459588050842285,-2.351199150085449,0.7261946797370911,2.382931709289551,1.2233729362487793
1.3276455402374268,0.4732692837715149,-1.2322869300842285,-2.3606863021850586,0.6917725205421448,2.402013063430786,1.2527374029159546
1.310194492340088,0.44499143958091736,-1.2185461521148682,-2.3699450492858887,0.6577843427658081,2.4196434020996094,1.2821019887924194
1.3276641368865967,0.425271213054657,-1.2339913845062256,-2.391791343688965,0.641814649105072,2.433425188064575,1.2630094289779663
1.3472011089324951,0.40621519088745117,-1.2519296407699585,-2.4134531021118164,0.6260916590690613,2.446676015853882,1.2439169883728027
1.369036078453064,0.3878297805786133,-1.2725729942321777,-2.434937000274658,0.6105871200561523,2.4594156742095947,1.2248244285583496
1.393422245979309,0.37012743949890137,-1.2961608171463013,-2.4562487602233887,0.5952736139297485,2.471662759780884,1.205731987953186
1.4206409454345703,0.3531306982040405,-1.3229609727859497,-2.477393388748169,0.5801251530647278,2.483431577682495,1.186639428138733
1.450992226600647,0.3368726074695587,-1.3532617092132568,-2.4983763694763184,0.5651217699050903,2.4947354793548584,1.1675468683242798
1.484792947769165,0.321391224861145,-1.3873709440231323,-2.519202709197998,0.5502341389656067,2.5055878162384033,1.1484544277191162
1.5223759412765503,0.30674076080322266,-1.425613522529602,-2.539877414703369,0.5354443788528442,2.5159974098205566,1.129361867904663
1.564064383506775,0.2929857075214386,-1.4683067798614502,-2.560403823852539,0.5207300782203674,2.525972843170166,1.1102694272994995
1.6101641654968262,0.28020304441452026,-1.5157514810562134,-2.58078670501709,0.506071925163269,2.5355210304260254,1.0911768674850464
1.6609292030334473,0.26848065853118896,-1.5681982040405273,-2.601029872894287,0.49144941568374634,2.544647693634033,1.0720843076705933
1.7165207862854004,0.25791916251182556,-1.6258068084716797,-2.6211366653442383,0.47684261202812195,2.553356885910034,1.0529918670654297
1.7769675254821777,0.24862690269947052,-1.6886049509048462,-2.641110897064209,0.46223214268684387,2.561652660369873,1.0338993072509766
1.8421204090118408,0.24071736633777618,-1.7564444541931152,-2.6609554290771484,0.44759929180145264,2.569535255432129,1.014806866645813
1.9115934371948242,0.23430581390857697,-1.8289419412612915,-2.680673599243164,0.4329237937927246,2.5770058631896973,0.9957143068313599
1.9847469329833984,0.22949627041816711,-1.9054622650146484,-2.700268268585205,0.41818684339523315,2.5840628147125244,0.9766218066215515
1.973388910293579,0.2419515997171402,-1.9053412675857544,-2.7051868438720703,0.43924185633659363,2.5804104804992676,0.9450069069862366
1.9606927633285522,0.2543865740299225,-1.9040770530700684,-2.7097439765930176,0.460105836391449,2.576442003250122,0.9133920073509216
1.946785807609558,0.26681438088417053,-1.9018036127090454,-2.713937997817993,0.480785071849823,2.5721561908721924,0.8817771077156067
1.931771993637085,0.2792492210865021,-1.8986265659332275,-2.7177674770355225,0.5012851357460022,2.567551612854004,0.8501622080802917
1.9157381057739258,0.29170653223991394,-1.8946361541748047,-2.7212319374084473,0.5216134190559387,2.5626261234283447,0.818547248840332
1.8987617492675781,0.3042029142379761,-1.8899118900299072,-2.724329710006714,0.5417772531509399,2.557375192642212,0.7869324088096619
1.8809080123901367,0.3167573809623718,-1.8845208883285522,-2.7270596027374268,0.5617846846580505,2.5517935752868652,0.7553174495697021
1.8622314929962158,0.3293874263763428,-1.8785195350646973,-2.7294201850891113,0.5816450715065002,2.5458765029907227,0.7237025499343872
1.8427873849868774,0.3421158790588379,-1.871964454650879,-2.731410026550293,0.6013686656951904,2.5396151542663574,0.6920876502990723
1.8226183652877808,0.3549644649028778,-1.8648990392684937,-2.733027458190918,0.6209651231765747,2.53300142288208,0.6604727506637573
1.8017714023590088,0.3679588735103607,-1.8573709726333618,-2.7342710494995117,0.6404468417167664,2.5260229110717773,0.6288578510284424
1.780283808708191,0.38112393021583557,-1.8494181632995605,-2.735139846801758,0.6598256230354309,2.5186691284179688,0.5972429513931274
1.7581945657730103,0.3944891393184662,-1.841078519821167,-2.7356314659118652,0.6791154146194458,2.510924816131592,0.5656280517578125
1.7492194175720215,0.3929993510246277,-1.8397767543792725,-2.734539031982422,0.6771884560585022,2.5115339756011963,0.5846254825592041
1.7400974035263062,0.39151903986930847,-1.838324785232544,-2.7333831787109375,0.6752815246582031,2.5121190547943115,0.6036229729652405
1.7308287620544434,0.39004939794540405,-1.83672034740448,-2.732163667678833,0.6733959317207336,2.5126795768737793,0.6226204037666321
1.7214123010635376,0.388591468334198,-1.8349617719650269,-2.7308804988861084,0.6715328693389893,2.5132148265838623,0.6416178941726685
1.7118474245071411,0.38714584708213806,-1.8330477476119995,-2.729534149169922,0.6696926355361938,2.5137252807617188,0.6606153249740601
1.702134132385254,0.38571441173553467,-1.8309773206710815,-2.728123903274536,0.6678773760795593,2.514209508895874,0.6796128153800964
1.6922714710235596,0.38429751992225647,-1.828748345375061,-2.7266507148742676,0.6660869121551514,2.5146677494049072,0.698610246181488
1.6822600364685059,0.3828964829444885,-1.8263609409332275,-2.725114345550537,0.6643230319023132,2.515099048614502,0.7176077365875244
1.6720986366271973,0.38151267170906067,-1.8238126039505005,-2.7235145568847656,0.6625864505767822,2.5155029296875,0.736605167388916
1.6617869138717651,0.38014689087867737,-1.8211020231246948,-2.7218520641326904,0.6608780026435852,2.5158798694610596,0.7556026577949524
1.6513258218765259,0.37880071997642517,-1.8182295560836792,-2.7201268672943115,0.6591991186141968,2.516228437423706,0.774600088596344
1.6407129764556885,0.37747445702552795,-1.8151918649673462,-2.71833872795105,0.6575502157211304,2.5165491104125977,0.7935975790023804
1.6299512386322021,0.37617015838623047,-1.8119909763336182,-2.7164881229400635,0.6559325456619263,2.5168404579162598,0.8125950694084167
1.6190390586853027,0.3748895227909088,-1.8086247444152832,-2.7145750522613525,0.6543469429016113,2.5171022415161133,0.8315924406051636
1.6079766750335693,0.37363284826278687,-1.8050918579101562,-2.712599754333496,0.6527941226959229,2.5173349380493164,0.8505899906158447
1.5967642068862915,0.37240126729011536,-1.8013925552368164,-2.710562229156494,0.6512756943702698,2.5175375938415527,0.8695874214172363
1.5854036808013916,0.371196985244751,-1.797527551651001,-2.708462953567505,0.649791419506073,2.517709732055664,0.8885848522186279
1.57389497756958,0.37002113461494446,-1.7934964895248413,-2.7063021659851074,0.6483431458473206,2.517850637435913,0.9075823426246643
1.5622361898422241,0.36887428164482117,-1.789296269416809,-2.7040791511535645,0.646930992603302,2.517960786819458,0.9265797734260559
1.5504323244094849,0.3677588105201721,-1.7849313020706177,-2.7017951011657715,0.6455564498901367,2.518038749694824,0.9455772042274475
1.5384809970855713,0.36667555570602417,-1.7803984880447388,-2.6994495391845703,0.6442195773124695,2.51808500289917,0.9645747542381287
1.5263851881027222,0.36562618613243103,-1.775700569152832,-2.697042942047119,0.642922043800354,2.5180985927581787,0.9835721254348755
1.5141451358795166,0.3646112382411957,-1.7708368301391602,-2.694575786590576,0.641663670539856,2.5180797576904297,1.002569556236267
1.5017625093460083,0.3636334538459778,-1.7658085823059082,-2.692047595977783,0.64044588804245,2.5180275440216064,1.0215671062469482
1.4892399311065674,0.3626942038536072,-1.7606173753738403,-2.6894593238830566,0.6392692923545837,2.517941474914551,1.0405645370483398
1.476576805114746,0.3617936670780182,-1.755262851715088,-2.6868104934692383,0.6381341814994812,2.517821788787842,1.059562087059021
1.4637775421142578,0.3609345555305481,-1.7497483491897583,-2.6841015815734863,0.6370425820350647,2.517667531967163,1.078559398651123
1.4508419036865234,0.36011743545532227,-1.7440731525421143,-2.681333065032959,0.6359936594963074,2.5174789428710938,1.0975568294525146
1.4377741813659668,0.359344482421875,-1.738241195678711,-2.678504705429077,0.6349886059761047,2.5172553062438965,1.1165543794631958
1.4245762825012207,0.3586171567440033,-1.7322540283203125,-2.675617218017578,0.6340281367301941,2.516995906829834,1.135551929473877
1.4112498760223389,0.35793742537498474,-1.7261124849319458,-2.6726698875427246,0.6331133842468262,2.516700267791748,1.154549241065979
1.3977985382080078,0.35730504989624023,-1.7198207378387451,-2.669664144515991,0.6322438716888428,2.516369342803955,1.1735467910766602
1.3842263221740723,0.35672155022621155,-1.7133818864822388,-2.6665995121002197,0.6314190030097961,2.5160021781921387,1.1925442218780518
1.37053382396698,0.3561910390853882,-1.706795573234558,-2.6634762287139893,0.6306441426277161,2.5155978202819824,1.2115416526794434
1.3567273616790771,0.35571396350860596,-1.700068473815918,-2.660294532775879,0.6299166083335876,2.51515531539917,1.230539083480835
1.3428078889846802,0.3552909791469574,-1.6932014226913452,-2.6570546627044678,0.6292373538017273,2.514676094055176,1.2495366334915161
1.3287802934646606,0.3549236059188843,-1.6861985921859741,-2.653757095336914,0.6286065578460693,2.5141592025756836,1.2685340642929077
1.3146504163742065,0.35461458563804626,-1.6790658235549927,-2.6504015922546387,0.6280255913734436,2.5136032104492188,1.2875314950942993
1.3004196882247925,0.3543635308742523,-1.6718043088912964,-2.646988868713379,0.6274939775466919,2.513009548187256,1.306528925895691
1.2860957384109497,0.35417383909225464,-1.664421558380127,-2.6435189247131348,0.6270133852958679,2.512375831604004,1.3255263566970825
1.2716807126998901,0.3540453016757965,-1.6569194793701172,-2.6399919986724854,0.6265829801559448,2.5117037296295166,1.3445239067077637
1.2571792602539062,0.3539801239967346,-1.6493024826049805,-2.6364083290100098,0.6262037754058838,2.5109922885894775,1.3635214567184448
1.2425988912582397,0.3539801239967346,-1.6415780782699585,-2.632767915725708,0.6258772015571594,2.510240077972412,1.3825187683105469
1.2279423475265503,0.3540456295013428,-1.633749008178711,-2.6290712356567383,0.6256022453308105,2.5094478130340576,1.4015161991119385
1.2132173776626587,0.35417917370796204,-1.625822901725769,-2.6253185272216797,0.6253804564476013,2.5086145401000977,1.4205137491226196
1.1984267234802246,0.3543814420700073,-1.6178025007247925,-2.6215100288391113,0.6252115964889526,2.5077409744262695,1.4395111799240112
1.1835798025131226,0.35465407371520996,-1.6096969842910767,-2.617645502090454,0.6250960230827332,2.5068249702453613,1.4585086107254028
1.1686787605285645,0.3549973964691162,-1.6015088558197021,-2.6137261390686035,0.6250346302986145,2.505868434906006,1.477506160736084
1.1537309885025024,0.3554145395755768,-1.593245267868042,-2.609750986099243,0.625027596950531,2.504868984222412,1.4965035915374756
1.1387438774108887,0.35590508580207825,-1.5849138498306274,-2.6057209968566895,0.6250753998756409,2.5038275718688965,1.5155010223388672
1.1237221956253052,0.35647106170654297,-1.5765193700790405,-2.6016359329223633,0.6251786947250366,2.5027430057525635,1.5344984531402588
1.10867178440094,0.35711321234703064,-1.5680676698684692,-2.597496509552002,0.6253371238708496,2.5016157627105713,1.55349600315094
1.0936015844345093,0.3578334450721741,-1.5595680475234985,-2.5933027267456055,0.6255515217781067,2.5004444122314453,1.5724934339523315
1.0785164833068848,0.35863175988197327,-1.5510255098342896,-2.589054584503174,0.6258224844932556,2.4992294311523438,1.5914908647537231
1.0634220838546753,0.35951071977615356,-1.5424456596374512,-2.5847525596618652,0.626150369644165,2.4979701042175293,1.6104882955551147
1.0483264923095703,0.3604692220687866,-1.533837080001831,-2.5803966522216797,0.626534104347229,2.496666669845581,1.6294857263565063
1.0332355499267578,0.36151012778282166,-1.5252056121826172,-2.575986862182617,0.6269760131835938,2.4953179359436035,1.6484832763671875
1.018157958984375,0.36263373494148254,-1.5165601968765259,-2.571524143218994,0.6274749636650085,2.4939236640930176,1.667480707168579
1.003097653388977,0.36384090781211853,-1.5079052448272705,-2.5670077800750732,0.6280325055122375,2.492483615875244,1.6864781379699707
0.9880616664886475,0.36513304710388184,-1.4992477893829346,-2.5624382495880127,0.6286486387252808,2.490997314453125,1.7054756879806519
0.9730585217475891,0.36651021242141724,-1.490597128868103,-2.5578160285949707,0.6293234825134277,2.489464282989502,1.7244731187820435
0.9580917358398438,0.3679739534854889,-1.4819567203521729,-2.553140878677368,0.6300568580627441,2.487884759902954,1.743470549583435
0.9431712627410889,0.36952438950538635,-1.4733366966247559,-2.5484132766723633,0.6308498978614807,2.486257314682007,1.762467861175537
0.9283007979393005,0.3711622953414917,-1.464741826057434,-2.543633222579956,0.6317020654678345,2.4845821857452393,1.7814655303955078
0.9134868383407593,0.37288862466812134,-1.4561785459518433,-2.5388009548187256,0.6326147317886353,2.4828591346740723,1.8004629611968994
0.8987374901771545,0.3747045695781708,-1.4476553201675415,-2.533916473388672,0.6335877776145935,2.4810867309570312,1.8194602727890015
0.8840556740760803,0.3766094744205475,-1.4391758441925049,-2.528980016708374,0.6346203684806824,2.4792661666870117,1.8384579420089722
0.8694503903388977,0.3786050081253052,-1.4307491779327393,-2.523991584777832,0.6357154250144958,2.4773950576782227,1.8574552536010742
0.8549241423606873,0.38069090247154236,-1.422378659248352,-2.518951654434204,0.6368705630302429,2.4754745960235596,1.8764528036117554
0.8404858112335205,0.3828687071800232,-1.4140734672546387,-2.5138602256774902,0.6380881071090698,2.473503351211548,1.8954501152038574
0.8261380195617676,0.3851373493671417,-1.4058371782302856,-2.5087170600891113,0.639366626739502,2.4714815616607666,1.9144476652145386
0.8118876218795776,0.38749855756759644,-1.3976765871047974,-2.5035228729248047,0.6407079696655273,2.4694080352783203,1.9334452152252197
0.7977385520935059,0.389952689409256,-1.389596700668335,-2.498277187347412,0.6421120762825012,2.46728253364563,1.9524425268173218
0.7836971282958984,0.3924998939037323,-1.3816040754318237,-2.492980480194092,0.6435788869857788,2.465104341506958,1.971440076828003
0.7697674632072449,0.3951408863067627,-1.3737043142318726,-2.4876325130462646,0.6451094150543213,2.4628725051879883,1.9904375076293945
0.7559523582458496,0.39787495136260986,-1.365899682044983,-2.482233762741089,0.64670330286026,2.460587978363037,2.009434938430786
0.7422572374343872,0.40070366859436035,-1.3581966161727905,-2.4767842292785645,0.648361325263977,2.458249092102051,2.028432607650757
0.7286866307258606,0.40362703800201416,-1.3506006002426147,-2.4712836742401123,0.6500839591026306,2.455854892730713,2.0474298000335693
0.7152436375617981,0.4066452085971832,-1.3431153297424316,-2.4657325744628906,0.6518716216087341,2.4534056186676025,2.06642746925354
0.7019304037094116,0.40975847840309143,-1.3357439041137695,-2.4601306915283203,0.6537247896194458,2.4509005546569824,2.0854246616363525
0.6887528300285339,0.4129672348499298,-1.328492522239685,-2.4544782638549805,0.655643105506897,2.448338747024536,2.1044223308563232
0.6757129430770874,0.41627204418182373,-1.3213642835617065,-2.448775291442871,0.6576286554336548,2.4457192420959473,2.123419761657715
0.662812352180481,0.4196729362010956,-1.314361810684204,-2.443021774291992,0.659680187702179,2.443042278289795,2.1424169540405273
0.6500536203384399,0.4231696128845215,-1.3074883222579956,-2.4372177124023438,0.6617978811264038,2.440307140350342,2.161414861679077
0.6374413371086121,0.4267633259296417,-1.3007490634918213,-2.431363105773926,0.6639842987060547,2.4375123977661133,2.1804120540618896
0.6249750256538391,0.4304545521736145,-1.294144868850708,-2.4254579544067383,0.6662388443946838,2.434657573699951,2.1994094848632812
0.6126590967178345,0.43424248695373535,-1.287680745124817,-2.4195027351379395,0.6685618758201599,2.4317421913146973,2.218407154083252
0.6004946827888489,0.4381285309791565,-1.2813591957092285,-2.413496732711792,0.6709543466567993,2.428764581680298,2.2374043464660645
0.5884813666343689,0.44211211800575256,-1.2751802206039429,-2.407440185546875,0.6734158396720886,2.4257254600524902,2.256401777267456
0.5766226053237915,0.44619420170783997,-1.269148588180542,-2.4013333320617676,0.6759479641914368,2.4226229190826416,2.2753994464874268
0.5649195313453674,0.45037540793418884,-1.2632663249969482,-2.3951759338378906,0.6785515546798706,2.4194560050964355,2.2943968772888184
0.5533722639083862,0.45465540885925293,-1.2575347423553467,-2.388967990875244,0.6812260746955872,2.416224479675293,2.31339430809021
0.5419819951057434,0.4590352773666382,-1.2519564628601074,-2.382709503173828,0.6839739680290222,2.4129269123077393,2.3323917388916016
0.5307489037513733,0.4635149836540222,-1.2465322017669678,-2.3764004707336426,0.6867942214012146,2.409562826156616,2.351389169692993
0.5196735262870789,0.4680946171283722,-1.241263747215271,-2.3700404167175293,0.6896879076957703,2.4061312675476074,2.370386838912964
0.5087571144104004,0.47277647256851196,-1.2361539602279663,-2.3636298179626465,0.6926568150520325,2.40263032913208,2.3893842697143555
0.49799856543540955,0.47755953669548035,-1.2312028408050537,-2.357168197631836,0.6957011818885803,2.399059772491455,2.408381462097168
0.487397700548172,0.48244473338127136,-1.2264113426208496,-2.3506555557250977,0.6988208889961243,2.395418882369995,2.4273791313171387
0.4769563376903534,0.48743245005607605,-1.2217825651168823,-2.3440918922424316,0.7020183205604553,2.3917055130004883,2.4463765621185303
0.46667346358299255,0.4925248622894287,-1.2173171043395996,-2.337476968765259,0.7052937150001526,2.387918472290039,2.465373992919922
0.45654597878456116,0.4977208375930786,-1.2130130529403687,-2.330811023712158,0.708648145198822,2.3840582370758057,2.4843716621398926
0.4465762972831726,0.5030221939086914,-1.2088744640350342,-2.3240931034088135,0.71208256483078,2.3801217079162598,2.503368854522705
0.4367624819278717,0.5084293484687805,-1.2049006223678589,-2.317323923110962,0.7155979871749878,2.3761086463928223,2.5223662853240967
0.4271048307418823,0.5139434337615967,-1.2010935544967651,-2.3105030059814453,0.7191951870918274,2.3720173835754395,2.5413639545440674
0.41760319471359253,0.5195659399032593,-1.197454810142517,-2.3036298751831055,0.7228768467903137,2.3678455352783203,2.56036114692688
0.40825358033180237,0.5252969861030579,-1.1939818859100342,-2.2967047691345215,0.7266421318054199,2.363593816757202,2.5793588161468506
0.3990580439567566,0.53113853931427,-1.1906788349151611,-2.2897274494171143,0.7304938435554504,2.3592584133148193,2.598356246948242
0.3900130093097687,0.5370906591415405,-1.1875420808792114,-2.2826976776123047,0.7344323396682739,2.35483980178833,2.617353677749634
