1.5636574029922485,0.17645305395126343,-1.4457802772521973,-2.5748696327209473,0.3290484547615051,2.572361707687378,-2.5164260864257812
1.5700763463974,0.17835794389247894,-1.452419638633728,-2.5760860443115234,0.33281368017196655,2.5720555782318115,-2.4960384368896484
1.5763437747955322,0.18027284741401672,-1.458907127380371,-2.577298879623413,0.33657732605934143,2.571739912033081,-2.4756507873535156
1.5824631452560425,0.1821974515914917,-1.4652467966079712,-2.578508138656616,0.3403393626213074,2.571415901184082,-2.455263137817383
1.5884407758712769,0.18413113057613373,-1.4714447259902954,-2.5797133445739746,0.34409990906715393,2.571082353591919,-2.43487548828125
1.5942803621292114,0.18607394397258759,-1.4775044918060303,-2.5809149742126465,0.3478589653968811,2.57073974609375,-2.414487838745117
1.5999789237976074,0.18802592158317566,-1.4834234714508057,-2.582113027572632,0.35161644220352173,2.5703887939453125,-2.3941001892089844
1.605549931526184,0.18998710811138153,-1.489214539527893,-2.5833072662353516,0.355372816324234,2.5700278282165527,-2.3737125396728516
1.610991358757019,0.19195601344108582,-1.4948763847351074,-2.5844976902008057,0.3591275215148926,2.569658041000366,-2.3533248901367188
1.6163101196289062,0.19393421709537506,-1.5004158020019531,-2.5856845378875732,0.36288079619407654,2.5692784786224365,-2.332937240600586
1.6215016841888428,0.1959208995103836,-1.5058276653289795,-2.5868678092956543,0.36663249135017395,2.5688905715942383,-2.312549591064453
1.6265766620635986,0.1979154497385025,-1.5111234188079834,-2.5880470275878906,0.370383083820343,2.568492889404297,-2.2921619415283203
1.6315381526947021,0.1999179869890213,-1.516305685043335,-2.5892229080200195,0.3741324245929718,2.5680856704711914,-2.2717745304107666
1.6363840103149414,0.20192913711071014,-1.52137291431427,-2.590394973754883,0.3778800666332245,2.567669630050659,-2.251386880874634
1.6411192417144775,0.20394782721996307,-1.5263292789459229,-2.5915632247924805,0.3816261291503906,2.567244529724121,-2.230999231338501
1.6457479000091553,0.20597410202026367,-1.531179428100586,-2.5927278995513916,0.38537082076072693,2.56680965423584,-2.210611581802368
1.6502737998962402,0.20800890028476715,-1.535927414894104,-2.593888998031616,0.3891141712665558,2.5663652420043945,-2.1902239322662354
1.6546965837478638,0.210050567984581,-1.540572166442871,-2.5950465202331543,0.39285609126091003,2.5659117698669434,-2.1698362827301025
1.6590192317962646,0.21209979057312012,-1.5451170206069946,-2.5962002277374268,0.39659661054611206,2.565448760986328,-2.1494486331939697
1.6632440090179443,0.2141568958759308,-1.5495644807815552,-2.597350597381592,0.40033575892448425,2.564976692199707,-2.129060983657837
1.6673763990402222,0.21622081100940704,-1.553920030593872,-2.598496913909912,0.40407347679138184,2.5644946098327637,-2.108673334121704
1.6714173555374146,0.21829251945018768,-1.5581843852996826,-2.599639892578125,0.4078100025653839,2.564002752304077,-2.0882856845855713
1.6753662824630737,0.22037148475646973,-1.5623570680618286,-2.6007792949676514,0.4115447998046875,2.5635018348693848,-2.0678980350494385
1.6792274713516235,0.22245757281780243,-1.5664424896240234,-2.601914882659912,0.41527852416038513,2.562991142272949,-2.0475103855133057
1.6830027103424072,0.22455081343650818,-1.5704421997070312,-2.6030473709106445,0.4190104901790619,2.562471389770508,-2.027122735977173
1.6866942644119263,0.22665075957775116,-1.5743589401245117,-2.6041758060455322,0.4227418899536133,2.561941385269165,-2.00673508644104
1.6903035640716553,0.2287578135728836,-1.5781936645507812,-2.6053009033203125,0.42647114396095276,2.5614023208618164,-1.9863474369049072
1.693834662437439,0.2308724969625473,-1.5819509029388428,-2.6064224243164062,0.4301992952823639,2.5608530044555664,-1.9659597873687744
1.6972856521606445,0.23299364745616913,-1.5856285095214844,-2.6075403690338135,0.43392616510391235,2.5602943897247314,-1.9455721378326416
1.700659155845642,0.23512136936187744,-1.5892289876937866,-2.608654737472534,0.43765172362327576,2.5597259998321533,-1.9251844882965088
1.703960657119751,0.23725591599941254,-1.5927579402923584,-2.6097652912139893,0.44137585163116455,2.559147357940674,-1.904796838760376
1.7071881294250488,0.23939821124076843,-1.596213936805725,-2.610872745513916,0.44509875774383545,2.5585594177246094,-1.8844093084335327
1.7103443145751953,0.24154677987098694,-1.5995988845825195,-2.611976385116577,0.4488202929496765,2.5579612255096436,-1.8640216588974
1.7134318351745605,0.2437024712562561,-1.60291588306427,-2.613076686859131,0.45254042744636536,2.5573530197143555,-1.843634009361267
1.7164499759674072,0.24586458504199982,-1.6061638593673706,-2.614173173904419,0.4562593400478363,2.556735038757324,-1.8232463598251343
1.7194058895111084,0.24803423881530762,-1.6093504428863525,-2.6152665615081787,0.4599771797657013,2.5561065673828125,-1.8028587102890015
1.7222893238067627,0.2502097487449646,-1.6124653816223145,-2.616356134414673,0.4636935591697693,2.555469274520874,-1.7824710607528687
1.725115180015564,0.2523927092552185,-1.615523338317871,-2.6174423694610596,0.46740853786468506,2.5548207759857178,-1.7620834112167358
1.727874755859375,0.25458240509033203,-1.618515968322754,-2.6185250282287598,0.47112226486206055,2.5541627407073975,-1.741695761680603
1.7305749654769897,0.2567789554595947,-1.621449589729309,-2.6196043491363525,0.47483471035957336,2.553494453430176,-1.7213081121444702
1.7332156896591187,0.25898194313049316,-1.6243246793746948,-2.620680093765259,0.4785458743572235,2.552816152572632,-1.7009204626083374
1.7357951402664185,0.2611921727657318,-1.6271393299102783,-2.6217522621154785,0.4822559952735901,2.5521275997161865,-1.6805329322814941
1.7383203506469727,0.26340875029563904,-1.629900574684143,-2.622821092605591,0.48596492409706116,2.5514283180236816,-1.6601452827453613
1.7407889366149902,0.2656322419643402,-1.632605791091919,-2.6238865852355957,0.48967233300209045,2.5507190227508545,-1.6397576332092285
1.7432026863098145,0.2678629159927368,-1.6352571249008179,-2.624948501586914,0.49337825179100037,2.549999237060547,-1.6193699836730957
1.7455629110336304,0.2701002359390259,-1.6378557682037354,-2.626007318496704,0.4970831573009491,2.549269199371338,-1.598982334136963
1.7478684186935425,0.2723443806171417,-1.6404006481170654,-2.6270620822906494,0.5007869005203247,2.5485289096832275,-1.57859468460083
1.7501232624053955,0.2745959162712097,-1.6428956985473633,-2.6281135082244873,0.5044894814491272,2.5477776527404785,-1.5582070350646973
1.7523281574249268,0.2768537998199463,-1.6453418731689453,-2.629161834716797,0.5081908106803894,2.547015905380249,-1.5378193855285645
1.754482388496399,0.2791186273097992,-1.6477383375167847,-2.630206823348999,0.5118908882141113,2.546243906021118,-1.5174317359924316
1.7565885782241821,0.2813909351825714,-1.6500877141952515,-2.6312482357025146,0.5155895352363586,2.5454607009887695,-1.4970442056655884
1.7586467266082764,0.2836698591709137,-1.6523897647857666,-2.632286310195923,0.5192871689796448,2.5446672439575195,-1.4766565561294556
1.7606583833694458,0.28595641255378723,-1.6546467542648315,-2.6333208084106445,0.5229836702346802,2.5438625812530518,-1.4562689065933228
1.7626221179962158,0.28824904561042786,-1.6568565368652344,-2.634352207183838,0.5266785621643066,2.54304838180542,-1.4358811378479004
1.7645429372787476,0.29054924845695496,-1.6590245962142944,-2.635380268096924,0.5303730368614197,2.542222261428833,-1.4154934883117676
1.7664194107055664,0.2928570806980133,-1.661149501800537,-2.6364047527313232,0.5340656042098999,2.5413849353790283,-1.3951058387756348
1.7682512998580933,0.2951715886592865,-1.663230538368225,-2.6374261379241943,0.537757396697998,2.5405373573303223,-1.3747183084487915
1.7700423002243042,0.2974940240383148,-1.6652721166610718,-2.638443946838379,0.5414481163024902,2.5396780967712402,-1.3543306589126587
1.7717887163162231,0.29982298612594604,-1.6672700643539429,-2.639458417892456,0.545137345790863,2.538808584213257,-1.3339430093765259
1.7734966278076172,0.30215978622436523,-1.6692308187484741,-2.640469789505005,0.5488260984420776,2.5379269123077393,-1.313555359840393
1.7751610279083252,0.304503470659256,-1.6711490154266357,-2.641477584838867,0.5525129437446594,2.5370352268218994,-1.2931677103042603
1.7767895460128784,0.3068556487560272,-1.6730327606201172,-2.642482280731201,0.5561992526054382,2.5361311435699463,-1.2727800607681274
1.778376579284668,0.30921438336372375,-1.6748762130737305,-2.6434834003448486,0.5598840713500977,2.5352163314819336,-1.2523924112319946
1.779926061630249,0.3115808963775635,-1.676682949066162,-2.6444814205169678,0.5635678768157959,2.534290313720703,-1.2320047616958618
1.7814360857009888,0.3139548599720001,-1.6784518957138062,-2.6454758644104004,0.567250669002533,2.533352851867676,-1.211617112159729
1.7829123735427856,0.3163376450538635,-1.6801881790161133,-2.646467447280884,0.5709328055381775,2.532402992248535,-1.1912294626235962
1.7843507528305054,0.3187252879142761,-1.681888222694397,-2.6474556922912598,0.5746107697486877,2.5314431190490723,-1.170841932296753
1.7857539653778076,0.32112282514572144,-1.6835540533065796,-2.648440361022949,0.5782903432846069,2.530470609664917,-1.1504542827606201
1.7871209383010864,0.3235280513763428,-1.6851850748062134,-2.6494221687316895,0.5819680690765381,2.529486894607544,-1.1300666332244873
1.7884536981582642,0.3259407877922058,-1.6867831945419312,-2.650400400161743,0.5856451392173767,2.528491258621216,-1.1096789836883545
1.7897541522979736,0.32836243510246277,-1.6883503198623657,-2.6513755321502686,0.5893211960792542,2.5274829864501953,-1.0892913341522217
1.791019320487976,0.33079105615615845,-1.6898837089538574,-2.6523473262786865,0.5929961204528809,2.526463508605957,-1.0689036846160889
1.792251467704773,0.33322834968566895,-1.6913853883743286,-2.653316020965576,0.5966700911521912,2.5254321098327637,-1.048516035079956
1.7934515476226807,0.3356737196445465,-1.6928563117980957,-2.6542813777923584,0.600342869758606,2.524388551712036,-1.0281283855438232
1.7946205139160156,0.3381279408931732,-1.6942977905273438,-2.655243396759033,0.6040148735046387,2.5233325958251953,-1.0077407360076904
1.7957570552825928,0.3405899703502655,-1.6957080364227295,-2.6562023162841797,0.6076855063438416,2.5222647190093994,-0.9873531460762024
1.7968628406524658,0.34306052327156067,-1.6970890760421753,-2.657158136367798,0.6113550066947937,2.5211849212646484,-0.9669654965400696
1.7979382276535034,0.34553924202919006,-1.698441505432129,-2.6581106185913086,0.6150237917900085,2.520092487335205,-0.9465779066085815
1.798984408378601,0.3480272889137268,-1.6997660398483276,-2.659060001373291,0.6186918020248413,2.5189871788024902,-0.926190197467804
1.799999713897705,0.35052332282066345,-1.7010613679885864,-2.660006284713745,0.6223584413528442,2.5178699493408203,-0.9058026075363159
1.800986886024475,0.3530285358428955,-1.7023298740386963,-2.660949230194092,0.6260241866111755,2.516739845275879,-0.8854149580001831
1.8019465208053589,0.35554277896881104,-1.7035725116729736,-2.66188907623291,0.6296891570091248,2.515596866607666,-0.8650273084640503
1.8028755187988281,0.3580658435821533,-1.7047861814498901,-2.662825584411621,0.6333532333374023,2.51444149017334,-0.8446397185325623
1.8037770986557007,0.36059683561325073,-1.7059739828109741,-2.663759231567383,0.6370152831077576,2.5132741928100586,-0.8242520093917847
1.8046520948410034,0.3631386458873749,-1.707136869430542,-2.664689540863037,0.6406782865524292,2.512092351913452,-0.8038644194602966
1.8055000305175781,0.3656885027885437,-1.708274483680725,-2.665616989135742,0.6443390846252441,2.5108985900878906,-0.7834767699241638
1.8063201904296875,0.3682480454444885,-1.709385871887207,-2.6665408611297607,0.6479989886283875,2.5096917152404785,-0.763089120388031
1.8071166276931763,0.3708173930644989,-1.710474967956543,-2.66746187210083,0.6516585946083069,2.5084705352783203,-0.7427014708518982
1.8078842163085938,0.37339550256729126,-1.711537480354309,-2.668379783630371,0.655316948890686,2.507237434387207,-0.7223138213157654
1.8086278438568115,0.3759835362434387,-1.7125771045684814,-2.6692943572998047,0.6589746475219727,2.505990505218506,-0.7019262313842773
1.8093454837799072,0.37858134508132935,-1.7135928869247437,-2.670206069946289,0.6626311540603638,2.504730224609375,-0.6815385818481445
1.8100394010543823,0.3811890184879303,-1.7145867347717285,-2.671114683151245,0.6662872433662415,2.5034561157226562,-0.6611509323120117
1.8107073307037354,0.383806437253952,-1.715556263923645,-2.6720199584960938,0.6699419021606445,2.502168655395508,-0.6407632827758789
1.8113517761230469,0.38643383979797363,-1.7165043354034424,-2.672922372817993,0.6735963225364685,2.5008676052093506,-0.6203756928443909
1.8119733333587646,0.3890713155269623,-1.717430830001831,-2.6738219261169434,0.6772496104240417,2.4995522499084473,-0.5999880433082581
1.812569260597229,0.39171910285949707,-1.7183340787887573,-2.674718141555786,0.6809021234512329,2.4982235431671143,-0.5796003937721252
1.8131425380706787,0.39437711238861084,-1.719215750694275,-2.6756110191345215,0.684553861618042,2.496880531311035,-0.5592127442359924
1.8136934041976929,0.39704540371894836,-1.7200775146484375,-2.676501512527466,0.6882050037384033,2.495523452758789,-0.5388250946998596
1.8142216205596924,0.39972493052482605,-1.7209184169769287,-2.6773884296417236,0.6918554902076721,2.4941518306732178,-0.5184375047683716
1.8147261142730713,0.4024142920970917,-1.7217376232147217,-2.6782724857330322,0.6955049633979797,2.4927666187286377,-0.4980498254299164
1.8152098655700684,0.4051153063774109,-1.7225382328033447,-2.6791534423828125,0.6991535425186157,2.491365909576416,-0.47766220569610596
1.8156708478927612,0.40782710909843445,-1.7233176231384277,-2.6800315380096436,0.7028019428253174,2.4899513721466064,-0.45727458596229553
1.8161102533340454,0.4105493724346161,-1.724077582359314,-2.6809065341949463,0.7064492106437683,2.4885222911834717,-0.4368869364261627
1.8165284395217896,0.41328316926956177,-1.724818229675293,-2.6817784309387207,0.7100961208343506,2.4870781898498535,-0.4164992868900299
1.8169257640838623,0.4160286486148834,-1.725540041923523,-2.682647228240967,0.7137422561645508,2.485618829727173,-0.3961116373538971
1.817301869392395,0.41878455877304077,-1.7262428998947144,-2.6835134029388428,0.7173871397972107,2.484145164489746,-0.37572401762008667
1.799429178237915,0.4465070962905884,-1.7226433753967285,-2.6863362789154053,0.7532100677490234,2.4676613807678223,-0.40034112334251404
1.7801800966262817,0.47546690702438354,-1.7181832790374756,-2.6885547637939453,0.7889437675476074,2.449585199356079,-0.4249582290649414
1.7596882581710815,0.5058467388153076,-1.7130218744277954,-2.6901698112487793,0.8246378898620605,2.42977237701416,-0.4495753347873688
1.7380702495574951,0.5378623604774475,-1.7073036432266235,-2.6911818981170654,0.8603536486625671,2.408047676086426,-0.47419244050979614
1.7154264450073242,0.5717645287513733,-1.7011610269546509,-2.691591262817383,0.8961639404296875,2.384202003479004,-0.4988095462322235
1.6918433904647827,0.6078519821166992,-1.6947158575057983,-2.6913976669311523,0.9321576952934265,2.3579819202423096,-0.5234266519546509
1.6673974990844727,0.6464859247207642,-1.6880887746810913,-2.690600872039795,0.9684459567070007,2.329073905944824,-0.5480437874794006
1.6421548128128052,0.6881089806556702,-1.681397557258606,-2.6892004013061523,1.0051658153533936,2.297088623046875,-0.5726608633995056
1.6161670684814453,0.7332732677459717,-1.6747617721557617,-2.687195062637329,1.0424931049346924,2.2615342140197754,-0.5972779393196106
1.5894733667373657,0.7826875448226929,-1.6683080196380615,-2.684583902359009,1.0806584358215332,2.2217726707458496,-0.6218950748443604
1.5620934963226318,0.8372812867164612,-1.662175178527832,-2.681366205215454,1.1199684143066406,2.1769609451293945,-0.6465121507644653
1.5340185165405273,0.8983308672904968,-1.6565241813659668,-2.6775400638580322,1.1608585119247437,2.125934600830078,-0.6711292862892151
1.505195140838623,0.9676665663719177,-1.6515531539916992,-2.6731045246124268,1.2039649486541748,2.0670182704925537,-0.6957463622093201
1.5023120641708374,0.8938717842102051,-1.6482064723968506,-2.6650547981262207,1.1574286222457886,2.128169536590576,-0.6645983457565308
1.4978046417236328,0.829387903213501,-1.6438570022583008,-2.656853675842285,1.1130986213684082,2.1802759170532227,-0.6334503293037415
1.4917391538619995,0.7721244096755981,-1.6384191513061523,-2.648491859436035,1.0703613758087158,2.2253007888793945,-0.6023023128509521
1.4841264486312866,0.7206410765647888,-1.6318036317825317,-2.6399619579315186,1.0288166999816895,2.2646002769470215,-0.5711542367935181
1.4749338626861572,0.6738926768302917,-1.6239060163497925,-2.631255865097046,0.9881886839866638,2.2991623878479004,-0.5400062203407288
1.4640979766845703,0.6310961246490479,-1.614609956741333,-2.6223654747009277,0.9482797384262085,2.329728603363037,-0.5088582038879395
1.4515249729156494,0.5916451811790466,-1.6037782430648804,-2.6132829189300537,0.908942461013794,2.356875419616699,-0.47771018743515015
1.4370930194854736,0.5550643801689148,-1.591254711151123,-2.6040003299713135,0.8700645565986633,2.3810575008392334,-0.44656217098236084
1.420648455619812,0.5209736824035645,-1.5768561363220215,-2.594510078430176,0.8315607309341431,2.4026403427124023,-0.41541415452957153
1.4020042419433594,0.48906680941581726,-1.5603693723678589,-2.584803581237793,0.7933613657951355,2.4219226837158203,-0.38426610827445984
1.3809343576431274,0.4590967297554016,-1.5415449142456055,-2.574873685836792,0.7554138898849487,2.4391493797302246,-0.35311809182167053
1.3571676015853882,0.43086206912994385,-1.520089864730835,-2.5647127628326416,0.7176716327667236,2.4545271396636963,-0.3219700753688812
1.3303831815719604,0.40420258045196533,-1.4956636428833008,-2.5543129444122314,0.6800978183746338,2.4682259559631348,-0.2908220589160919
1.3001940250396729,0.37899231910705566,-1.467859148979187,-2.5436668395996094,0.6426613926887512,2.4803924560546875,-0.2596740126609802
1.2661479711532593,0.3551388084888458,-1.4362068176269531,-2.532766819000244,0.6053367257118225,2.4911482334136963,-0.2285260111093521
1.227708339691162,0.3325780928134918,-1.4001513719558716,-2.521605968475342,0.5681002140045166,2.500598430633545,-0.19737796485424042
1.1842526197433472,0.311277836561203,-1.3590521812438965,-2.510176658630371,0.5309321284294128,2.5088305473327637,-0.1662299782037735
1.1350557804107666,0.2912365198135376,-1.3121668100357056,-2.498472213745117,0.4938139319419861,2.515921115875244,-0.135081946849823
1.0793042182922363,0.2724870443344116,-1.2586643695831299,-2.4864845275878906,0.45673006772994995,2.521933078765869,-0.1039339229464531
1.0161054134368896,0.25509926676750183,-1.1976335048675537,-2.4742074012756348,0.4196646809577942,2.526920795440674,-0.0727858766913414
0.944534182548523,0.2391841858625412,-1.1281318664550781,-2.4616332054138184,0.3826030194759369,2.5309295654296875,-0.04163789004087448
0.8637301325798035,0.22489666938781738,-1.0492801666259766,-2.4487552642822266,0.34553101658821106,2.533996105194092,-0.01048984844237566
0.7730377912521362,0.21243418753147125,-0.9604039192199707,-2.4355673789978027,0.3084338903427124,2.53615140914917,0.020658142864704132
0.6722285151481628,0.20203463733196259,-0.861255407333374,-2.4220616817474365,0.2712964713573456,2.537418842315674,0.05180621147155762
0.5617730021476746,0.1939574033021927,-0.7522849440574646,-2.4082319736480713,0.23410487174987793,2.5378165245056152,0.08295420557260513
0.4430798888206482,0.18846067786216736,-0.6348806023597717,-2.394071102142334,0.1968417465686798,2.537355899810791,0.11410224437713623
0.31859397888183594,0.18576277792453766,-0.5114623308181763,-2.3795723915100098,0.15949119627475739,2.536044120788574,0.14525029063224792
0.19161289930343628,0.18600626289844513,-0.3853077292442322,-2.3647289276123047,0.12203372269868851,2.5338830947875977,0.17639832198619843
0.06581972539424896,0.18923065066337585,-0.2600739896297455,-2.349534034729004,0.08444983512163162,2.5308682918548584,0.20754626393318176
-0.055354539304971695,0.19536684453487396,-0.13916578888893127,-2.3339805603027344,0.04671688377857208,2.526991367340088,0.23869433999061584
-0.1692461520433426,0.2042580544948578,-0.02521863579750061,-2.318061351776123,0.00881104078143835,2.522237539291382,0.26984235644340515
-0.2742198407649994,0.2156934291124344,0.08016257733106613,-2.301769495010376,-0.029295489192008972,2.516587495803833,0.30099043250083923
-0.36961570382118225,0.2294456958770752,0.17635121941566467,-2.285097122192383,-0.06763272732496262,2.510014057159424,0.33213838934898376
-0.4555298984050751,0.24530120193958282,0.26347965002059937,-2.2680373191833496,-0.10623525828123093,2.5024874210357666,0.36328640580177307
-0.5325465798377991,0.2630765736103058,0.3421713411808014,-2.250581741333008,-0.1451416313648224,2.4939663410186768,0.39443448185920715
-0.6014968156814575,0.2826280891895294,0.4133017361164093,-2.232722520828247,-0.1843947470188141,2.4844045639038086,0.4255824685096741
-0.6633013486862183,0.30385667085647583,0.4778408110141754,-2.214451313018799,-0.2240448296070099,2.4737472534179688,0.456730455160141
-0.7188661098480225,0.3267025947570801,0.5367494225502014,-2.1957597732543945,-0.2641487717628479,2.461928606033325,0.4878785312175751
-0.769028902053833,0.3511442542076111,0.5909281373023987,-2.176638126373291,-0.30477142333984375,2.448871612548828,0.519026517868042
-0.8145318627357483,0.3771992623806,0.6411902904510498,-2.157076835632324,-0.3459886908531189,2.4344863891601562,0.5501745939254761
-0.8560228943824768,0.4049191176891327,0.6882678270339966,-2.137065887451172,-0.3878887891769409,2.4186673164367676,0.5813226103782654
-0.8940594792366028,0.434390664100647,0.7328099012374878,-2.1165943145751953,-0.4305749833583832,2.4012887477874756,0.6124705672264099
-0.9291129112243652,0.4657392203807831,0.7754024267196655,-2.0956509113311768,-0.4741700291633606,2.382202625274658,0.643618643283844
-0.9615840911865234,0.49913015961647034,0.8165796995162964,-2.074223041534424,-0.5188201665878296,2.3612313270568848,0.6747666597366333
-0.9918069243431091,0.5347787737846375,0.8568368554115295,-2.0522971153259277,-0.5647032260894775,2.338160991668701,0.7059147357940674
-1.0200650691986084,0.5729571580886841,0.8966537714004517,-2.0298595428466797,-0.612036943435669,2.312730312347412,0.7370626330375671
-1.046591877937317,0.6140143871307373,0.9365091919898987,-2.00689435005188,-0.6610942482948303,2.2846145629882812,0.7682107090950012
-1.0715793371200562,0.6583977341651917,0.9769057035446167,-1.983384609222412,-0.7122219204902649,2.253406047821045,0.7993587851524353
-1.0951807498931885,0.7066916823387146,1.018401861190796,-1.9593126773834229,-0.7658731937408447,2.2185771465301514,0.8305068016052246
-1.1175132989883423,0.7596818804740906,1.0616592168807983,-1.934658169746399,-0.8226574659347534,2.1794257164001465,0.8616547584533691
-1.138654112815857,0.8184601664543152,1.1075172424316406,-1.9093989133834839,-0.8834320902824402,2.134982109069824,0.8928027749061584
-1.1586331129074097,0.884624183177948,1.1571296453475952,-1.8835111856460571,-0.9494600296020508,2.0838353633880615,0.9239508509635925
-1.0599520206451416,0.7651380896568298,1.046520471572876,-1.9110838174819946,-0.8158072233200073,2.1743569374084473,0.9192602038383484
-0.9504375457763672,0.672095537185669,0.9396607875823975,-1.933990240097046,-0.6965904235839844,2.241352081298828,0.9145695567131042
-0.8288562893867493,0.5978522896766663,0.829953670501709,-1.952262282371521,-0.5860094428062439,2.2919974327087402,0.9098789095878601
-0.6938953995704651,0.5385979413986206,0.7130690813064575,-1.9659150838851929,-0.48099079728126526,2.3302059173583984,0.905188262462616
-0.5446845889091492,0.49240776896476746,0.5861615538597107,-1.9749516248703003,-0.3796856105327606,2.3583476543426514,0.9004976153373718
-0.3814668357372284,0.45842766761779785,0.44802871346473694,-1.9793684482574463,-0.28087785840034485,2.3779311180114746,0.8958069682121277
-0.20628757774829865,0.4364185631275177,0.2995612621307373,-1.9791598320007324,-0.1837015300989151,2.389923572540283,0.8911163210868835
-0.023354334756731987,0.4264104962348938,0.14397162199020386,-1.9743150472640991,-0.08748092502355576,2.3949127197265625,0.8864256739616394
0.16139015555381775,0.42842432856559753,-0.013713851571083069,-1.9648230075836182,0.008372524753212929,2.3931941986083984,0.8817350268363953
0.3415565490722656,0.4423288404941559,-0.16800415515899658,-1.9506683349609375,0.10443811863660812,2.3848094940185547,0.8770443797111511
0.5118443369865417,0.4678635001182556,-0.31453707814216614,-1.931827187538147,0.20136061310768127,2.3695478439331055,0.872353732585907
0.668989360332489,0.5048223733901978,-0.4510926902294159,-1.9082642793655396,0.29993322491645813,2.346921682357788,0.8676630854606628
0.811804473400116,0.5533173084259033,-0.5777363777160645,-1.8799257278442383,0.4012101888656616,2.3160922527313232,0.8629724383354187
0.9406246542930603,0.6140750646591187,-0.6964210867881775,-1.84673011302948,0.5066882967948914,2.2757253646850586,0.8582817912101746
1.0566092729568481,0.6888354420661926,-0.8105913996696472,-1.808556318283081,0.6186344623565674,2.2237067222595215,0.8535911440849304
1.161173939704895,0.7810737490653992,-0.9252445101737976,-1.765228271484375,0.7407741546630859,2.156525135040283,0.8489004969596863
1.255569577217102,0.8977739214897156,-1.0480972528457642,-1.716493010520935,0.8800224661827087,2.0677199363708496,0.8442098498344421
1.2552993297576904,0.9016441702842712,-1.0488617420196533,-1.7111315727233887,0.8822278380393982,2.064584255218506,0.8227531909942627
1.2550241947174072,0.9055387377738953,-1.049660325050354,-1.7057437896728516,0.884460985660553,2.061427354812622,0.8012965321540833
1.2547423839569092,0.9094591736793518,-1.0504928827285767,-1.7003272771835327,0.8867232799530029,2.0582475662231445,0.7798398733139038
1.254455327987671,0.9134060740470886,-1.0513614416122437,-1.6948829889297485,0.8890161514282227,2.0550448894500732,0.7583832144737244
1.2541625499725342,0.9173789620399475,-1.0522655248641968,-1.6894108057022095,0.8913388848304749,2.051819324493408,0.7369265556335449
1.2538648843765259,0.9213804006576538,-1.053208589553833,-1.683909296989441,0.8936947584152222,2.0485682487487793,0.7154698967933655
1.25356125831604,0.925409197807312,-1.0541884899139404,-1.6783791780471802,0.8960822820663452,2.0452938079833984,0.694013237953186
1.2532527446746826,0.9294675588607788,-1.0552095174789429,-1.6728191375732422,0.8985055685043335,2.041992664337158,0.6725565791130066
1.2529385089874268,0.9335549473762512,-1.056269645690918,-1.6672296524047852,0.9009628891944885,2.0386669635772705,0.6510999202728271
1.2526174783706665,0.9376714825630188,-1.057369589805603,-1.6616101264953613,0.9034555554389954,2.03531551361084,0.6296432614326477
1.2522921562194824,0.9418198466300964,-1.0585134029388428,-1.6559596061706543,0.9059863090515137,2.0319361686706543,0.6081866025924683
1.2519606351852417,0.9459987878799438,-1.059699535369873,-1.6502785682678223,0.9085556864738464,2.0285301208496094,0.5867299437522888
1.2516230344772339,0.9502105116844177,-1.0609300136566162,-1.6445661783218384,0.9111642241477966,2.0250961780548096,0.5652732849121094
1.2512807846069336,0.9544549584388733,-1.062206745147705,-1.638822078704834,0.9138136506080627,2.021632671356201,0.5438166260719299
1.250931978225708,0.9587332010269165,-1.0635294914245605,-1.6330454349517822,0.9165055751800537,2.0181403160095215,0.5223599672317505
1.2505779266357422,0.9630469083786011,-1.064901351928711,-1.6272361278533936,0.9192419052124023,2.0146169662475586,0.500903308391571
1.2502177953720093,0.9673948287963867,-1.0663212537765503,-1.6213942766189575,0.9220216274261475,2.011064052581787,0.4794466495513916
1.2498524188995361,0.9717808365821838,-1.067793607711792,-1.6155186891555786,0.9248499274253845,2.0074779987335205,0.45798999071121216
1.249480962753296,0.976203441619873,-1.06931734085083,-1.6096091270446777,0.9277257323265076,2.0038602352142334,0.4365333318710327
1.2491040229797363,0.9806647896766663,-1.0708955526351929,-1.6036646366119385,0.9306514263153076,2.0002083778381348,0.4150766432285309
1.2487211227416992,0.9851654767990112,-1.072528600692749,-1.5976858139038086,0.9336286187171936,1.9965229034423828,0.39362001419067383
1.2483322620391846,0.9897076487541199,-1.074219822883606,-1.5916712284088135,0.9366609454154968,1.9928014278411865,0.3721633553504944
1.2479374408721924,0.9942914247512817,-1.0759693384170532,-1.585620403289795,0.9397473335266113,1.989043951034546,0.35070669651031494
1.2475361824035645,0.9989168643951416,-1.0777782201766968,-1.579533338546753,0.9428896903991699,1.9852505922317505,0.3292500376701355
1.2471294403076172,1.0035873651504517,-1.079650640487671,-1.573408842086792,0.946092426776886,1.981418251991272,0.30779334902763367
1.2467175722122192,1.0083034038543701,-1.0815887451171875,-1.5672473907470703,0.9493575692176819,1.977545976638794,0.2863367199897766
1.2462983131408691,1.013066291809082,-1.0835922956466675,-1.5610466003417969,0.9526854753494263,1.9736337661743164,0.2648800313472748
1.2458733320236206,1.0178779363632202,-1.0856653451919556,-1.5548076629638672,0.9560803771018982,1.969679594039917,0.24342338740825653
1.2454421520233154,1.022739052772522,-1.0878093242645264,-1.5485284328460693,0.9595431685447693,1.9656826257705688,0.22196675837039948
1.245010495185852,1.0276517868041992,-1.0900323390960693,-1.5422096252441406,0.9630783200263977,1.9616405963897705,0.20051005482673645
1.2445671558380127,1.0326178073883057,-1.0923272371292114,-1.5358495712280273,0.9666875600814819,1.9575531482696533,0.1790534108877182
1.244118094444275,1.037638783454895,-1.0947017669677734,-1.5294480323791504,0.9703732132911682,1.953418254852295,0.15759678184986115
1.2436615228652954,1.0427154302597046,-1.0971565246582031,-1.5230045318603516,0.9741384983062744,1.9492359161376953,0.13614006340503693
1.243199110031128,1.0478522777557373,-1.0996978282928467,-1.5165176391601562,0.9779881238937378,1.9450018405914307,0.11468341946601868
1.2427304983139038,1.0530495643615723,-1.1023279428482056,-1.5099873542785645,0.9819253087043762,1.9407155513763428,0.09322679042816162
1.2422548532485962,1.0583091974258423,-1.105048656463623,-1.5034122467041016,0.9859519004821777,1.936375617980957,0.07177014648914337
1.2417731285095215,1.0636348724365234,-1.1078660488128662,-1.4967918395996094,0.9900734424591064,1.9319791793823242,0.05031343549489975
1.2412841320037842,1.0690279006958008,-1.1107817888259888,-1.4901249408721924,0.9942933320999146,1.9275251626968384,0.02885678969323635
1.240788221359253,1.0744917392730713,-1.1138012409210205,-1.4834110736846924,0.9986165165901184,1.9230103492736816,0.007400160189718008
1.2402857542037964,1.0800279378890991,-1.1169281005859375,-1.476649522781372,1.0030466318130493,1.9184335470199585,-0.014056550338864326
1.2397762537002563,1.0856398344039917,-1.1201672554016113,-1.469839096069336,1.0075888633728027,1.9137918949127197,-0.03551318123936653
1.2392594814300537,1.0913307666778564,-1.1235233545303345,-1.4629786014556885,1.0122482776641846,1.9090824127197266,-0.05696982517838478
1.238735318183899,1.097104787826538,-1.1270023584365845,-1.4560675621032715,1.0170316696166992,1.9043021202087402,-0.0784265547990799
1.238203763961792,1.1029647588729858,-1.1306097507476807,-1.4491040706634521,1.0219449996948242,1.899448275566101,-0.09988316893577576
1.2376654148101807,1.1089141368865967,-1.1343514919281006,-1.4420878887176514,1.0269930362701416,1.8945177793502808,-0.121339812874794
1.237119436264038,1.1149578094482422,-1.1382347345352173,-1.4350175857543945,1.0321844816207886,1.889506459236145,-0.14279645681381226
1.2365646362304688,1.1210992336273193,-1.1422641277313232,-1.4278919696807861,1.0375250577926636,1.8844122886657715,-0.16425316035747528
1.236002802848816,1.1273436546325684,-1.1464495658874512,-1.4207100868225098,1.043023705482483,1.8792299032211304,-0.18570980429649353
1.2354316711425781,1.133695363998413,-1.1507965326309204,-1.4134705066680908,1.0486875772476196,1.873956322669983,-0.20716644823551178
1.23485267162323,1.1401612758636475,-1.1553168296813965,-1.406172275543213,1.0545281171798706,1.8685849905014038,-0.2286231368780136
1.2342655658721924,1.1467461585998535,-1.1600184440612793,-1.3988134860992432,1.0605542659759521,1.8631123304367065,-0.25007978081703186
1.2336689233779907,1.1534578800201416,-1.164912223815918,-1.391392707824707,1.066777229309082,1.8575315475463867,-0.2715364396572113
1.2330635786056519,1.160301923751831,-1.170008897781372,-1.3839094638824463,1.0732090473175049,1.8518381118774414,-0.29299306869506836
1.2324485778808594,1.1672868728637695,-1.1753209829330444,-1.3763606548309326,1.0798618793487549,1.846024513244629,-0.3144497573375702
1.2318238019943237,1.1744213104248047,-1.1808620691299438,-1.368746280670166,1.0867514610290527,1.8400839567184448,-0.33590641617774963
1.2452336549758911,1.0166149139404297,-1.038456678390503,-1.4901599884033203,0.9187875986099243,1.9690313339233398,-0.32478195428848267
1.2601525783538818,0.900903046131134,-0.9524723291397095,-1.598278522491455,0.809909999370575,2.0615439414978027,-0.3136574923992157
1.2779327630996704,0.8067380785942078,-0.8949046730995178,-1.6965227127075195,0.7297491431236267,2.1351733207702637,-0.30253303050994873
1.299470067024231,0.7263181805610657,-0.8555724024772644,-1.787003993988037,0.6669818162918091,2.1966233253479004,-0.29140856862068176
1.3256133794784546,0.655712366104126,-0.8298090100288391,-1.8711235523223877,0.6160820722579956,2.249305009841919,-0.2802841067314148
1.3036704063415527,0.6487740278244019,-0.7912468314170837,-1.8542088270187378,0.5868101716041565,2.2531352043151855,-0.2514372766017914
1.2804386615753174,0.6431918740272522,-0.751606822013855,-1.8363560438156128,0.557294487953186,2.2559900283813477,-0.22259046137332916
1.2559926509857178,0.638978123664856,-0.710919976234436,-1.8175408840179443,0.5274911522865295,2.2578768730163574,-0.19374364614486694
1.230419635772705,0.6361520290374756,-0.6692274808883667,-1.7977344989776611,0.497356116771698,2.258796215057373,-0.16489681601524353
1.2038160562515259,0.6347379088401794,-0.6265769004821777,-1.776904821395874,0.46684110164642334,2.258741855621338,-0.1360500007867813
1.176288366317749,0.6347639560699463,-0.5830218195915222,-1.7550147771835327,0.4358977675437927,2.2577033042907715,-0.10720318555831909
1.1479506492614746,0.6362650394439697,-0.5386191606521606,-1.7320219278335571,0.40447184443473816,2.255661964416504,-0.07835637032985687
1.1189221143722534,0.6392800211906433,-0.4934239387512207,-1.7078783512115479,0.37250396609306335,2.252593517303467,-0.04950954020023346
1.0893278121948242,0.6438553333282471,-0.4474903643131256,-1.6825284957885742,0.33992740511894226,2.248464822769165,-0.020662738010287285
1.0592930316925049,0.6500417590141296,-0.4008626937866211,-1.6559090614318848,0.30666741728782654,2.2432358264923096,0.008184093981981277
1.0289418697357178,0.6579005122184753,-0.3535729944705963,-1.6279456615447998,0.2726369798183441,2.23685622215271,0.0370309017598629
0.9983968734741211,0.667500913143158,-0.30563658475875854,-1.59855318069458,0.2377340942621231,2.229264259338379,0.06587773561477661
0.9677752256393433,0.6789266467094421,-0.25704413652420044,-1.5676307678222656,0.20183873176574707,2.220386505126953,0.09472453594207764
0.937188982963562,0.6922757625579834,-0.20775814354419708,-1.5350606441497803,0.1648067831993103,2.210132598876953,0.12357136607170105
0.9130288362503052,0.6797084808349609,-0.17168697714805603,-1.5511670112609863,0.1351453810930252,2.219231367111206,0.11333179473876953
0.8884791731834412,0.6680222749710083,-0.13579998910427094,-1.5668723583221436,0.10609682649374008,2.227672815322876,0.10309222340583801
0.8635554909706116,0.6571840643882751,-0.10005735605955124,-1.5821921825408936,0.07760514318943024,2.2354884147644043,0.0928526520729065
0.8382760286331177,0.6471666097640991,-0.06442761421203613,-1.5971407890319824,0.04962014779448509,2.242708444595337,0.08261308073997498
0.8126608729362488,0.6379457116127014,-0.028886763378977776,-1.6117323637008667,0.02209775149822235,2.249358892440796,0.07237350940704346
0.7867336869239807,0.6294995546340942,0.006580911111086607,-1.6259791851043701,-0.005001514684408903,2.255462169647217,0.06213393434882164
0.7605203986167908,0.6218104362487793,0.041985806077718735,-1.6398934125900269,-0.031713273376226425,2.2610394954681396,0.05189436674118042
0.7340491414070129,0.6148631572723389,0.07733198255300522,-1.6534850597381592,-0.05807015299797058,2.266108512878418,0.0416547954082489
0.70735102891922,0.6086421012878418,0.1126183569431305,-1.6667654514312744,-0.08410109579563141,2.2706847190856934,0.03141523152589798
0.6804591417312622,0.6031365394592285,0.14783884584903717,-1.6797432899475098,-0.10983236879110336,2.27478289604187,0.021175652742385864
0.6534093022346497,0.5983353853225708,0.18298250436782837,-1.6924278736114502,-0.13528844714164734,2.278414487838745,0.010936075821518898
0.6262391805648804,0.5942289233207703,0.2180350422859192,-1.7048280239105225,-0.16049209237098694,2.281590461730957,0.0006965055945329368
0.5989878177642822,0.5908089280128479,0.2529785931110382,-1.7169512510299683,-0.1854635328054428,2.2843198776245117,-0.00954305287450552
0.5716961026191711,0.5880682468414307,0.2877923548221588,-1.7288055419921875,-0.21022246778011322,2.2866106033325195,-0.01978263072669506
0.5444060564041138,0.5860002040863037,0.3224528133869171,-1.7403974533081055,-0.23478583991527557,2.288468360900879,-0.030022207647562027
0.517160177230835,0.5845993757247925,0.3569353520870209,-1.7517340183258057,-0.25917142629623413,2.289897918701172,-0.040261778980493546
0.49000176787376404,0.5838611721992493,0.39121299982070923,-1.7628215551376343,-0.28339433670043945,2.2909040451049805,-0.05050135403871536
0.46297335624694824,0.5837799906730652,0.42525896430015564,-1.7736663818359375,-0.3074696362018585,2.2914886474609375,-0.06074090674519539
0.43611907958984375,0.5843532085418701,0.4590439200401306,-1.7842739820480347,-0.3314107060432434,2.291654348373413,-0.0709804818034172
0.40947893261909485,0.5855769515037537,0.49254247546195984,-1.7946499586105347,-0.3552318215370178,2.2913994789123535,-0.08122006058692932
0.38309547305107117,0.5874495506286621,0.5257281064987183,-1.8047993183135986,-0.3789454698562622,2.290724277496338,-0.09145961701869965
0.3570079803466797,0.5899684429168701,0.5585703253746033,-1.814727783203125,-0.40256425738334656,2.28962779045105,-0.10169921815395355
0.33125370740890503,0.5931334495544434,0.5910472273826599,-1.8244391679763794,-0.4261000454425812,2.288105010986328,-0.11193877458572388
0.3058680295944214,0.5969431400299072,0.6231356859207153,-1.8339389562606812,-0.4495658278465271,2.2861528396606445,-0.12217835336923599
0.28088557720184326,0.6013988852500916,0.6548137664794922,-1.843230962753296,-0.47297215461730957,2.2837655544281006,-0.13241791725158691
0.2563371956348419,0.6065020561218262,0.6860629916191101,-1.8523194789886475,-0.4963315427303314,2.2809364795684814,-0.14265747368335724
0.2322518676519394,0.612255334854126,0.7168660163879395,-1.8612089157104492,-0.5196549892425537,2.2776577472686768,-0.15289707481861115
0.2086544781923294,0.6186622381210327,0.7472107410430908,-1.8699028491973877,-0.5429551005363464,2.273919105529785,-0.16313663125038147
0.1855693906545639,0.625728964805603,0.7770849466323853,-1.8784050941467285,-0.5662438273429871,2.2697103023529053,-0.173376202583313
0.1630169302225113,0.6334616541862488,0.8064807057380676,-1.8867191076278687,-0.5895333886146545,2.2650179862976074,-0.1836157739162445
0.14101532101631165,0.6418700218200684,0.835392951965332,-1.8948487043380737,-0.6128373742103577,2.2598283290863037,-0.19385534524917603
0.1195812001824379,0.6509634256362915,0.8638175129890442,-1.9027968645095825,-0.6361677050590515,2.2541260719299316,-0.20409491658210754
0.0987246185541153,0.6607557535171509,0.8917584419250488,-1.910567045211792,-0.6595407724380493,2.2478909492492676,-0.21433447301387787
0.07845822721719742,0.6712619662284851,0.919217050075531,-1.91816246509552,-0.6829696893692017,2.2411036491394043,-0.22457407414913177
0.05879136547446251,0.682500958442688,0.9461991786956787,-1.9255859851837158,-0.7064712643623352,2.233741044998169,-0.2348136305809021
0.039729442447423935,0.6944937705993652,0.972714900970459,-1.9328404664993286,-0.7300628423690796,2.2257771492004395,-0.24505317211151123
0.021275997161865234,0.7072662711143494,0.9987781643867493,-1.9399287700653076,-0.7537631392478943,2.2171812057495117,-0.2552928030490875
0.003436168422922492,0.720847487449646,1.0244017839431763,-1.946853756904602,-0.7775928378105164,2.2079226970672607,-0.26553234457969666
-0.013789020478725433,0.7352717518806458,1.0496046543121338,-1.9536179304122925,-0.8015739321708679,2.197963237762451,-0.2757719159126282
-0.030400415882468224,0.750578761100769,1.0744091272354126,-1.9602241516113281,-0.8257330060005188,2.1872611045837402,-0.2860114872455597
0.015366648323833942,0.735149085521698,1.0317763090133667,-1.9355425834655762,-0.7901719212532043,2.197159767150879,-0.31608739495277405
0.061982493847608566,0.7220598459243774,0.9882560968399048,-1.9102610349655151,-0.754996657371521,2.205258846282959,-0.346163272857666
0.10934125632047653,0.7111817598342896,0.9439005851745605,-1.8843498229980469,-0.720130980014801,2.2116942405700684,-0.37623918056488037
0.15733134746551514,0.7024103403091431,0.8987708687782288,-1.8577756881713867,-0.6855014562606812,2.2165772914886475,-0.4063150882720947
0.2058316171169281,0.6956630945205688,0.8529396653175354,-1.830503225326538,-0.6510434150695801,2.2199974060058594,-0.4363909661769867
0.254717081785202,0.6908754706382751,0.8064849972724915,-1.8024911880493164,-0.6166935563087463,2.22202467918396,-0.46646687388420105
0.3038574457168579,0.6879957318305969,0.759488582611084,-1.7736960649490356,-0.5823882818222046,2.2227139472961426,-0.4965427815914154
0.3531208038330078,0.6869871020317078,0.7120327949523926,-1.7440674304962158,-0.5480660796165466,2.222104549407959,-0.5266186594963074
0.40237829089164734,0.6878237724304199,0.6641913056373596,-1.713549017906189,-0.5136615633964539,2.220224618911743,-0.5566945672035217
0.45149967074394226,0.690490186214447,0.6160411834716797,-1.6820766925811768,-0.47910603880882263,2.2170870304107666,-0.5867704749107361
0.5003613233566284,0.6949825882911682,0.567639172077179,-1.6495788097381592,-0.4443250596523285,2.2126941680908203,-0.6168463230133057
0.548845648765564,0.7013093829154968,0.5190308094024658,-1.6159710884094238,-0.4092375636100769,2.20703387260437,-0.6469222903251648
0.5968436598777771,0.7094901204109192,0.47024208307266235,-1.5811576843261719,-0.3737505376338959,2.200082302093506,-0.6769981384277344
0.6241907477378845,0.7053636312484741,0.43591147661209106,-1.5747151374816895,-0.34611138701438904,2.202676773071289,-0.7063738107681274
0.6517345309257507,0.70196533203125,0.401376873254776,-1.568103551864624,-0.31847313046455383,2.204758882522583,-0.7357494831085205
0.6794459223747253,0.6992889046669006,0.36664849519729614,-1.5613181591033936,-0.2908157706260681,2.2063345909118652,-0.7651252150535583
0.70729660987854,0.697330117225647,0.3317345082759857,-1.5543560981750488,-0.26311999559402466,2.207411527633667,-0.7945008873939514
0.7352555990219116,0.6960835456848145,0.29664546251296997,-1.5472145080566406,-0.23536542057991028,2.2079944610595703,-0.8238765597343445
0.7632933855056763,0.6955493688583374,0.26139113306999207,-1.5398881435394287,-0.2075311690568924,2.2080864906311035,-0.8532522320747375
0.7913788557052612,0.6957252025604248,0.22598153352737427,-1.532374382019043,-0.1795969009399414,2.207688808441162,-0.8826279640197754
0.8194804191589355,0.6966125965118408,0.19042733311653137,-1.5246689319610596,-0.15154142677783966,2.206801414489746,-0.9120036363601685
0.8475689888000488,0.6982137560844421,0.15473541617393494,-1.5167670249938965,-0.12334252148866653,2.205423355102539,-0.9413793087005615
0.8756126761436462,0.7005323171615601,0.1189148798584938,-1.5086641311645508,-0.09497792273759842,2.203550338745117,-0.9707549810409546
0.9035816192626953,0.7035718560218811,0.08297088742256165,-1.5003571510314941,-0.06642168015241623,2.2011778354644775,-1.0001306533813477
0.931446373462677,0.707339882850647,0.04690798372030258,-1.491840124130249,-0.03764961659908295,2.1982991695404053,-1.0295063257217407
0.9591796398162842,0.7118436098098755,0.010726118460297585,-1.4831082820892334,-0.00863434374332428,2.1949050426483154,-1.0588819980621338
0.9867532253265381,0.7170932292938232,-0.025575535371899605,-1.474156379699707,0.020653849467635155,2.190986156463623,-1.0882577896118164
1.0141401290893555,0.7231009602546692,-0.06200080364942551,-1.4649786949157715,0.05024521425366402,2.1865296363830566,-1.11763334274292
1.0413168668746948,0.7298796772956848,-0.09855977445840836,-1.4555697441101074,0.08017440885305405,2.181520462036133,-1.1470091342926025
1.0682592391967773,0.7374467253684998,-0.1352650225162506,-1.4459233283996582,0.11047883331775665,2.175940990447998,-1.1763848066329956
1.0949485301971436,0.7458209991455078,-0.17213819921016693,-1.436032772064209,0.14120081067085266,2.169771194458008,-1.2057604789733887
1.1213581562042236,0.7550249695777893,-0.20919527113437653,-1.425891399383545,0.1723797619342804,2.1629889011383057,-1.2351361513137817
1.147472620010376,0.7650846242904663,-0.2464703470468521,-1.4154918193817139,0.20406921207904816,2.155567169189453,-1.2645118236541748
1.1732747554779053,0.7760298848152161,-0.284000039100647,-1.4048266410827637,0.23632268607616425,2.1474764347076416,-1.2938874959945679
1.1987494230270386,0.787896990776062,-0.3218301832675934,-1.3938865661621094,0.26920416951179504,2.138680934906006,-1.3232632875442505
1.223881721496582,0.8007276058197021,-0.36001428961753845,-1.3826632499694824,0.3027827739715576,2.129141330718994,-1.3526389598846436
1.2486591339111328,0.8145684003829956,-0.39861729741096497,-1.371147632598877,0.33713898062705994,2.11881160736084,-1.382014513015747
1.273071050643921,0.8294763565063477,-0.43771785497665405,-1.3593287467956543,0.37236472964286804,2.107637882232666,-1.4113903045654297
1.2971065044403076,0.8455188274383545,-0.47740793228149414,-1.3471951484680176,0.40856650471687317,2.0955588817596436,-1.4407659769058228
1.3207566738128662,0.8627736568450928,-0.5177988409996033,-1.3347358703613281,0.44586679339408875,2.0825016498565674,-1.4701416492462158
1.34401273727417,0.8813337087631226,-0.5590216517448425,-1.3219380378723145,0.48441219329833984,2.0683822631835938,-1.4995173215866089
1.3668676614761353,0.9013136029243469,-0.6012391448020935,-1.3087866306304932,0.5243780016899109,2.0530974864959717,-1.528892993927002
1.389312982559204,0.9228507280349731,-0.644645094871521,-1.2952666282653809,0.5659729838371277,2.0365240573883057,-1.558268666267395
1.4113426208496094,0.9461126923561096,-0.6894823908805847,-1.2813615798950195,0.6094567775726318,2.0185134410858154,-1.5876444578170776
1.4329465627670288,0.9713121652603149,-0.7360512614250183,-1.2670528888702393,0.655150830745697,1.9988791942596436,-1.6170201301574707
1.4541163444519043,0.9987196922302246,-0.7847400307655334,-1.2523202896118164,0.7034671306610107,1.9773834943771362,-1.6463956832885742
1.4748423099517822,1.028687596321106,-0.8360554575920105,-1.2371406555175781,0.7549417018890381,1.953721046447754,-1.6757713556289673
1.4951015710830688,1.0616989135742188,-0.8906784653663635,-1.221489667892456,0.8103070855140686,1.9274754524230957,-1.70514714717865
1.5148721933364868,1.0984258651733398,-0.9495729207992554,-1.2053391933441162,0.8705868124961853,1.8980685472488403,-1.734522819519043
1.5341157913208008,1.1398727893829346,-1.014174461364746,-1.188657522201538,0.9373136162757874,1.8646392822265625,-1.7638983726501465
1.5527726411819458,1.1876602172851562,-1.0868046283721924,-1.1714096069335938,1.0129649639129639,1.825803518295288,-1.793274164199829
1.5707148313522339,1.2447577714920044,-1.1717023849487305,-1.1535544395446777,1.1020734310150146,1.7790374755859375,-1.8226498365402222
