-1.1658549308776855,1.0931742191314697,0.909775972366333,-1.1733779907226562,-0.8348881006240845,1.9016189575195312,-2.643869400024414
-1.175384759902954,1.0855708122253418,0.9101115465164185,-1.1903712749481201,-0.8332301378250122,1.9079813957214355,-2.6208531856536865
-1.1849608421325684,1.0783228874206543,0.9109210968017578,-1.2069511413574219,-0.8320447206497192,1.914049506187439,-2.597836971282959
-1.1945786476135254,1.0714094638824463,0.9121555089950562,-1.2231454849243164,-0.8312833905220032,1.9198437929153442,-2.5748207569122314
-1.204240322113037,1.0648092031478882,0.9137771725654602,-1.238978385925293,-0.8309071660041809,1.9253814220428467,-2.551804780960083
-1.2139455080032349,1.0585068464279175,0.9157544374465942,-1.2544703483581543,-0.8308850526809692,1.9306750297546387,-2.5287885665893555
-1.2236932516098022,1.0524845123291016,0.9180542230606079,-1.269641399383545,-0.8311840891838074,1.935741662979126,-2.505772352218628
-1.2334849834442139,1.0467292070388794,0.9206531643867493,-1.2845087051391602,-0.8317791223526001,1.9405903816223145,-2.4827561378479004
-1.2433202266693115,1.0412285327911377,0.9235281944274902,-1.299088478088379,-0.8326494693756104,1.9452323913574219,-2.459739923477173
-1.2531988620758057,1.0359721183776855,0.9266597628593445,-1.313394546508789,-0.8337745070457458,1.9496763944625854,-2.4367237091064453
-1.263120412826538,1.0309492349624634,0.9300283193588257,-1.3274405002593994,-0.835134744644165,1.9539321660995483,-2.4137074947357178
-1.273085594177246,1.026151180267334,0.9336193203926086,-1.3412387371063232,-0.8367154598236084,1.9580059051513672,-2.3906915187835693
-1.2830939292907715,1.021571397781372,0.9374186396598816,-1.3548004627227783,-0.8385037779808044,1.9619044065475464,-2.367675304412842
-1.293139934539795,1.0172033309936523,0.9414087533950806,-1.3681354522705078,-0.8404872417449951,1.9656341075897217,-2.3446590900421143
-1.3032339811325073,1.0130372047424316,0.945586085319519,-1.381253719329834,-0.8426529765129089,1.9692001342773438,-2.3216428756713867
-1.3133699893951416,1.0090699195861816,0.9499361515045166,-1.3941638469696045,-0.8449920415878296,1.9726078510284424,-2.298626661300659
-1.323547601699829,1.0052963495254517,0.954449474811554,-1.4068737030029297,-0.8474958539009094,1.9758604764938354,-2.2756104469299316
-1.3337663412094116,1.0017101764678955,0.959115743637085,-1.4193918704986572,-0.8501543402671814,1.97896409034729,-2.252594470977783
-1.3440264463424683,0.998309850692749,0.9639295935630798,-1.4317240715026855,-0.8529621362686157,1.981919765472412,-2.2295782566070557
-1.3543272018432617,0.9950903654098511,0.9688825607299805,-1.443878173828125,-0.8559131026268005,1.984731912612915,-2.206562042236328
-1.3646677732467651,0.9920477867126465,0.9739665389060974,-1.4558601379394531,-0.8589985370635986,1.9874038696289062,-2.1835458278656006
-1.3750479221343994,0.9891806840896606,0.9791770577430725,-1.4676752090454102,-0.8622157573699951,1.98993718624115,-2.160529613494873
-1.385467767715454,0.9864853024482727,0.9845080375671387,-1.4793295860290527,-0.8655587434768677,1.992334246635437,-2.1375133991241455
-1.3959252834320068,0.9839604496955872,0.9899535775184631,-1.4908275604248047,-0.8690235018730164,1.9945971965789795,-2.114497184753418
-1.4064205884933472,0.9816024303436279,0.995508074760437,-1.5021743774414062,-0.8726040720939636,1.9967283010482788,-2.0914812088012695
-1.4169529676437378,0.9794108867645264,1.00116765499115,-1.5133748054504395,-0.8762989640235901,1.998728632926941,-2.068464994430542
-1.4275214672088623,0.977384626865387,1.0069279670715332,-1.52443265914917,-0.8801044225692749,2.0005993843078613,-2.0454487800598145
-1.4381260871887207,0.9755213856697083,1.0127849578857422,-1.5353519916534424,-0.8840169906616211,2.0023417472839355,-2.022432565689087
-1.4487651586532593,0.9738210439682007,1.0187344551086426,-1.5461370944976807,-0.8880340456962585,2.0039563179016113,-1.9994163513183594
-1.4594388008117676,0.972282350063324,1.0247735977172852,-1.5567913055419922,-0.8921541571617126,2.005444049835205,-1.9764002561569214
-1.4701454639434814,0.9709036350250244,1.0308973789215088,-1.5673184394836426,-0.8963727951049805,2.0068063735961914,-1.9533840417861938
-1.4808845520019531,0.9696871638298035,1.0371047258377075,-1.5777206420898438,-0.9006909132003784,2.0080416202545166,-1.9303678274154663
-1.4916545152664185,0.9686288237571716,1.0433893203735352,-1.5880022048950195,-0.9051028490066528,2.009152889251709,-1.9073517322540283
-1.502455472946167,0.9677324295043945,1.0497517585754395,-1.598165512084961,-0.9096118211746216,2.0101370811462402,-1.8843355178833008
-1.5132859945297241,0.9669963121414185,1.0561878681182861,-1.608213186264038,-0.9142135977745056,2.010996103286743,-1.8613193035125732
-1.524145245552063,0.9664212465286255,1.0626951456069946,-1.6181479692459106,-0.9189078211784363,2.011728286743164,-1.8383030891418457
-1.5350321531295776,0.9660078883171082,1.0692710876464844,-1.6279724836349487,-0.9236928820610046,2.0123343467712402,-1.8152869939804077
-1.5459463596343994,0.9657564759254456,1.0759140253067017,-1.6376893520355225,-0.9285691380500793,2.012812614440918,-1.7922707796096802
-1.5568848848342896,0.9656670689582825,1.0826196670532227,-1.6473004817962646,-0.9335342645645142,2.0131640434265137,-1.7692545652389526
-1.5678484439849854,0.9657424688339233,1.0893880128860474,-1.6568078994750977,-0.9385883808135986,2.013385772705078,-1.7462384700775146
-1.578834891319275,0.9659824967384338,1.096215844154358,-1.6662139892578125,-0.9437316060066223,2.0134782791137695,-1.723222255706787
-1.589843988418579,0.9663894176483154,1.1031023263931274,-1.675520896911621,-0.9489637017250061,2.013439178466797,-1.7002060413360596
-1.6008739471435547,0.966964840888977,1.110045313835144,-1.6847299337387085,-0.9542847275733948,2.0132670402526855,-1.677189826965332
-1.6119240522384644,0.9677095413208008,1.117042899131775,-1.6938434839248657,-0.959693968296051,2.0129611492156982,-1.654173731803894
-1.622992992401123,0.968626081943512,1.1240935325622559,-1.7028629779815674,-0.9651920795440674,2.012518882751465,-1.6311575174331665
-1.6340779066085815,0.969716489315033,1.1311943531036377,-1.7117900848388672,-0.9707791209220886,2.011939764022827,-1.6081414222717285
-1.6451797485351562,0.9709826707839966,1.1383458375930786,-1.7206262350082397,-0.9764549732208252,2.0112204551696777,-1.585125207901001
-1.6562964916229248,0.9724279046058655,1.1455464363098145,-1.7293733358383179,-0.9822219610214233,2.0103583335876465,-1.5621089935302734
-1.6674267053604126,0.974054753780365,1.152794361114502,-1.7380324602127075,-0.9880797266960144,2.0093517303466797,-1.539092779159546
-1.6785686016082764,0.9758654832839966,1.1600879430770874,-1.7466052770614624,-0.9940287470817566,2.0081982612609863,-1.516076683998108
-1.6897213459014893,0.9778632521629333,1.1674268245697021,-1.755092978477478,-1.0000699758529663,2.006894588470459,-1.4930604696273804
-1.7008832693099976,0.9800517559051514,1.174809455871582,-1.7634968757629395,-1.0062048435211182,2.0054378509521484,-1.4700443744659424
-1.7120527029037476,0.982435941696167,1.182235836982727,-1.771817922592163,-1.0124363899230957,2.00382399559021,-1.4470280408859253
-1.723228931427002,0.9850175380706787,1.189704418182373,-1.7800575494766235,-1.0187633037567139,2.0020499229431152,-1.4240119457244873
-1.7344104051589966,0.9878026843070984,1.1972156763076782,-1.7882169485092163,-1.02518892288208,2.0001111030578613,-1.4009957313537598
-1.7455947399139404,0.9907943606376648,1.2047673463821411,-1.7962971925735474,-1.031713843345642,1.9980049133300781,-1.3779796361923218
-1.7567806243896484,0.9939987063407898,1.2123600244522095,-1.804298996925354,-1.038341999053955,1.9957256317138672,-1.3549634218215942
-1.7679671049118042,0.9974197149276733,1.2199933528900146,-1.8122237920761108,-1.045073390007019,1.9932692050933838,-1.3319472074508667
-1.7791523933410645,1.0010651350021362,1.2276676893234253,-1.820072054862976,-1.0519126653671265,1.990628957748413,-1.3089309930801392
-1.790333867073059,1.004937767982483,1.2353811264038086,-1.8278449773788452,-1.0588595867156982,1.9878019094467163,-1.2859148979187012
-1.8015109300613403,1.009045958518982,1.2431354522705078,-1.8355433940887451,-1.0659191608428955,1.9847806692123413,-1.2628986835479736
-1.8126821517944336,1.0133976936340332,1.2509315013885498,-1.8431683778762817,-1.0730946063995361,1.9815583229064941,-1.2398825883865356
-1.8238447904586792,1.0179986953735352,1.2587684392929077,-1.8507204055786133,-1.0803886651992798,1.9781289100646973,-1.2168662548065186
-1.8349974155426025,1.022858738899231,1.266648292541504,-1.858199954032898,-1.0878063440322876,1.9744842052459717,-1.1938501596450806
-1.8461410999298096,1.0279905796051025,1.2745757102966309,-1.8656080961227417,-1.095355749130249,1.9706124067306519,-1.170833945274353
-1.8572685718536377,1.0333936214447021,1.2825431823730469,-1.872945785522461,-1.103031039237976,1.9665138721466064,-1.147817850112915
-1.8683862686157227,1.039083480834961,1.2905607223510742,-1.880213737487793,-1.1108430624008179,1.9621742963790894,-1.1248016357421875
-1.8794820308685303,1.0450727939605713,1.2986242771148682,-1.887412190437317,-1.1187984943389893,1.9575821161270142,-1.10178542137146
-1.8905576467514038,1.0513708591461182,1.3067368268966675,-1.89454185962677,-1.1269011497497559,1.9527292251586914,-1.0787692070007324
-1.9016121625900269,1.0579934120178223,1.3149034976959229,-1.9016035795211792,-1.1351597309112549,1.9476011991500854,-1.0557531118392944
-1.9126421213150024,1.0649514198303223,1.3231244087219238,-1.9085978269577026,-1.143578052520752,1.9421881437301636,-1.032736897468567
-1.9236462116241455,1.0722639560699463,1.331405758857727,-1.9155250787734985,-1.152167797088623,1.936472773551941,-1.009720802307129
-1.9346225261688232,1.0799484252929688,1.339751958847046,-1.9223859310150146,-1.160938024520874,1.9304392337799072,-0.9867045283317566
-1.9455677270889282,1.0880218744277954,1.3481662273406982,-1.9291809797286987,-1.169896125793457,1.9240717887878418,-0.9636884331703186
-1.9564791917800903,1.0965077877044678,1.356655240058899,-1.9359104633331299,-1.1790558099746704,1.9173505306243896,-0.9406722187995911
-1.967354655265808,1.1054291725158691,1.3652262687683105,-1.9425748586654663,-1.188429355621338,1.9102530479431152,-0.9176560640335083
-1.978190302848816,1.1148107051849365,1.373884677886963,-1.9491751194000244,-1.1980291604995728,1.9027583599090576,-0.8946398496627808
-1.988983392715454,1.1246850490570068,1.3826414346694946,-1.9557111263275146,-1.2078741788864136,1.89483642578125,-0.871623694896698
-1.9997310638427734,1.1350860595703125,1.3915073871612549,-1.9621833562850952,-1.2179826498031616,1.8864575624465942,-0.8486074805259705
-1.9846208095550537,1.0186656713485718,1.326076865196228,-1.9849786758422852,-1.122649908065796,1.9822261333465576,-0.880652904510498
-1.9675508737564087,0.9258113503456116,1.272166132926941,-2.0072593688964844,-1.0427972078323364,2.0569279193878174,-0.9126983880996704
-1.9490164518356323,0.8475395441055298,1.2249362468719482,-2.0290374755859375,-0.9721201062202454,2.118457794189453,-0.944743812084198
-1.9291894435882568,0.7794657349586487,1.1820099353790283,-2.0503222942352295,-0.9076113700866699,2.170687675476074,-0.9767892360687256
-1.908104658126831,0.7190425395965576,1.141966462135315,-2.07112455368042,-0.8475602865219116,2.215874195098877,-1.008834719657898
-1.8857083320617676,0.6646272540092468,1.1038302183151245,-2.091451644897461,-0.7908827066421509,2.255481243133545,-1.0408800840377808
-1.8618954420089722,0.6150869131088257,1.0668668746948242,-2.111311912536621,-0.7368428111076355,2.2905211448669434,-1.0729255676269531
-1.836505651473999,0.5696021318435669,1.030466079711914,-2.1307127475738525,-0.684914231300354,2.3217310905456543,-1.1049710512161255
-1.809326171875,0.5275582671165466,0.9940780401229858,-2.149660587310791,-0.6347051858901978,2.349668502807617,-1.1370164155960083
-1.7800867557525635,0.4884848892688751,0.9571737051010132,-2.168160915374756,-0.5859150290489197,2.374765157699585,-1.1690618991851807
-1.7484514713287354,0.4520148038864136,0.9192118644714355,-2.186220169067383,-0.5383052825927734,2.3973636627197266,-1.201107382774353
-1.7140061855316162,0.41786515712738037,0.879613995552063,-2.203843116760254,-0.49169260263442993,2.417738437652588,-1.2331527471542358
-1.676232099533081,0.38581156730651855,0.8377231359481812,-2.2210350036621094,-0.4459189176559448,2.436117172241211,-1.2651982307434082
-1.719895362854004,0.38600173592567444,0.8890514969825745,-2.243220567703247,-0.4689633250236511,2.438199996948242,-1.2346268892288208
-1.7623804807662964,0.38717618584632874,0.9392766952514648,-2.2649037837982178,-0.49161604046821594,2.4397943019866943,-1.2040554285049438
-1.8034851551055908,0.38929325342178345,0.9882186651229858,-2.286097288131714,-0.5138837099075317,2.4409124851226807,-1.1734840869903564
-1.8430233001708984,0.39230647683143616,1.0357129573822021,-2.3068127632141113,-0.5357652306556702,2.4415674209594727,-1.1429126262664795
-1.880839467048645,0.39617106318473816,1.0816259384155273,-2.3270602226257324,-0.5572636127471924,2.441770553588867,-1.112341284751892
-1.9168037176132202,0.4008379876613617,1.125844955444336,-2.346848964691162,-0.5783780217170715,2.4415323734283447,-1.0817699432373047
-1.950814962387085,0.4062589406967163,1.1682889461517334,-2.36618709564209,-0.5991093516349792,2.4408633708953857,-1.0511984825134277
-1.9827922582626343,0.4123845100402832,1.2088971138000488,-2.3850817680358887,-0.6194544434547424,2.439774751663208,-1.0206271409988403
-2.0126843452453613,0.41916608810424805,1.2476333379745483,-2.403538703918457,-0.6394104361534119,2.4382762908935547,-0.9900557398796082
-2.040457248687744,0.4265557527542114,1.2844828367233276,-2.4215633869171143,-0.6589742302894592,2.4363794326782227,-0.959484338760376
-2.06610107421875,0.43450549244880676,1.3194527626037598,-2.439160108566284,-0.6781418323516846,2.434093713760376,-0.9289129972457886
-2.089615821838379,0.44296905398368835,1.3525598049163818,-2.456332206726074,-0.696906566619873,2.431431770324707,-0.8983415961265564
-2.1110191345214844,0.451901376247406,1.3838380575180054,-2.4730823040008545,-0.7152639031410217,2.4284045696258545,-0.8677701950073242
-2.1303374767303467,0.461258202791214,1.4133297204971313,-2.4894118309020996,-0.7332087159156799,2.4250247478485107,-0.837198793888092
-2.1476073265075684,0.4709968864917755,1.441087245941162,-2.505322217941284,-0.7507328987121582,2.4213056564331055,-0.8066273927688599
-2.162868022918701,0.4810752868652344,1.467165231704712,-2.52081298828125,-0.7678303122520447,2.4172616004943848,-0.7760560512542725
-2.1761674880981445,0.49145299196243286,1.4916267395019531,-2.535883665084839,-0.7844946384429932,2.412907600402832,-0.7454846501350403
-2.187554359436035,0.5020895004272461,1.5145350694656372,-2.550532817840576,-0.8007183074951172,2.408259868621826,-0.7149132490158081
-2.1970787048339844,0.512945294380188,1.5359548330307007,-2.56475830078125,-0.816493809223175,2.403336524963379,-0.6843419075012207
-2.2047905921936035,0.5239813327789307,1.5559500455856323,-2.578556537628174,-0.8318150043487549,2.3981564044952393,-0.6537704467773438
-2.210742235183716,0.5351590514183044,1.5745868682861328,-2.5919241905212402,-0.8466747999191284,2.3927392959594727,-0.6231991052627563
-2.2149839401245117,0.546440839767456,1.5919287204742432,-2.604856252670288,-0.8610664010047913,2.387106418609619,-0.5926277041435242
-2.2175652980804443,0.5577879548072815,1.6080379486083984,-2.6173481941223145,-0.8749843835830688,2.3812808990478516,-0.562056303024292
-2.2185325622558594,0.5691631436347961,1.6229734420776367,-2.6293933391571045,-0.8884232044219971,2.375286102294922,-0.5314849615097046
-2.217932939529419,0.5805289149284363,1.6367939710617065,-2.6409854888916016,-0.9013781547546387,2.369147539138794,-0.5009135603904724
-2.2158098220825195,0.5918485522270203,1.6495535373687744,-2.6521172523498535,-0.9138457775115967,2.3628902435302734,-0.47034215927124023
-2.2122063636779785,0.603086531162262,1.6613061428070068,-2.662780523300171,-0.9258242845535278,2.356539726257324,-0.43977081775665283
-2.207160711288452,0.6142051219940186,1.6720986366271973,-2.672966957092285,-0.9373107552528381,2.350125312805176,-0.40919941663742065
-2.2007126808166504,0.6251728534698486,1.681979775428772,-2.6826672554016113,-0.9483073949813843,2.3436708450317383,-0.3786280155181885
-2.1928977966308594,0.6359549164772034,1.6909918785095215,-2.6918718814849854,-0.9588153958320618,2.3372044563293457,-0.3480565845966339
-2.183750867843628,0.6465218663215637,1.6991761922836304,-2.700570583343506,-0.9688378572463989,2.3307504653930664,-0.3174852430820465
-2.1733033657073975,0.6568446159362793,1.7065680027008057,-2.7087531089782715,-0.9783821105957031,2.324333429336548,-0.28691384196281433
-2.1615874767303467,0.6668978929519653,1.7132031917572021,-2.7164084911346436,-0.9874559640884399,2.3179750442504883,-0.25634244084358215
-2.1486315727233887,0.6766598224639893,1.7191112041473389,-2.7235255241394043,-0.9960697293281555,2.3116955757141113,-0.22577109932899475
-2.134462594985962,0.6861127018928528,1.724318027496338,-2.7300925254821777,-1.0042376518249512,2.305511474609375,-0.19519968330860138
-2.119107246398926,0.6952422261238098,1.7288484573364258,-2.736098527908325,-1.0119755268096924,2.299436569213867,-0.1646282821893692
-2.102591037750244,0.7040419578552246,1.7327226400375366,-2.7415316104888916,-1.0193028450012207,2.2934792041778564,-0.1340569406747818
-2.0849361419677734,0.712507426738739,1.7359566688537598,-2.74638032913208,-1.0262417793273926,2.287644863128662,-0.10348553210496902
-2.048602342605591,0.719667911529541,1.7275784015655518,-2.7396240234375,-1.0322999954223633,2.280775547027588,-0.07265206426382065
-2.0115244388580322,0.727586030960083,1.7185404300689697,-2.7320618629455566,-1.0388414859771729,2.2731895446777344,-0.04181859269738197
-1.9737879037857056,0.7364035248756409,1.7089097499847412,-2.723696231842041,-1.04593825340271,2.2647809982299805,-0.010985122993588448
-1.9354851245880127,0.7462698817253113,1.6987648010253906,-2.7145302295684814,-1.0536651611328125,2.2554385662078857,0.019848346710205078
-1.896716594696045,0.7573479413986206,1.68820321559906,-2.7045679092407227,-1.0620994567871094,2.2450382709503174,0.050681814551353455
-1.8575884103775024,0.769809901714325,1.677331566810608,-2.6938140392303467,-1.0713210105895996,2.2334470748901367,0.08151528239250183
-1.8182095289230347,0.7838447690010071,1.6662707328796387,-2.6822731494903564,-1.0814156532287598,2.2205166816711426,0.112348772585392
-1.77869713306427,0.7996615767478943,1.6551586389541626,-2.6699516773223877,-1.092477560043335,2.206078290939331,0.14318223297595978
-1.7391648292541504,0.8174875378608704,1.6441431045532227,-2.6568551063537598,-1.1046062707901,2.189945697784424,0.17401570081710815
-1.6997284889221191,0.8375862240791321,1.6333881616592407,-2.6429896354675293,-1.1179182529449463,2.171898126602173,0.20484916865825653
-1.6605006456375122,0.8602582216262817,1.6230732202529907,-2.628361701965332,-1.1325459480285645,2.1516776084899902,0.2356826364994049
-1.6215853691101074,0.8858585953712463,1.6133917570114136,-2.6129767894744873,-1.1486475467681885,2.1289756298065186,0.2665160894393921
-1.5830798149108887,0.9148203730583191,1.6045587062835693,-2.5968408584594727,-1.166417121887207,2.1034095287323,0.29734957218170166
-1.578413724899292,0.8397774696350098,1.5966895818710327,-2.592099666595459,-1.1147149801254272,2.1643130779266357,0.2653215229511261
-1.5721383094787598,0.7743692994117737,1.5883787870407104,-2.587172508239746,-1.0654795169830322,2.215933084487915,0.23329347372055054
-1.5643035173416138,0.7163898944854736,1.5793943405151367,-2.5820493698120117,-1.018019199371338,2.2603201866149902,0.20126542448997498
-1.5548917055130005,0.6643272042274475,1.5695313215255737,-2.576720714569092,-0.9718842506408691,2.2988831996917725,0.16923737525939941
-1.5438326597213745,0.6170879602432251,1.5585869550704956,-2.571176052093506,-0.9267629384994507,2.332642078399658,0.13720932602882385
-1.5310148000717163,0.573857307434082,1.546350359916687,-2.565406084060669,-0.8824344277381897,2.362358570098877,0.10518129169940948
-1.5162853002548218,0.5340086817741394,1.5325911045074463,-2.559401273727417,-0.8387336730957031,2.388620138168335,0.07315323501825333
-1.499443531036377,0.49705052375793457,1.5170457363128662,-2.553152084350586,-0.7955358028411865,2.41188907623291,0.04112518951296806
-1.4802418947219849,0.4625934660434723,1.4994145631790161,-2.54664945602417,-0.7527450323104858,2.432534694671631,0.009097141213715076
-1.4583686590194702,0.4303256571292877,1.4793405532836914,-2.539883852005005,-0.7102848887443542,2.450857400894165,-0.02293090708553791
-1.4334431886672974,0.3999985158443451,1.4564034938812256,-2.5328469276428223,-0.6680940389633179,2.467102527618408,-0.05495893955230713
-1.4049952030181885,0.3714141547679901,1.4300966262817383,-2.525529384613037,-0.6261241436004639,2.481473207473755,-0.08698698878288269
-1.3724451065063477,0.3444211184978485,1.3998085260391235,-2.517923593521118,-0.5843334197998047,2.4941389560699463,-0.11901503801345825
-1.3350774049758911,0.31890976428985596,1.3647925853729248,-2.5100209712982178,-0.5426883697509766,2.505241632461548,-0.151043102145195
-1.2920161485671997,0.2948109805583954,1.3241437673568726,-2.5018134117126465,-0.5011600852012634,2.514899253845215,-0.18307113647460938
-1.2421855926513672,0.2721002995967865,1.2767584323883057,-2.493293523788452,-0.45972320437431335,2.5232110023498535,-0.21509918570518494
-1.184280276298523,0.25079983472824097,1.221303939819336,-2.4844536781311035,-0.41835615038871765,2.5302605628967285,-0.2471272349357605
-1.1167515516281128,0.23098865151405334,1.156205177307129,-2.4752864837646484,-0.3770386874675751,2.5361175537109375,-0.27915528416633606
-1.0378434658050537,0.21280984580516815,1.0796802043914795,-2.4657857418060303,-0.3357533812522888,2.5408380031585693,-0.31118330359458923
-0.9456869959831238,0.19648589193820953,0.9898335337638855,-2.455944061279297,-0.294482558965683,2.5444698333740234,-0.3432113826274872
-0.8386169075965881,0.18232405185699463,0.8849738240242004,-2.4457550048828125,-0.25320976972579956,2.547048568725586,-0.37523940205574036
-0.7156674861907959,0.17071494460105896,0.7641087770462036,-2.4352126121520996,-0.21191754937171936,2.5486035346984863,-0.4072674512863159
-0.5773808360099792,0.1621076613664627,0.6277533769607544,-2.4243111610412598,-0.17059040069580078,2.549154758453369,-0.4392955005168915
-0.4265793263912201,0.15694111585617065,0.478702574968338,-2.4130444526672363,-0.12920944392681122,2.5487136840820312,-0.47132354974746704
-0.2686391770839691,0.15555840730667114,0.32230323553085327,-2.401407480239868,-0.08775674551725388,2.5472869873046875,-0.5033515691757202
-0.1106630265712738,0.15810264647006989,0.16562895476818085,-2.389394760131836,-0.04621126875281334,2.544872283935547,-0.5353796482086182
-0.23383529484272003,0.1663224846124649,0.2961786389350891,-2.384591817855835,-0.08574365824460983,2.542083263397217,-0.5272663831710815
-0.3439531624317169,0.17741546034812927,0.41378912329673767,-2.3793163299560547,-0.1254129558801651,2.5383548736572266,-0.5191531777381897
-0.44012948870658875,0.19103936851024628,0.517605721950531,-2.3735673427581787,-0.16524140536785126,2.5336601734161377,-0.5110399127006531
-0.5228860378265381,0.20687907934188843,0.6081836819648743,-2.3673434257507324,-0.20525380969047546,2.527965545654297,-0.5029266476631165
-0.5935167670249939,0.22467899322509766,0.6868533492088318,-2.360643148422241,-0.24547740817070007,2.521228313446045,-0.4948134124279022
-0.653601348400116,0.24425074458122253,0.7552326917648315,-2.353466272354126,-0.28594350814819336,2.5133986473083496,-0.486700177192688
-0.7047206163406372,0.2654684782028198,0.8149442076683044,-2.3458120822906494,-0.3266870975494385,2.5044150352478027,-0.47858691215515137
-0.7483036518096924,0.28826579451560974,0.8674620389938354,-2.337679862976074,-0.367748498916626,2.494205951690674,-0.47047367691993713
-0.7232860922813416,0.2847524583339691,0.8512718081474304,-2.3361973762512207,-0.35855257511138916,2.4954755306243896,-0.4915820062160492
-0.697788417339325,0.2814160883426666,0.8345953822135925,-2.3345727920532227,-0.3493940532207489,2.4966392517089844,-0.5126903653144836
-0.6718138456344604,0.2782610356807709,0.8174334764480591,-2.332806348800659,-0.340274840593338,2.497699499130249,-0.5337986946105957
-0.6453778743743896,0.27528902888298035,0.7997987270355225,-2.3308980464935303,-0.3311953842639923,2.4986557960510254,-0.5549070239067078
-0.618491530418396,0.27250340580940247,0.7816996574401855,-2.3288486003875732,-0.32215607166290283,2.4995102882385254,-0.5760153532028198
-0.5911709666252136,0.2699071168899536,0.7631499767303467,-2.326658010482788,-0.3131576478481293,2.500262975692749,-0.5971236824989319
-0.5634334087371826,0.2675028443336487,0.7441641092300415,-2.324326276779175,-0.3042013347148895,2.500915288925171,-0.618232011795044
-0.5353026986122131,0.26529258489608765,0.7247636318206787,-2.3218536376953125,-0.29528793692588806,2.501467704772949,-0.639340341091156
-0.5068000555038452,0.26328030228614807,0.7049673795700073,-2.3192410469055176,-0.28641772270202637,2.5019214153289795,-0.6604486703872681
-0.47795355319976807,0.2614676058292389,0.684800922870636,-2.316488265991211,-0.2775914669036865,2.50227689743042,-0.6815569996833801
-0.44879114627838135,0.2598567605018616,0.6642900109291077,-2.313595771789551,-0.2688101530075073,2.502535343170166,-0.7026653289794922
-0.41934484243392944,0.25845077633857727,0.6434641480445862,-2.310563802719116,-0.2600744962692261,2.502697467803955,-0.7237736582756042
-0.38965001702308655,0.25725048780441284,0.6223565936088562,-2.3073925971984863,-0.2513849139213562,2.502763509750366,-0.7448819875717163
-0.35973966121673584,0.256258100271225,0.6009983420372009,-2.3040823936462402,-0.24274173378944397,2.502734661102295,-0.7659903168678284
-0.3296529948711395,0.2554750144481659,0.5794263482093811,-2.3006339073181152,-0.2341459095478058,2.5026113986968994,-0.7870986461639404
-0.29943105578422546,0.2549012303352356,0.5576795339584351,-2.2970471382141113,-0.22559791803359985,2.502393960952759,-0.8082069754600525
-0.2691117823123932,0.2545383870601654,0.5357939004898071,-2.2933225631713867,-0.21709828078746796,2.5020840167999268,-0.8293153047561646
-0.23873630166053772,0.2543873190879822,0.5138083696365356,-2.2894601821899414,-0.20864753425121307,2.5016815662384033,-0.8504236936569214
-0.20834803581237793,0.25444674491882324,0.4917646646499634,-2.285460948944092,-0.20024575293064117,2.501187562942505,-0.8715320229530334
-0.17798863351345062,0.25471654534339905,0.4697025418281555,-2.281324625015259,-0.19189360737800598,2.5006017684936523,-0.8926403522491455
-0.14770011603832245,0.25519701838493347,0.44766196608543396,-2.277052164077759,-0.18359163403511047,2.4999258518218994,-0.9137486815452576
-0.11752256006002426,0.2558865249156952,0.4256812632083893,-2.272643566131592,-0.17534032464027405,2.499160051345825,-0.9348569512367249
-0.08749699592590332,0.2567831575870514,0.403799831867218,-2.268098831176758,-0.16713914275169373,2.4983038902282715,-0.9559653401374817
-0.057661984115839005,0.25788626074790955,0.38205453753471375,-2.2634191513061523,-0.1589892953634262,2.497359275817871,-0.977073609828949
-0.028054475784301758,0.25919321179389954,0.3604806065559387,-2.258603811264038,-0.15089043974876404,2.496325731277466,-0.9981819987297058
0.0012909553479403257,0.2607012391090393,0.3391111195087433,-2.2536540031433105,-0.14284279942512512,2.495203971862793,-1.0192903280258179
0.030341271311044693,0.2624092400074005,0.3179774582386017,-2.2485692501068115,-0.13484665751457214,2.493995189666748,-1.0403987169265747
0.05906489118933678,0.26431262493133545,0.29710960388183594,-2.2433505058288574,-0.12690143287181854,2.4926984310150146,-1.061506986618042
0.031703170388936996,0.2634645700454712,0.3221525251865387,-2.247520685195923,-0.13701274991035461,2.4934799671173096,-1.081213355064392
0.004216811154037714,0.26279109716415405,0.34728869795799255,-2.2516565322875977,-0.14712759852409363,2.4941935539245605,-1.1009196043014526
-0.023363949730992317,0.2622925043106079,0.37248849868774414,-2.255758762359619,-0.15724678337574005,2.494840383529663,-1.1206259727478027
-0.05101223662495613,0.26197028160095215,0.39772552251815796,-2.259826898574829,-0.1673709899187088,2.4954192638397217,-1.1403322219848633
-0.0786961242556572,0.2618245482444763,0.4229683578014374,-2.263861656188965,-0.17750099301338196,2.4959311485290527,-1.1600385904312134
-0.1063835546374321,0.26185446977615356,0.4481855034828186,-2.267862319946289,-0.18763421475887299,2.4963743686676025,-1.1797449588775635
-0.1340535283088684,0.26206275820732117,0.47335654497146606,-2.271829605102539,-0.19777756929397583,2.4967494010925293,-1.199451208114624
-0.16167020797729492,0.2624475955963135,0.4984460771083832,-2.2757630348205566,-0.20792795717716217,2.497056245803833,-1.2191575765609741
-0.1892043501138687,0.2630098760128021,0.5234254598617554,-2.2796630859375,-0.21808606386184692,2.4972939491271973,-1.2388639450073242
-0.21662893891334534,0.26374754309654236,0.5482679009437561,-2.28352952003479,-0.22825288772583008,2.497462034225464,-1.2585701942443848
-0.24391286075115204,0.2646616995334625,0.5729432702064514,-2.2873623371124268,-0.2384285181760788,2.497560501098633,-1.2782765626907349
-0.2710294723510742,0.26575005054473877,0.5974249243736267,-2.2911620140075684,-0.24861349165439606,2.497589111328125,-1.2979828119277954
-0.29795390367507935,0.2670119106769562,0.6216890215873718,-2.2949280738830566,-0.25880831480026245,2.497546672821045,-1.3176891803741455
-0.32466018199920654,0.2684464752674103,0.6457096338272095,-2.29866099357605,-0.2690141201019287,2.4974331855773926,-1.337395429611206
-0.35112443566322327,0.27005261182785034,0.6694636940956116,-2.3023605346679688,-0.2792309522628784,2.4972479343414307,-1.3571017980575562
-0.37732410430908203,0.27182823419570923,0.6929289698600769,-2.3060264587402344,-0.28945890069007874,2.496990203857422,-1.3768081665039062
-0.4032404124736786,0.2737721800804138,0.7160875797271729,-2.309659719467163,-0.2996993362903595,2.496659755706787,-1.3965144157409668
-0.4288535416126251,0.27588197588920593,0.7389193773269653,-2.3132596015930176,-0.30995237827301025,2.496255397796631,-1.416220784187317
-0.45414742827415466,0.2781568467617035,0.7614094018936157,-2.316826343536377,-0.32021868228912354,2.4957761764526367,-1.435927152633667
-0.4791036546230316,0.2805950343608856,0.7835397124290466,-2.320359945297241,-0.3304985463619232,2.495222330093384,-1.455633521080017
-0.5037122368812561,0.2831936776638031,0.8053007125854492,-2.3238604068756104,-0.3407931327819824,2.49459171295166,-1.4753397703170776
-0.5279578566551208,0.28595200181007385,0.8266775608062744,-2.3273279666900635,-0.3511020839214325,2.493884801864624,-1.4950461387634277
-0.5518327355384827,0.2888677716255188,0.8476632833480835,-2.3307623863220215,-0.361426442861557,2.4930992126464844,-1.5147523880004883
-0.575328528881073,0.2919381856918335,0.8682497143745422,-2.3341641426086426,-0.3717670738697052,2.492234945297241,-1.5344587564468384
-0.5984341502189636,0.29516318440437317,0.8884264826774597,-2.3375325202941895,-0.3821236789226532,2.491291046142578,-1.554165005683899
-0.6211463212966919,0.2985398471355438,0.9081905484199524,-2.3408684730529785,-0.39249736070632935,2.4902665615081787,-1.573871374130249
-0.6434617638587952,0.30206623673439026,0.9275394082069397,-2.3441715240478516,-0.4028884768486023,2.48915958404541,-1.5935776233673096
-0.6653769612312317,0.30574193596839905,0.9464700818061829,-2.3474411964416504,-0.41329801082611084,2.487968921661377,-1.6132839918136597
-0.6868900656700134,0.30956438183784485,0.9649812579154968,-2.3506784439086914,-0.42372554540634155,2.4866936206817627,-1.6329903602600098
-0.7080010771751404,0.3135320842266083,0.9830734133720398,-2.3538830280303955,-0.4341726303100586,2.485332489013672,-1.6526967287063599
-0.7287089824676514,0.3176444470882416,1.0007460117340088,-2.3570547103881836,-0.44463977217674255,2.483884334564209,-1.6724029779434204
-0.7490173578262329,0.32189953327178955,1.018003225326538,-2.3601937294006348,-0.4551268219947815,2.482347011566162,-1.6921093463897705
-0.7689266204833984,0.3262968957424164,1.0348461866378784,-2.363300085067749,-0.4656352400779724,2.480719566345215,-1.711815595626831
-0.788442075252533,0.3308356702327728,1.0512806177139282,-2.3663735389709473,-0.47616496682167053,2.4790000915527344,-1.7315219640731812
