-1.1247328519821167,0.4217240810394287,0.9148508310317993,-2.216935157775879,-0.5113130807876587,2.416870594024658,-2.213170051574707
-1.1206800937652588,0.42306914925575256,0.9117699265480042,-2.2139363288879395,-0.5110198855400085,2.415863513946533,-2.1908724308013916
-1.1166523694992065,0.42442137002944946,0.9087134003639221,-2.210932493209839,-0.5107308626174927,2.4148521423339844,-2.168574810028076
-1.112648367881775,0.4257811903953552,0.9056799411773682,-2.2079246044158936,-0.510445773601532,2.413836717605591,-2.1462771892547607
-1.1086695194244385,0.4271484911441803,0.9026707410812378,-2.2049121856689453,-0.5101646184921265,2.4128170013427734,-2.1239795684814453
-1.1047147512435913,0.42852285504341125,0.8996849060058594,-2.2018954753875732,-0.5098876357078552,2.4117932319641113,-2.10168194770813
-1.1007843017578125,0.429904580116272,0.8967227935791016,-2.1988742351531982,-0.5096147656440735,2.4107651710510254,-2.0793843269348145
-1.0968775749206543,0.43129339814186096,0.893783688545227,-2.1958484649658203,-0.5093456506729126,2.409733295440674,-2.057086706161499
-1.0929958820343018,0.43268924951553345,0.890869140625,-2.1928181648254395,-0.5090807676315308,2.408696413040161,-2.0347893238067627
-1.0891380310058594,0.43409228324890137,0.8879774808883667,-2.189783811569214,-0.5088199377059937,2.407655954360962,-2.0124917030334473
-1.0853034257888794,0.4355030953884125,0.8851088881492615,-2.1867446899414062,-0.5085633993148804,2.4066109657287598,-1.9901939630508423
-1.081491470336914,0.4369208812713623,0.8822622299194336,-2.1837005615234375,-0.5083109140396118,2.405562162399292,-1.9678963422775269
-1.0777041912078857,0.43834471702575684,0.879439651966095,-2.180652379989624,-0.5080618858337402,2.4045090675354004,-1.945598840713501
-1.0739411115646362,0.43977636098861694,0.8766409158706665,-2.1775994300842285,-0.5078174471855164,2.4034512042999268,-1.9233012199401855
-1.0702002048492432,0.44121479988098145,0.8738638162612915,-2.174541473388672,-0.5075768232345581,2.4023895263671875,-1.9010035991668701
-1.0664818286895752,0.44266024231910706,0.8711087107658386,-2.1714794635772705,-0.5073404312133789,2.4013240337371826,-1.8787059783935547
-1.0627877712249756,0.4441123306751251,0.8683775663375854,-2.168412685394287,-0.5071080327033997,2.4002537727355957,-1.8564083576202393
-1.059114933013916,0.4455718398094177,0.8656672239303589,-2.1653409004211426,-0.5068795084953308,2.399179458618164,-1.8341107368469238
-1.055466890335083,0.4470374882221222,0.8629814386367798,-2.162264347076416,-0.5066555142402649,2.3981003761291504,-1.8118131160736084
-1.0518397092819214,0.44851043820381165,0.8603159785270691,-2.1591832637786865,-0.5064353346824646,2.39701771736145,-1.789515495300293
-1.0482358932495117,0.449989914894104,0.857673704624176,-2.156097412109375,-0.5062195062637329,2.395930290222168,-1.767217993736267
-1.0446531772613525,0.45147600769996643,0.85505211353302,-2.1530067920684814,-0.5060073137283325,2.394839286804199,-1.7449203729629517
-1.0410935878753662,0.4529690742492676,0.8524534106254578,-2.149911642074585,-0.5057997107505798,2.3937437534332275,-1.7226227521896362
-1.03755521774292,0.45446863770484924,0.8498756289482117,-2.1468112468719482,-0.5055960416793823,2.392643928527832,-1.7003251314163208
-1.03403902053833,0.45597517490386963,0.847320020198822,-2.1437060832977295,-0.50539630651474,2.3915398120880127,-1.6780275106430054
-1.0305447578430176,0.45748770236968994,0.8447859287261963,-2.1405959129333496,-0.5052007436752319,2.3904314041137695,-1.65572988986969
-1.0270723104476929,0.45900726318359375,0.8422737121582031,-2.137481212615967,-0.5050091743469238,2.3893184661865234,-1.6334322690963745
-1.0236198902130127,0.46053367853164673,0.8397812247276306,-2.1343607902526855,-0.5048220753669739,2.3882017135620117,-1.611134648323059
-1.0201890468597412,0.46206602454185486,0.8373101353645325,-2.1312363147735596,-0.5046382546424866,2.3870811462402344,-1.5888371467590332
-1.016780138015747,0.463605135679245,0.834861159324646,-2.1281063556671143,-0.5044595003128052,2.385955333709717,-1.5665395259857178
-1.0133917331695557,0.46515077352523804,0.8324323892593384,-2.124971628189087,-0.5042847990989685,2.3848259449005127,-1.5442419052124023
-1.0100243091583252,0.4667026698589325,0.8300247192382812,-2.1218314170837402,-0.5041137337684631,2.3836915493011475,-1.521944284439087
-1.0066773891448975,0.4682613015174866,0.8276374936103821,-2.1186866760253906,-0.5039470195770264,2.3825535774230957,-1.4996466636657715
-1.0033519268035889,0.469826340675354,0.8252717852592468,-2.115536689758301,-0.5037846565246582,2.381410598754883,-1.477349042892456
-1.0000464916229248,0.4713975787162781,0.8229260444641113,-2.1123814582824707,-0.5036265850067139,2.3802638053894043,-1.4550515413284302
-0.9967610836029053,0.47297540307044983,0.8206006288528442,-2.1092209815979004,-0.5034726858139038,2.3791122436523438,-1.4327539205551147
-0.9934955835342407,0.47455957531929016,0.8182952404022217,-2.10605525970459,-0.5033224821090698,2.3779566287994385,-1.4104561805725098
-0.9902504682540894,0.47614991664886475,0.8160102367401123,-2.102884531021118,-0.5031769871711731,2.3767964839935303,-1.3881586790084839
-0.9870246052742004,0.4777463972568512,0.8137446045875549,-2.0997087955474854,-0.5030348300933838,2.3756327629089355,-1.3658610582351685
-0.9838186502456665,0.47934961318969727,0.8114992380142212,-2.096527338027954,-0.5028977394104004,2.3744640350341797,-1.343563437461853
-0.9806318879127502,0.48095911741256714,0.8092733025550842,-2.0933408737182617,-0.5027646422386169,2.373291254043579,-1.3212658166885376
-0.9774656295776367,0.4825741648674011,0.8070678114891052,-2.09014892578125,-0.5026353001594543,2.3721137046813965,-1.2989683151245117
-0.9743183851242065,0.48419591784477234,0.8048819303512573,-2.086951732635498,-0.5025107264518738,2.370931625366211,-1.2766705751419067
-0.9711900353431702,0.4858238101005554,0.8027151226997375,-2.083749294281006,-0.502389669418335,2.3697457313537598,-1.2543730735778809
-0.9680801033973694,0.4874580502510071,0.8005670309066772,-2.0805411338806152,-0.5022731423377991,2.3685555458068848,-1.2320754528045654
-0.9649895429611206,0.4890986382961273,0.7984389662742615,-2.077327251434326,-0.50216144323349,2.3673605918884277,-1.20977783203125
-0.9619178771972656,0.49074503779411316,0.796329915523529,-2.074108600616455,-0.5020534992218018,2.3661611080169678,-1.1874802112579346
-0.9588677287101746,0.4923994243144989,0.7942432165145874,-2.0708839893341064,-0.5019528269767761,2.3649566173553467,-1.1651825904846191
-0.9558332562446594,0.4940584897994995,0.7921724319458008,-2.0676538944244385,-0.5018541216850281,2.363748550415039,-1.1428849697113037
-0.9528182148933411,0.4957239031791687,0.7901216149330139,-2.064418315887451,-0.5017597675323486,2.362535238265991,-1.1205874681472778
-0.9498205184936523,0.4973951578140259,0.7880886197090149,-2.0611770153045654,-0.5016695857048035,2.3613181114196777,-1.0982898473739624
-0.9468421339988708,0.49907299876213074,0.7860754728317261,-2.0579304695129395,-0.5015842914581299,2.3600962162017822,-1.075992226600647
-0.9438798427581787,0.5007562637329102,0.7840790152549744,-2.054677963256836,-0.5015021562576294,2.358870267868042,-1.0536946058273315
-0.9409357905387878,0.5024465322494507,0.7821014523506165,-2.051419496536255,-0.5014252662658691,2.357639789581299,-1.0313969850540161
-0.9380110502243042,0.5041419863700867,0.7801437973976135,-2.0481557846069336,-0.5013527274131775,2.3564043045043945,-1.0090993642807007
-0.9351020455360413,0.5058438777923584,0.7782026529312134,-2.0448856353759766,-0.501284122467041,2.3551645278930664,-0.98680180311203
-0.9322108626365662,0.5075518488883972,0.776279866695404,-2.0416104793548584,-0.5012201070785522,2.3539209365844727,-0.9645041823387146
-0.9293376803398132,0.5092662572860718,0.7743759155273438,-2.0383291244506836,-0.501160740852356,2.3526721000671387,-0.942206621170044
-0.9264821410179138,0.5109865665435791,0.7724905610084534,-2.0350418090820312,-0.5011058449745178,2.3514182567596436,-0.9199089407920837
-0.9236426949501038,0.5127125978469849,0.7706220149993896,-2.0317487716674805,-0.5010552406311035,2.350160598754883,-0.8976114392280579
-0.9208205938339233,0.5144450664520264,0.7687717080116272,-2.028449535369873,-0.5010095238685608,2.348897933959961,-0.8753137588500977
-0.9180150032043457,0.5161838531494141,0.7669386267662048,-2.025144577026367,-0.5009680390357971,2.3476312160491943,-0.853016197681427
-0.9152266383171082,0.5179280638694763,0.7651238441467285,-2.0218334197998047,-0.5009309649467468,2.3463592529296875,-0.8307185173034668
-0.9124552011489868,0.5196785926818848,0.7633269429206848,-2.0185160636901855,-0.5008987188339233,2.3450827598571777,-0.8084210157394409
-0.9096993803977966,0.5214352607727051,0.7615465521812439,-2.015192985534668,-0.5008707642555237,2.343801975250244,-0.7861233949661255
-0.9069596529006958,0.5231982469558716,0.7597833871841431,-2.0118634700775146,-0.5008476376533508,2.3425166606903076,-0.7638257741928101
-0.9042370915412903,0.5249665379524231,0.7580384016036987,-2.0085277557373047,-0.5008286833763123,2.341226100921631,-0.7415281534194946
-0.9015301465988159,0.5267414450645447,0.7563101053237915,-2.005186080932617,-0.5008144974708557,2.339931011199951,-0.719230592250824
-0.8988392949104309,0.5285223722457886,0.7545989155769348,-2.001837968826294,-0.5008053183555603,2.3386313915252686,-0.6969329714775085
-0.8961636424064636,0.5303089618682861,0.7529041767120361,-1.9984837770462036,-0.5008001327514648,2.337327480316162,-0.6746354103088379
-0.8935049176216125,0.5321023464202881,0.7512277364730835,-1.995123028755188,-0.5008004903793335,2.336017608642578,-0.6523377299308777
-0.822213351726532,0.5073833465576172,0.6836891770362854,-1.9954959154129028,-0.44645431637763977,2.3509092330932617,-0.6835461854934692
-0.7471378445625305,0.48593372106552124,0.6129986047744751,-1.9951801300048828,-0.39279642701148987,2.363434076309204,-0.7147546410560608
-0.6683695912361145,0.46766161918640137,0.5391088724136353,-1.9941716194152832,-0.33969396352767944,2.373778820037842,-0.7459630966186523
-0.5861270427703857,0.45252013206481934,0.4621157646179199,-1.9924651384353638,-0.2870335280895233,2.382091522216797,-0.7771715521812439
-0.5007756352424622,0.4404907822608948,0.382272869348526,-1.9900555610656738,-0.23471492528915405,2.388486862182617,-0.8083800077438354
-0.4128336012363434,0.4315744936466217,0.2999945282936096,-1.9869396686553955,-0.18264704942703247,2.393054485321045,-0.839588463306427
-0.3229668438434601,0.42578062415122986,0.21584835648536682,-1.9831124544143677,-0.13074786961078644,2.3958585262298584,-0.8707969188690186
-0.23195849359035492,0.4231153428554535,0.13052304089069366,-1.9785715341567993,-0.07893668860197067,2.3969433307647705,-0.9020054340362549
-0.14066658914089203,0.4235799312591553,0.044783223420381546,-1.9733126163482666,-0.027136752381920815,2.3963329792022705,-0.9332138299942017
-0.04996557533740997,0.4271635413169861,-0.04059029743075371,-1.9673328399658203,0.024730801582336426,2.394033193588257,-0.9644222855567932
0.03931037336587906,0.4338449239730835,-0.12485893070697784,-1.9606289863586426,0.07674655318260193,2.3900303840637207,-0.9956307411193848
0.1264197677373886,0.44359761476516724,-0.20738069713115692,-1.9531986713409424,0.12899529933929443,2.3842933177948,-1.0268391370773315
0.21075724065303802,0.45639222860336304,-0.2876558005809784,-1.9450385570526123,0.18157148361206055,2.3767690658569336,-1.0580476522445679
0.20945286750793457,0.45249107480049133,-0.2687828838825226,-1.9479848146438599,0.1688922792673111,2.379105806350708,-1.028401494026184
0.2079075276851654,0.44917938113212585,-0.2497275471687317,-1.9502127170562744,0.15632085502147675,2.3810629844665527,-0.9987553358078003
0.20612666010856628,0.44645431637763977,-0.23049084842205048,-1.9517232179641724,0.14383473992347717,2.382646083831787,-0.9691091775894165
0.2041173279285431,0.44431328773498535,-0.21107561886310577,-1.9525177478790283,0.13141097128391266,2.3838601112365723,-0.9394630193710327
0.20188991725444794,0.4427545964717865,-0.19148872792720795,-1.9525970220565796,0.11902797967195511,2.3847081661224365,-0.9098168611526489
0.19945447146892548,0.4417768120765686,-0.17173665761947632,-1.951961874961853,0.10666299611330032,2.385193347930908,-0.8801707029342651
0.19682520627975464,0.4413798451423645,-0.15183043479919434,-1.95061194896698,0.09429502487182617,2.385316848754883,-0.8505245447158813
0.19401627779006958,0.44156429171562195,-0.1317809671163559,-1.948547124862671,0.08190249651670456,2.385080337524414,-0.8208783864974976
0.19104382395744324,0.44232991337776184,-0.11160090565681458,-1.9457671642303467,0.06946390867233276,2.3844823837280273,-0.7912322282791138
0.18792441487312317,0.4436790347099304,-0.09130324423313141,-1.9422699213027954,0.056958187371492386,2.3835225105285645,-0.76158607006073
0.18467463552951813,0.44561317563056946,-0.07090043276548386,-1.9380546808242798,0.044363122433423996,2.3821985721588135,-0.7319399118423462
0.18131227791309357,0.44813501834869385,-0.050405848771333694,-1.9331190586090088,0.03165771812200546,2.3805079460144043,-0.7022937536239624
0.17785541713237762,0.4512481987476349,-0.029832441359758377,-1.9274604320526123,0.01882018893957138,2.378445625305176,-0.6726475954055786
0.1743205040693283,0.4549561142921448,-0.009190710261464119,-1.9210758209228516,0.005827990360558033,2.376006603240967,-0.64300137758255
0.17072483897209167,0.45926374197006226,0.011508702300488949,-1.9139615297317505,-0.007340423297137022,2.373185634613037,-0.613355278968811
0.1670837104320526,0.46417689323425293,0.03225833177566528,-1.9061132669448853,-0.020708780735731125,2.3699746131896973,-0.5837090611457825
0.1634129285812378,0.46970200538635254,0.05305134877562523,-1.8975259065628052,-0.034299641847610474,2.366365671157837,-0.5540629625320435
0.1597243994474411,0.4758458137512207,0.07388631254434586,-1.8881936073303223,-0.048138462007045746,2.3623480796813965,-0.5244167447090149
0.15603165328502655,0.48261886835098267,0.09476137906312943,-1.878109335899353,-0.062249425798654556,2.357912540435791,-0.4947706162929535
0.15234573185443878,0.49002912640571594,0.11567933112382889,-1.8672661781311035,-0.07665877044200897,2.3530454635620117,-0.4651244878768921
0.14867527782917023,0.4980890154838562,0.13664719462394714,-1.8556550741195679,-0.09139484912157059,2.3477323055267334,-0.4354782700538635
0.1450287103652954,0.5068125128746033,0.15767434239387512,-1.8432657718658447,-0.10648622363805771,2.341958999633789,-0.4058321416378021
0.1414109468460083,0.516213059425354,0.17877650260925293,-1.830087423324585,-0.12196491658687592,2.3357067108154297,-0.37618598341941833
0.13782934844493866,0.5263091921806335,0.19996950030326843,-1.8161067962646484,-0.13786251842975616,2.328956127166748,-0.34653985500335693
0.13428589701652527,0.5371203422546387,0.22127830982208252,-1.8013099431991577,-0.15421639382839203,2.321685552597046,-0.31689363718032837
0.13078255951404572,0.5486695766448975,0.24273145198822021,-1.7856805324554443,-0.17106536030769348,2.313871145248413,-0.28724750876426697
0.12732058763504028,0.5609818696975708,0.2643629014492035,-1.7691997289657593,-0.18845249712467194,2.3054840564727783,-0.2576013505458832
0.12389998137950897,0.5740869641304016,0.2862125337123871,-1.7518471479415894,-0.2064254730939865,2.296494960784912,-0.2279551476240158
0.12051957100629807,0.5880197882652283,0.30832788348197937,-1.733599066734314,-0.22503775358200073,2.2868690490722656,-0.1983090043067932
0.11717739701271057,0.6028178334236145,0.33076414465904236,-1.7144286632537842,-0.24434806406497955,2.2765674591064453,-0.16866286098957062
0.11387135833501816,0.6185272336006165,0.35358497500419617,-1.6943058967590332,-0.2644249498844147,2.2655467987060547,-0.13901671767234802
0.11059824377298355,0.6351991891860962,0.3768653869628906,-1.6731964349746704,-0.28534501791000366,2.2537569999694824,-0.10937050729990005
0.10735443979501724,0.6528936624526978,0.40069296956062317,-1.6510610580444336,-0.30719810724258423,2.2411410808563232,-0.07972437143325806
0.10413666814565659,0.671680212020874,0.42516931891441345,-1.6278549432754517,-0.3300875723361969,2.2276339530944824,-0.05007822439074516
0.1009429469704628,0.6916424632072449,0.4504137635231018,-1.6035265922546387,-0.3541353940963745,2.2131600379943848,-0.020432086661458015
0.09776824712753296,0.712875247001648,0.4765709340572357,-1.5780174732208252,-0.3794867992401123,2.197631359100342,0.009214120917022228
0.09461208432912827,0.7354951500892639,0.5038102865219116,-1.5512585639953613,-0.4063153862953186,2.1809446811676025,0.0388602651655674
0.15742313861846924,0.7071216106414795,0.4230855107307434,-1.5669727325439453,-0.3365074396133423,2.201180934906006,0.006715867668390274
0.22248432040214539,0.6830942034721375,0.3423424959182739,-1.581782579421997,-0.26885175704956055,2.2181196212768555,-0.02542852982878685
0.28962767124176025,0.6631210446357727,0.26132839918136597,-1.5957133769989014,-0.20291313529014587,2.2320778369903564,-0.057572923600673676
0.3586258292198181,0.6469991207122803,0.17992763221263885,-1.6087868213653564,-0.13834109902381897,2.2432925701141357,-0.0897173285484314
0.4291904866695404,0.6345873475074768,0.09813997149467468,-1.6210246086120605,-0.07484467327594757,2.251938819885254,-0.12186171114444733
0.5009754300117493,0.6257946491241455,0.016066182404756546,-1.6324448585510254,-0.01217514369636774,2.25814151763916,-0.15400610864162445
0.5735862255096436,0.6205613017082214,-0.06612152606248856,-1.6430678367614746,0.04988665506243706,2.2619829177856445,-0.18615052103996277
0.6465911865234375,0.6188609600067139,-0.14819277822971344,-1.652909278869629,0.11153894662857056,2.2635066509246826,-0.2182949185371399
0.7195398211479187,0.6206872463226318,-0.2298857569694519,-1.6619874238967896,0.17296843230724335,2.262721061706543,-0.250439316034317
0.7919801473617554,0.6260612607002258,-0.31093159317970276,-1.6703176498413086,0.23435375094413757,2.259598731994629,-0.28258368372917175
0.8634824156761169,0.6350257992744446,-0.3910837769508362,-1.6779165267944336,0.29587724804878235,2.254075527191162,-0.31472811102867126
0.9336488246917725,0.6476576924324036,-0.4701341390609741,-1.684799313545227,0.35772812366485596,2.246047258377075,-0.346872478723526
1.0021313428878784,0.6640698313713074,-0.5479367971420288,-1.6909822225570679,0.4201110899448395,2.235365390777588,-0.3790168762207031
0.9644867181777954,0.6428034901618958,-0.4964837431907654,-1.7033438682556152,0.37578055262565613,2.250067949295044,-0.34717708826065063
0.9255455732345581,0.6234443783760071,-0.4447060227394104,-1.715299129486084,0.3324207067489624,2.2633001804351807,-0.31533730030059814
0.8853205442428589,0.605897068977356,-0.39249664545059204,-1.726855993270874,0.28990623354911804,2.275171995162964,-0.28349751234054565
0.8438423871994019,0.5900856256484985,-0.33978331089019775,-1.738021969795227,0.24813126027584076,2.285773992538452,-0.25165772438049316
0.8011558651924133,0.5759488344192505,-0.2865205705165863,-1.7488055229187012,0.2070041000843048,2.295184373855591,-0.21981792151927948
0.7573246359825134,0.5634417533874512,-0.23269297182559967,-1.7592120170593262,0.1664438545703888,2.3034660816192627,-0.187978133559227
0.7124318480491638,0.5525276064872742,-0.17831303179264069,-1.7692500352859497,0.12638089060783386,2.3106746673583984,-0.1561383306980133
0.6665783524513245,0.5431807041168213,-0.12341815233230591,-1.7789252996444702,0.08675191551446915,2.3168551921844482,-0.12429854273796082
0.6198868155479431,0.5353797674179077,-0.06807329505681992,-1.7882441282272339,0.047500286251306534,2.3220438957214355,-0.09245875477790833
0.5724971294403076,0.52910977602005,-0.01236543245613575,-1.797212839126587,0.008573831059038639,2.3262710571289062,-0.060618966817855835
0.5245667099952698,0.5243607759475708,0.04359668120741844,-1.8058371543884277,-0.03007298894226551,2.329559803009033,-0.028779178857803345
0.47626617550849915,0.5211241245269775,0.09968849271535873,-1.8141227960586548,-0.06848568469285965,2.331928253173828,0.0030606091022491455
0.42777764797210693,0.5193932056427002,0.15577064454555511,-1.8220758438110352,-0.10670345276594162,2.3333871364593506,0.034900397062301636
0.41323307156562805,0.5232354402542114,0.1768225133419037,-1.8181347846984863,-0.12157469987869263,2.330894708633423,0.06306107342243195
0.3988295793533325,0.5273357033729553,0.1977924108505249,-1.8140883445739746,-0.13652193546295166,2.328235626220703,0.09122174978256226
0.3845735490322113,0.5316957831382751,0.21867989003658295,-1.8099353313446045,-0.15155020356178284,2.3254051208496094,0.11938242614269257
0.3704735338687897,0.5363175868988037,0.23947744071483612,-1.805675745010376,-0.16666339337825775,2.322401523590088,0.14754310250282288
0.3565363883972168,0.5412035584449768,0.2601844370365143,-1.8013083934783936,-0.18186649680137634,2.319220781326294,0.17570377886295319
0.34276747703552246,0.5463559627532959,0.28080037236213684,-1.7968326807022095,-0.19716419279575348,2.31585955619812,0.2038644552230835
0.3291725218296051,0.5517771244049072,0.3013243079185486,-1.7922475337982178,-0.2125624120235443,2.3123135566711426,0.232025146484375
0.31575682759284973,0.5574708580970764,0.3217567205429077,-1.7875523567199707,-0.228065624833107,2.308579444885254,0.2601858079433441
0.30252477526664734,0.5634400844573975,0.3420984148979187,-1.7827465534210205,-0.2436799854040146,2.304651975631714,0.2883464992046356
0.28947946429252625,0.569688081741333,0.36235228180885315,-1.7778289318084717,-0.2594122886657715,2.3005263805389404,0.31650716066360474
0.2766253650188446,0.5762190818786621,0.38252028822898865,-1.7727985382080078,-0.2752677798271179,2.2961978912353516,0.34466785192489624
0.26396387815475464,0.5830371975898743,0.402607262134552,-1.7676548957824707,-0.2912542223930359,2.2916603088378906,0.37282851338386536
0.2514987289905548,0.5901485085487366,0.4226166307926178,-1.7623964548110962,-0.3073786795139313,2.2869088649749756,0.40098920464515686
0.23923107981681824,0.597556471824646,0.4425543248653412,-1.757022500038147,-0.32364821434020996,2.2819364070892334,0.42914989590644836
0.22716207802295685,0.6052681803703308,0.4624272286891937,-1.7515318393707275,-0.34007105231285095,2.27673602104187,0.4573105573654175
0.21529363095760345,0.6132895946502686,0.48224174976348877,-1.7459235191345215,-0.35665634274482727,2.271301031112671,0.485471248626709
0.20362596213817596,0.6216277480125427,0.5020062327384949,-1.7401964664459229,-0.3734129071235657,2.2656233310699463,0.5136318802833557
0.1921587735414505,0.6302900910377502,0.5217307806015015,-1.734349250793457,-0.3903506398200989,2.2596945762634277,0.5417925715446472
0.1808924376964569,0.6392858624458313,0.5414251089096069,-1.728380560874939,-0.4074805676937103,2.2535054683685303,0.5699532628059387
0.16982688009738922,0.6486230492591858,0.561099648475647,-1.7222896814346313,-0.4248133599758148,2.247046947479248,0.5981138944625854
0.15896131098270416,0.6583130955696106,0.5807674527168274,-1.7160749435424805,-0.4423622786998749,2.2403082847595215,0.626274585723877
0.1482936590909958,0.6683662533760071,0.6004431247711182,-1.7097346782684326,-0.46014007925987244,2.2332775592803955,0.6544353365898132
0.13782455027103424,0.678795576095581,0.620139479637146,-1.7032675743103027,-0.47816136479377747,2.2259433269500732,0.68259596824646
0.1275510936975479,0.6896135807037354,0.6398742198944092,-1.6966723203659058,-0.4964408278465271,2.2182912826538086,0.7107566595077515
0.1174730584025383,0.7008354663848877,0.6596634984016418,-1.689947485923767,-0.5149959325790405,2.21030855178833,0.738917350769043
0.1075877845287323,0.7124778032302856,0.6795276403427124,-1.683091163635254,-0.5338461399078369,2.2019777297973633,0.7670779824256897
0.09789428859949112,0.7245588898658752,0.6994865536689758,-1.6761012077331543,-0.5530104041099548,2.19328236579895,0.7952386736869812
0.088390052318573,0.7370976805686951,0.719563364982605,-1.6689767837524414,-0.5725108981132507,2.184203624725342,0.8233993649482727
0.07907372713088989,0.7501172423362732,0.7397829294204712,-1.6617152690887451,-0.5923725962638855,2.1747210025787354,0.8515600562095642
0.06994318217039108,0.7636414766311646,0.7601725459098816,-1.6543148756027222,-0.6126220226287842,2.164811611175537,0.8797207474708557
0.06099669635295868,0.7776983976364136,0.7807621359825134,-1.6467736959457397,-0.6332895159721375,2.154449462890625,0.9078813791275024
0.05223145708441734,0.7923184633255005,0.8015861511230469,-1.639089822769165,-0.6544089317321777,2.143606662750244,0.936042070388794
0.1401805579662323,0.7059745788574219,0.6960497498512268,-1.703852653503418,-0.5436891317367554,2.2073307037353516,0.9398589134216309
0.23722921311855316,0.6335119605064392,0.5944170355796814,-1.7625595331192017,-0.4435800611972809,2.258878231048584,0.9436757564544678
0.34469351172447205,0.5721950531005859,0.49175572395324707,-1.8157429695129395,-0.35025304555892944,2.300898551940918,0.9474925994873047
0.46396735310554504,0.5205672383308411,0.38440030813217163,-1.8637776374816895,-0.2613266706466675,2.3350236415863037,0.9513094425201416
0.5962610840797424,0.4779570400714874,0.2695908546447754,-1.9069271087646484,-0.1752132773399353,2.3623061180114746,0.9551262855529785
0.7421777844429016,0.4442289471626282,0.14557912945747375,-1.9453753232955933,-0.09079461544752121,2.3834309577941895,0.9589431285858154
0.9011452794075012,0.41961514949798584,0.012036197818815708,-1.9792474508285522,-0.00725037045776844,2.39882230758667,0.9627599716186523
0.8975323438644409,0.4205290377140045,0.01638147607445717,-1.9777880907058716,-0.00988162774592638,2.398242950439453,0.941728413105011
0.8939287662506104,0.4214516878128052,0.020719805732369423,-1.976325511932373,-0.012516014277935028,2.397658109664917,0.9206967949867249
0.8903350234031677,0.42238250374794006,0.025050627067685127,-1.9748598337173462,-0.015153827145695686,2.3970680236816406,0.8996652364730835
0.8867509961128235,0.42332273721694946,0.02937394008040428,-1.9733909368515015,-0.017794296145439148,2.3964734077453613,0.8786336779594421
0.8831765055656433,0.4242711067199707,0.033690474927425385,-1.9719188213348389,-0.020438091829419136,2.3958725929260254,0.857602059841156
0.8796113729476929,0.4252278804779053,0.0379999503493309,-1.970443606376648,-0.02308526448905468,2.3952674865722656,0.8365705013275146
0.8760563731193542,0.42619356513023376,0.04230199381709099,-1.9689651727676392,-0.025735806673765182,2.3946566581726074,0.8155389428138733
0.8725109100341797,0.42716777324676514,0.046596746891736984,-1.967483639717102,-0.028389224782586098,2.394041061401367,0.7945073246955872
0.8689758777618408,0.4281507730484009,0.05088392645120621,-1.9659987688064575,-0.031045913696289062,2.3934199810028076,0.7734757661819458
0.8654505610466003,0.42914173007011414,0.05516369640827179,-1.9645109176635742,-0.03370625153183937,2.392793655395508,0.7524442076683044
0.8619347810745239,0.4301413297653198,0.05943659693002701,-1.9630197286605835,-0.036369722336530685,2.3921616077423096,0.7314125895500183
0.8584290146827698,0.4311499297618866,0.06370218098163605,-1.961525321006775,-0.039036840200424194,2.3915247917175293,0.710381031036377
0.8549333810806274,0.43216657638549805,0.06796029955148697,-1.9600276947021484,-0.041706632822752,2.3908822536468506,0.6893494129180908
0.8514481782913208,0.433193176984787,0.0722106397151947,-1.958526611328125,-0.04438064619898796,2.39023494720459,0.6683178544044495
0.8479722142219543,0.4342272877693176,0.07645440101623535,-1.9570226669311523,-0.04705790802836418,2.3895816802978516,0.6472862958908081
0.8445071578025818,0.43527016043663025,0.08069013804197311,-1.9555151462554932,-0.0497383214533329,2.388923168182373,0.6262547373771667
0.8410516381263733,0.4363219439983368,0.08491884171962738,-1.9540045261383057,-0.05242191627621651,2.3882596492767334,0.6052231192588806
0.8376067280769348,0.43738219141960144,0.08913998305797577,-1.9524905681610107,-0.05510981008410454,2.3875904083251953,0.5841915607452393
0.8341721892356873,0.43845170736312866,0.09335347265005112,-1.950973391532898,-0.0578005425632,2.386915922164917,0.5631600022315979
0.830747127532959,0.43952876329421997,0.09756022691726685,-1.9494529962539673,-0.06049533188343048,2.386235237121582,0.5421284437179565
0.827332615852356,0.4406154751777649,0.10175943374633789,-1.9479291439056396,-0.0631934180855751,2.385549783706665,0.5210968255996704
0.8239285945892334,0.44171014428138733,0.10595116764307022,-1.9464020729064941,-0.06589560210704803,2.3848586082458496,0.500065267086029
0.8205350041389465,0.4428141117095947,0.11013510823249817,-1.9448715448379517,-0.06860065460205078,2.384161949157715,0.4790336787700653
0.8171511888504028,0.44392648339271545,0.11431247740983963,-1.9433377981185913,-0.0713101252913475,2.3834593296051025,0.45800209045410156
0.8137784600257874,0.44504719972610474,0.1184815987944603,-1.9418010711669922,-0.07402272522449493,2.38275146484375,0.4369705319404602
0.8104153275489807,0.44617709517478943,0.12264423817396164,-1.940260410308838,-0.07673920691013336,2.38203763961792,0.4159389138221741
0.8070630431175232,0.447315514087677,0.12679918110370636,-1.9387167692184448,-0.07945986092090607,2.3813185691833496,0.3949073553085327
0.8037216067314148,0.4484628736972809,0.13094623386859894,-1.9371695518493652,-0.08218324929475784,2.380593776702881,0.37387576699256897
0.8003901243209839,0.4496188461780548,0.13508640229701996,-1.9356192350387573,-0.08491096645593643,2.3798635005950928,0.3528442084789276
0.7970686554908752,0.4507838189601898,0.13921970129013062,-1.9340652227401733,-0.08764291554689407,2.379127264022827,0.3318125903606415
0.7937576174736023,0.45195701718330383,0.14334595203399658,-1.932508111000061,-0.09037888795137405,2.378385066986084,0.3107810318470001
0.7904577255249023,0.4531393051147461,0.14746397733688354,-1.9309474229812622,-0.09311804920434952,2.3776373863220215,0.2897494435310364
0.7871679067611694,0.4543306231498718,0.15157535672187805,-1.929383397102356,-0.09586138278245926,2.3768837451934814,0.268717885017395
0.7838881611824036,0.45553022623062134,0.15567995607852936,-1.9278159141540527,-0.09860921651124954,2.376124143600464,0.24768631160259247
0.7806190252304077,0.45673859119415283,0.15977714955806732,-1.926245093345642,-0.10136086493730545,2.375358819961548,0.2266547530889511
0.7773608565330505,0.45795655250549316,0.16386678814888,-1.9246708154678345,-0.1041160374879837,2.3745880126953125,0.20562312006950378
0.7741130590438843,0.4591826796531677,0.16794945299625397,-1.9230930805206299,-0.1068754568696022,2.3738107681274414,0.18459156155586243
0.7708756923675537,0.4604179561138153,0.1720249503850937,-1.9215116500854492,-0.10963898152112961,2.373028039932251,0.16355998814105988
0.7676492929458618,0.4616621136665344,0.17609302699565887,-1.9199272394180298,-0.11240691691637039,2.372239589691162,0.14252842962741852
0.7644327282905579,0.4629145562648773,0.18015457689762115,-1.9183392524719238,-0.1151784136891365,2.3714447021484375,0.12149685621261597
0.7612272500991821,0.4641767740249634,0.18420879542827606,-1.9167473316192627,-0.117954321205616,2.3706436157226562,0.10046520084142685
0.7580316662788391,0.46544715762138367,0.18825656175613403,-1.9151523113250732,-0.12073483318090439,2.3698368072509766,0.0794336348772049
0.7548471689224243,0.4667269289493561,0.19229692220687866,-1.9135535955429077,-0.12351929396390915,2.369023561477661,0.05840210244059563
0.751672625541687,0.46801504492759705,0.1963307410478592,-1.9119517803192139,-0.12630817294120789,2.368204355239868,0.037370502948760986
0.748508870601654,0.46931225061416626,0.20035749673843384,-1.9103460311889648,-0.12910102307796478,2.3673791885375977,0.01633896678686142
0.7453560829162598,0.47061896324157715,0.20437686145305634,-1.9087368249893188,-0.1318984031677246,2.3665480613708496,-0.00469262944534421
0.7422130703926086,0.47193413972854614,0.20839044451713562,-1.9071242809295654,-0.13470080494880676,2.3657102584838867,-0.025724254548549652
0.739081084728241,0.47325846552848816,0.21239668130874634,-1.9055078029632568,-0.13750697672367096,2.3648664951324463,-0.04675579071044922
0.7359591126441956,0.4745916426181793,0.21639658510684967,-1.9038879871368408,-0.14031779766082764,2.364016532897949,-0.06778738647699356
0.7328482270240784,0.47593411803245544,0.22038930654525757,-1.9022647142410278,-0.14313311874866486,2.3631598949432373,-0.08881892263889313
0.7297479510307312,0.4772860109806061,0.22437524795532227,-1.9006377458572388,-0.14595264196395874,2.362297773361206,-0.10985052585601807
0.726657509803772,0.478646457195282,0.22835540771484375,-1.899006962776184,-0.14877690374851227,2.3614284992218018,-0.1308821439743042
0.7235779762268066,0.4800156354904175,0.232328400015831,-1.897372841835022,-0.15160611271858215,2.36055326461792,-0.15191365778446198
0.7205092906951904,0.48139488697052,0.23629488050937653,-1.8957350254058838,-0.15443992614746094,2.3596718311309814,-0.1729452759027481
0.7174500226974487,0.4827823340892792,0.24025557935237885,-1.894093632698059,-0.15727797150611877,2.35878324508667,-0.19397690892219543
0.7144017815589905,0.48417943716049194,0.24420955777168274,-1.8924486637115479,-0.16012145578861237,2.3578884601593018,-0.21500840783119202
0.7113637924194336,0.4855853021144867,0.24815724790096283,-1.8907999992370605,-0.16296927630901337,2.356987237930298,-0.23604004085063934
0.7083366513252258,0.48700058460235596,0.2520983815193176,-1.8891475200653076,-0.16582177579402924,2.356079578399658,-0.2570715546607971
0.7053197026252747,0.4884251654148102,0.25603339076042175,-1.8874915838241577,-0.16867955029010773,2.355165481567383,-0.27810317277908325
0.7023130655288696,0.4898591637611389,0.2599624693393707,-1.8858320713043213,-0.17154182493686676,2.3542444705963135,-0.2991347908973694
0.6993167996406555,0.4913022518157959,0.2638854384422302,-1.8841686248779297,-0.17440970242023468,2.3533170223236084,-0.32016631960868835
0.6963310837745667,0.492754727602005,0.2678021788597107,-1.8825013637542725,-0.17728210985660553,2.3523828983306885,-0.3411979377269745
0.6933556795120239,0.49421605467796326,0.27171292901039124,-1.8808306455612183,-0.18015919625759125,2.3514418601989746,-0.36222943663597107
0.6903901696205139,0.4956870675086975,0.2756180763244629,-1.8791561126708984,-0.1830420196056366,2.350493907928467,-0.3832610547542572
0.6874362230300903,0.4971671402454376,0.2795163094997406,-1.8774778842926025,-0.18592916429042816,2.3495395183563232,-0.40429258346557617
0.6844920516014099,0.4986567795276642,0.28340908885002136,-1.8757957220077515,-0.1888214647769928,2.348578453063965,-0.4253242015838623
0.6815578937530518,0.5001557469367981,0.2872965633869171,-1.874110221862793,-0.19171950221061707,2.3476099967956543,-0.44635581970214844
0.6786338090896606,0.5016643404960632,0.2911785840988159,-1.8724205493927002,-0.19462284445762634,2.346634864807129,-0.4673873484134674
0.6757206916809082,0.5031824111938477,0.2950540781021118,-1.8707270622253418,-0.19753122329711914,2.3456525802612305,-0.48841896653175354
0.6728173494338989,0.5047098994255066,0.29892462491989136,-1.8690301179885864,-0.20044489204883575,2.3446640968322754,-0.5094504952430725
0.6699240207672119,0.5062469244003296,0.3027900457382202,-1.8673293590545654,-0.20336438715457916,2.34366774559021,-0.5304821133613586
0.667041003704071,0.5077931880950928,0.3066495954990387,-1.8656246662139893,-0.20628924667835236,2.3426647186279297,-0.5515137314796448
0.6641688942909241,0.5093496441841125,0.3105033040046692,-1.8639159202575684,-0.20921897888183594,2.3416547775268555,-0.5725452303886414
0.6613057851791382,0.5109149813652039,0.3143528401851654,-1.862203598022461,-0.21215470135211945,2.34063720703125,-0.5935768485069275
0.6584532260894775,0.5124903917312622,0.3181968331336975,-1.8604872226715088,-0.21509620547294617,2.3396122455596924,-0.6146083474159241
0.6556109189987183,0.5140749216079712,0.32203537225723267,-1.8587673902511597,-0.2180432677268982,2.33858060836792,-0.6356399655342102
0.652778685092926,0.5156698226928711,0.32586896419525146,-1.8570431470870972,-0.22099557518959045,2.3375415802001953,-0.6566716432571411
0.6499567031860352,0.5172745585441589,0.3296973407268524,-1.8553152084350586,-0.22395381331443787,2.3364949226379395,-0.6777031421661377
0.6471444368362427,0.5188882350921631,0.3335212469100952,-1.853583574295044,-0.2269178032875061,2.3354411125183105,-0.6987348198890686
0.6443421244621277,0.5205127000808716,0.33734050393104553,-1.8518476486206055,-0.22988811135292053,2.3343796730041504,-0.7197662591934204
0.6415504217147827,0.5221465826034546,0.34115415811538696,-1.8501081466674805,-0.2328639030456543,2.3333113193511963,-0.7407979369163513
0.6387680768966675,0.5237900018692017,0.3449636995792389,-1.8483645915985107,-0.2358456254005432,2.332235336303711,-0.7618295550346375
0.6359960436820984,0.5254437923431396,0.3487684726715088,-1.8466171026229858,-0.23883356153964996,2.3311517238616943,-0.782861053943634
0.6332334280014038,0.5271072387695312,0.35256922245025635,-1.8448655605316162,-0.24182717502117157,2.3300600051879883,-0.8038926720619202
0.6304811835289001,0.5287806987762451,0.35636499524116516,-1.8431099653244019,-0.24482695758342743,2.3289613723754883,-0.8249242305755615
0.6277381777763367,0.530464231967926,0.3601571321487427,-1.8413506746292114,-0.24783362448215485,2.3278543949127197,-0.8459557890892029
0.6250057816505432,0.5321580171585083,0.3639441430568695,-1.8395870923995972,-0.250845730304718,2.326740264892578,-0.866987407207489
0.6222830414772034,0.5338620543479919,0.367727130651474,-1.8378194570541382,-0.2538645565509796,2.3256185054779053,-0.8880189657211304
0.6195694208145142,0.5355757474899292,0.37150678038597107,-1.8360481262207031,-0.2568894326686859,2.3244881629943848,-0.9090505838394165
0.6168659925460815,0.5372995734214783,0.3752818703651428,-1.8342725038528442,-0.2599208950996399,2.323350429534912,-0.9300820231437683
0.6141725778579712,0.5390344262123108,0.3790530264377594,-1.832492709159851,-0.26295897364616394,2.322204828262329,-0.9511136412620544
0.6114886403083801,0.5407786965370178,0.38282036781311035,-1.8307092189788818,-0.2660033106803894,2.3210508823394775,-0.9721452593803406
0.6088143587112427,0.5425336360931396,0.38658398389816284,-1.8289213180541992,-0.2690543234348297,2.3198890686035156,-0.9931768774986267
0.6061491966247559,0.5442988872528076,0.3903445601463318,-1.8271292448043823,-0.2721124291419983,2.3187191486358643,-1.014208436012268
0.6034942269325256,0.546074628829956,0.394101083278656,-1.8253333568572998,-0.27517643570899963,2.3175413608551025,-1.0352399349212646
0.600848376750946,0.5478606224060059,0.39785465598106384,-1.8235331773757935,-0.2782478928565979,2.316354751586914,-1.0562715530395508
0.5982123613357544,0.5496571660041809,0.40160423517227173,-1.8217288255691528,-0.2813258171081543,2.3151605129241943,-1.077303171157837
0.5955857634544373,0.5514647960662842,0.40535101294517517,-1.8199201822280884,-0.28441107273101807,2.313957452774048,-1.098334789276123
0.5929686427116394,0.5532822608947754,0.40909457206726074,-1.8181076049804688,-0.28750279545783997,2.312746286392212,-1.1193664073944092
0.5903609395027161,0.5551113486289978,0.412835031747818,-1.8162907361984253,-0.29060232639312744,2.3115270137786865,-1.1403977870941162
0.5877619385719299,0.5569498538970947,0.4165732264518738,-1.8144696950912476,-0.2937086224555969,2.310298442840576,-1.1614294052124023
0.585177481174469,0.5587992072105408,0.4203031659126282,-1.812644600868225,-0.29681888222694397,2.3090627193450928,-1.1824610233306885
0.582597017288208,0.5606600642204285,0.4240361154079437,-1.8108149766921997,-0.2999398708343506,2.307817220687866,-1.2034926414489746
