0.5700805187225342,1.155961275100708,0.7943321466445923,-0.9297466278076172,-0.7459412217140198,1.8472838401794434,-1.1496655941009521
0.5584979057312012,1.1310484409332275,0.783527135848999,-0.9765434265136719,-0.7313891649246216,1.8679399490356445,-1.1229935884475708
0.5469439029693604,1.1091339588165283,0.777543842792511,-1.0193710327148438,-0.7216966152191162,1.8860996961593628,-1.096321702003479
0.5354063510894775,1.0895040035247803,0.7749085426330566,-1.0590906143188477,-0.7153645157814026,1.9023606777191162,-1.0696496963500977
0.5238734483718872,1.0716904401779175,0.77471923828125,-1.0962915420532227,-0.7114709615707397,1.9171135425567627,-1.0429776906967163
0.5123426914215088,1.0553672313690186,0.7763768434524536,-1.1313972473144531,-0.7094067335128784,1.93063223361969,-1.0163058042526245
0.5008105039596558,1.0402989387512207,0.7794737219810486,-1.1647224426269531,-0.7087557911872864,1.9431145191192627,-0.9896337985992432
0.4892771542072296,1.0263100862503052,0.7837165594100952,-1.1965124607086182,-0.7092217803001404,1.9547088146209717,-0.9629618525505066
0.4777413308620453,1.0132583379745483,0.7888861894607544,-1.2269582748413086,-0.7105826735496521,1.9655330181121826,-0.9362898468971252
0.4661959111690521,1.001032829284668,0.7948273420333862,-1.2562170028686523,-0.7126740217208862,1.975677728652954,-0.9096179008483887
0.45464667677879333,0.9895474910736084,0.8014082908630371,-1.2844152450561523,-0.7153660655021667,1.9852184057235718,-0.8829459547996521
0.4430932104587555,0.9787298440933228,0.8085317015647888,-1.3116588592529297,-0.718561053276062,1.9942150115966797,-0.8562740087509155
0.43153783679008484,0.9685201048851013,0.8161165118217468,-1.3380367755889893,-0.7221773266792297,2.0027191638946533,-0.829602062702179
0.41998180747032166,0.9588669538497925,0.8240986466407776,-1.36362624168396,-0.7261519432067871,2.010773181915283,-0.8029300570487976
0.408426970243454,0.9497273564338684,0.832424521446228,-1.3884921073913574,-0.7304304838180542,2.0184144973754883,-0.776258111000061
0.3968742787837982,0.9410632252693176,0.8410505652427673,-1.412691593170166,-0.7349689602851868,2.025674343109131,-0.7495861649513245
0.38532620668411255,0.9328435063362122,0.8499422669410706,-1.436274528503418,-0.7397332787513733,2.0325794219970703,-0.7229141592979431
0.3737849295139313,0.9250390529632568,0.8590626120567322,-1.4592843055725098,-0.744691014289856,2.039154529571533,-0.6962422132492065
0.36225250363349915,0.9176253080368042,0.8683872818946838,-1.481760025024414,-0.7498165965080261,2.0454201698303223,-0.66957026720047
0.35073137283325195,0.9105806350708008,0.8778927326202393,-1.5037364959716797,-0.7550876140594482,2.0513951778411865,-0.6428982615470886
0.33922359347343445,0.9038847088813782,0.8875586986541748,-1.5252442359924316,-0.7604851126670837,2.057096242904663,-0.616226315498352
0.3277345299720764,0.8975204825401306,0.8973642587661743,-1.5463109016418457,-0.7659919261932373,2.0625393390655518,-0.5895543694496155
0.31626203656196594,0.8914727568626404,0.9072989821434021,-1.5669620037078857,-0.7715948224067688,2.067734718322754,-0.5628823637962341
0.30481311678886414,0.8857257962226868,0.9173431396484375,-1.5872204303741455,-0.7772797346115112,2.0726985931396484,-0.5362104773521423
0.293387770652771,0.8802684545516968,0.9274879693984985,-1.6071069240570068,-0.7830367088317871,2.0774383544921875,-0.509538471698761
0.2819908559322357,0.8750876188278198,0.9377192258834839,-1.6266398429870605,-0.7888550162315369,2.0819664001464844,-0.4828665256500244
0.270624041557312,0.8701729774475098,0.948027491569519,-1.6458375453948975,-0.7947267889976501,2.0862908363342285,-0.45619454979896545
0.27625975012779236,0.8529905080795288,0.9300956726074219,-1.655701756477356,-0.7744925618171692,2.0995023250579834,-0.43969884514808655
0.2819902002811432,0.836415708065033,0.9126110076904297,-1.6654481887817383,-0.7548442482948303,2.1121773719787598,-0.42320317029953003
0.28781676292419434,0.8204070329666138,0.8955289721488953,-1.6750787496566772,-0.7357355356216431,2.1243534088134766,-0.4067074656486511
0.29373911023139954,0.8049253821372986,0.8788098692893982,-1.684596300125122,-0.7171238660812378,2.1360650062561035,-0.3902117609977722
0.29975834488868713,0.7899371981620789,0.8624184727668762,-1.6940031051635742,-0.6989731192588806,2.147340774536133,-0.3737160563468933
0.30587539076805115,0.775412380695343,0.8463229537010193,-1.7033014297485352,-0.6812497973442078,2.158207416534424,-0.3572203814983368
0.3120921552181244,0.7613237500190735,0.830493688583374,-1.7124933004379272,-0.6639253497123718,2.1686899662017822,-0.3407246768474579
0.31840911507606506,0.7476468682289124,0.8149052858352661,-1.7215806245803833,-0.6469725370407104,2.1788089275360107,-0.324228972196579
0.32482925057411194,0.7343593239784241,0.7995316982269287,-1.7305660247802734,-0.6303673982620239,2.1885852813720703,-0.30773329734802246
0.3313523828983307,0.7214422225952148,0.784354031085968,-1.7394506931304932,-0.614090621471405,2.1980345249176025,-0.29123759269714355
0.337982714176178,0.7088766694068909,0.7693483233451843,-1.7482365369796753,-0.5981200933456421,2.2071752548217773,-0.27474188804626465
0.34472090005874634,0.6966457962989807,0.7544971108436584,-1.7569258213043213,-0.5824382901191711,2.21602201461792,-0.25824618339538574
0.35156959295272827,0.6847355365753174,0.7397826313972473,-1.7655194997787476,-0.5670294761657715,2.2245876789093018,-0.24175049364566803
0.35853147506713867,0.673130214214325,0.7251874804496765,-1.7740195989608765,-0.5518778562545776,2.2328860759735107,-0.22525478899478912
0.36560845375061035,0.6618179678916931,0.710696280002594,-1.7824277877807617,-0.536970317363739,2.2409284114837646,-0.2087590992450714
0.37280282378196716,0.6507865190505981,0.6962950825691223,-1.7907451391220093,-0.522293210029602,2.248725414276123,-0.1922634094953537
0.38011831045150757,0.6400250196456909,0.6819685101509094,-1.7989736795425415,-0.5078350305557251,2.2562880516052246,-0.1757677048444748
0.3875572383403778,0.6295238733291626,0.6677039861679077,-1.8071141242980957,-0.4935852587223053,2.263625144958496,-0.15927202999591827
0.39512115716934204,0.6192731857299805,0.653488039970398,-1.8151686191558838,-0.4795337915420532,2.270745038986206,-0.14277631044387817
0.4028153419494629,0.6092645525932312,0.6393107771873474,-1.8231375217437744,-0.4656699001789093,2.2776567935943604,-0.12628060579299927
0.4106420874595642,0.5994893908500671,0.625158965587616,-1.8310227394104004,-0.4519856870174408,2.2843680381774902,-0.10978493094444275
0.41860252618789673,0.5899410247802734,0.6110236644744873,-1.8388251066207886,-0.43847331404685974,2.2908849716186523,-0.09328921884298325
0.4267028570175171,0.580611526966095,0.5968912243843079,-1.8465464115142822,-0.42512452602386475,2.2972164154052734,-0.07679350674152374
0.4349434971809387,0.5714951753616333,0.5827541947364807,-1.854187250137329,-0.41193243861198425,2.3033666610717773,-0.060297831892967224
0.44333040714263916,0.5625858902931213,0.5686003565788269,-1.861748456954956,-0.3988897204399109,2.309342861175537,-0.04380211979150772
0.4518643319606781,0.5538777112960815,0.5544227957725525,-1.8692317008972168,-0.38599100708961487,2.315150022506714,-0.027306441217660904
0.4605501592159271,0.5453657507896423,0.5402104258537292,-1.8766378164291382,-0.3732295632362366,2.320794105529785,-0.010810747742652893
0.469391793012619,0.5370451807975769,0.5259543657302856,-1.883967399597168,-0.36059990525245667,2.326280117034912,0.0056849755346775055
0.4783902168273926,0.5289113521575928,0.5116481781005859,-1.8912218809127808,-0.34809738397598267,2.3316118717193604,0.022180626168847084
0.4875509738922119,0.5209596157073975,0.49728161096572876,-1.8984019756317139,-0.3357160687446594,2.336794853210449,0.03867634758353233
0.49687695503234863,0.5131871104240417,0.4828469455242157,-1.9055087566375732,-0.3234524130821228,2.3418335914611816,0.05517207458615303
0.5063719749450684,0.5055897235870361,0.4683362543582916,-1.9125425815582275,-0.3113008439540863,2.346730947494507,0.07166772335767746
0.5160388350486755,0.498163640499115,0.4537423551082611,-1.9195051193237305,-0.2992577850818634,2.351491928100586,0.08816345036029816
0.5258809924125671,0.4909060001373291,0.4390578269958496,-1.9263966083526611,-0.28731945157051086,2.3561196327209473,0.10465914011001587
0.5359018445014954,0.48381486535072327,0.4242757558822632,-1.9332176446914673,-0.27548158168792725,2.3606176376342773,0.12115482240915298
0.5461049675941467,0.4768863320350647,0.4093887507915497,-1.9399696588516235,-0.2637413442134857,2.364989757537842,0.1376505047082901
0.5564927458763123,0.4701186716556549,0.3943914473056793,-1.946652889251709,-0.25209495425224304,2.3692378997802734,0.1541462242603302
0.5670701861381531,0.46350884437561035,0.3792749047279358,-1.9532684087753296,-0.24053817987442017,2.3733668327331543,0.1706419140100479
0.5778383016586304,0.45705646276474,0.36403557658195496,-1.9598164558410645,-0.22906960546970367,2.377377986907959,0.1871376484632492
0.5888010859489441,0.4507581293582916,0.34866636991500854,-1.966298222541809,-0.21768593788146973,2.381274938583374,0.20363333821296692
0.599960446357727,0.44461244344711304,0.3331623375415802,-1.9727140665054321,-0.20638407766819,2.3850595951080322,0.22012896835803986
0.6113201975822449,0.4386184811592102,0.3175172507762909,-1.979064702987671,-0.1951611489057541,2.388735294342041,0.23662468791007996
0.6228813529014587,0.43277427554130554,0.3017272353172302,-1.9853507280349731,-0.18401506543159485,2.392303466796875,0.25312039256095886
0.6346473097801208,0.4270787239074707,0.2857867181301117,-1.9915729761123657,-0.17294399440288544,2.3957674503326416,0.26961612701416016
0.6466194987297058,0.4215308129787445,0.2696915864944458,-1.9977316856384277,-0.16194404661655426,2.3991286754608154,0.2861118018627167
0.6587996482849121,0.41612961888313293,0.25343793630599976,-2.0038275718688965,-0.15101440250873566,2.4023895263671875,0.30260753631591797
0.671189546585083,0.41087421774864197,0.2370220571756363,-2.009861469268799,-0.140152707695961,2.4055521488189697,0.3191031515598297
0.683789074420929,0.40576350688934326,0.22044137120246887,-2.0158333778381348,-0.12935712933540344,2.4086177349090576,0.335598886013031
0.6966012120246887,0.400797963142395,0.2036912888288498,-2.0217444896698,-0.11862467974424362,2.4115891456604004,0.3520945906639099
0.7096248269081116,0.3959760367870331,0.18677105009555817,-2.027594804763794,-0.10795488953590393,2.4144675731658936,0.3685902953147888
0.7228598594665527,0.3912980854511261,0.16967788338661194,-2.0333847999572754,-0.09734537452459335,2.41725492477417,0.3850860297679901
0.7363060116767883,0.3867633044719696,0.1524117887020111,-2.0391154289245605,-0.08679504692554474,2.419952630996704,0.40158167481422424
0.7499629259109497,0.3823714256286621,0.13497065007686615,-2.0447869300842285,-0.0763016790151596,2.4225618839263916,0.4180773198604584
0.763829231262207,0.37812209129333496,0.11735405772924423,-2.0503997802734375,-0.06586341559886932,2.4250850677490234,0.43457305431365967
0.7779029607772827,0.3740159571170807,0.09956258535385132,-2.0559544563293457,-0.05547952651977539,2.427523136138916,0.45106878876686096
0.7921813726425171,0.37005242705345154,0.08159704506397247,-2.0614511966705322,-0.0451485700905323,2.4298770427703857,0.46756449341773987
0.8066622614860535,0.3662317097187042,0.06345858424901962,-2.0668907165527344,-0.034868720918893814,2.4321486949920654,0.4840601682662964
0.8213415741920471,0.3625537157058716,0.045149222016334534,-2.0722732543945312,-0.024638663977384567,2.4343390464782715,0.5005558133125305
0.8362151980400085,0.35901910066604614,0.026672225445508957,-2.077599048614502,-0.01445755735039711,2.4364495277404785,0.5170515179634094
0.8512783050537109,0.35562703013420105,0.00803049560636282,-2.082869052886963,-0.004324256908148527,2.438480854034424,0.5335472226142883
0.8665255308151245,0.35237830877304077,-0.010771447792649269,-2.088083267211914,0.005762616638094187,2.4404349327087402,0.550042986869812
0.8819507956504822,0.34927284717559814,-0.029729101806879044,-2.0932421684265137,0.015804322436451912,2.4423112869262695,0.5665386915206909
0.8975474834442139,0.3463115096092224,-0.04883715137839317,-2.09834623336792,0.025801612064242363,2.444112777709961,0.583034336566925
0.913308322429657,0.3434935212135315,-0.06808944046497345,-2.103395462036133,0.03575601428747177,2.4458394050598145,0.5995299816131592
0.9292250871658325,0.3408200740814209,-0.08747907727956772,-2.1083903312683105,0.04566808417439461,2.4474925994873047,0.6160257458686829
0.9452886581420898,0.33829036355018616,-0.10699789971113205,-2.1133315563201904,0.05553876608610153,2.4490721225738525,0.6325214505195618
0.9614901542663574,0.3359052836894989,-0.12663821876049042,-2.1182191371917725,0.06536932289600372,2.45058012008667,0.6490171551704407
0.9778190851211548,0.33366379141807556,-0.14639045298099518,-2.123053550720215,0.07516027241945267,2.4520163536071777,0.6655128598213196
0.9942648410797119,0.33156776428222656,-0.16624532639980316,-2.1278347969055176,0.0849132239818573,2.4533822536468506,0.6820084452629089
1.010816216468811,0.32961493730545044,-0.18619275093078613,-2.132563591003418,0.09462752193212509,2.4546782970428467,0.6985042095184326
1.0274615287780762,0.32780805230140686,-0.206221804022789,-2.137240409851074,0.10430597513914108,2.4559061527252197,0.7149999141693115
1.061154842376709,0.36979904770851135,-0.2561008334159851,-2.077451229095459,0.1408717781305313,2.4312944412231445,0.7047981023788452
1.0911049842834473,0.41404977440834045,-0.30352482199668884,-2.015300750732422,0.1798320859670639,2.4043052196502686,0.6945962905883789
1.1183457374572754,0.4609149992465973,-0.34998607635498047,-1.950510025024414,0.22156979143619537,2.3746280670166016,0.6843945384025574
1.14358389377594,0.5108600854873657,-0.3967837691307068,-1.8827322721481323,0.2666104733943939,2.3418593406677246,0.6741927266120911
1.1673094034194946,0.5644997954368591,-0.4451942443847656,-1.8115314245224,0.3156915605068207,2.305476427078247,0.6639909744262695
1.189862608909607,0.6226620078086853,-0.49664679169654846,-1.736346960067749,0.3698686361312866,2.2647719383239746,0.6537891626358032
1.2114722728729248,0.6865028142929077,-0.5529512166976929,-1.656438946723938,0.4307101368904114,2.2187607288360596,0.6435873508453369
1.2322784662246704,0.7577180862426758,-0.6166821718215942,-1.5707974433898926,0.5006682872772217,2.165994882583618,0.6333855390548706
1.2553976774215698,0.7372163534164429,-0.6515551209449768,-1.625549554824829,0.5212165117263794,2.182462453842163,0.6085695028305054
1.2778360843658447,0.718845784664154,-0.6862170100212097,-1.6769335269927979,0.5410865545272827,2.197303056716919,0.5837534070014954
1.2994837760925293,0.7023720741271973,-0.7205898761749268,-1.7253140211105347,0.5602661371231079,2.2107152938842773,0.5589373707771301
1.3202232122421265,0.6876039505004883,-0.7545913457870483,-1.7709754705429077,0.57874995470047,2.2228622436523438,0.5341213345527649
1.3399382829666138,0.6743799448013306,-0.788142740726471,-1.8141429424285889,0.5965322256088257,2.2338757514953613,0.5093052983283997
1.3585070371627808,0.6625627279281616,-0.8211586475372314,-1.8549962043762207,0.6136110424995422,2.243867874145508,0.48448923230171204
1.3758069276809692,0.6520301103591919,-0.8535525798797607,-1.893681287765503,0.6299813389778137,2.2529356479644775,0.4596731662750244
1.3917160034179688,0.6426755785942078,-0.8852373957633972,-1.9303139448165894,0.6456418633460999,2.2611608505249023,0.4348571300506592
1.406114101409912,0.6344038844108582,-0.9161261916160583,-1.9649884700775146,0.6605921387672424,2.2686147689819336,0.41004106402397156
1.4188835620880127,0.6271281242370605,-0.9461324214935303,-1.9977797269821167,0.6748326420783997,2.275359630584717,0.38522499799728394
1.4299122095108032,0.6207694411277771,-0.9751734137535095,-2.028747320175171,0.6883658170700073,2.2814488410949707,0.3604089617729187
1.4390922784805298,0.6152574419975281,-1.0031675100326538,-2.057936668395996,0.7011970281600952,2.28692889213562,0.3355928957462311
1.4463225603103638,0.6105283498764038,-1.0300374031066895,-2.0853829383850098,0.7133353352546692,2.291839361190796,0.31077685952186584
1.4515116214752197,0.6065255999565125,-1.0557116270065308,-2.111110210418701,0.7247931361198425,2.296213150024414,0.2859607934951782
1.4545756578445435,0.6032002568244934,-1.0801239013671875,-2.1351358890533447,0.7355870604515076,2.300076484680176,0.261144757270813
1.4554388523101807,0.6005098819732666,-1.1032103300094604,-2.1574690341949463,0.7457389235496521,2.3034508228302,0.23632870614528656
1.4540385007858276,0.5984213948249817,-1.1249172687530518,-2.1781129837036133,0.7552747130393982,2.306349515914917,0.21151262521743774
1.4503223896026611,0.5969096422195435,-1.1451959609985352,-2.1970653533935547,0.7642291784286499,2.3087799549102783,0.1866966038942337
1.4442492723464966,0.5959583520889282,-1.1640040874481201,-2.214320421218872,0.7726406455039978,2.310743808746338,0.16188053786754608
1.435793161392212,0.5955632328987122,-1.1813095808029175,-2.229867458343506,0.7805571556091309,2.312232494354248,0.13706447184085846
1.4249379634857178,0.595727264881134,-1.1970852613449097,-2.2436938285827637,0.7880323529243469,2.31323504447937,0.11224845051765442
1.4116859436035156,0.5964668989181519,-1.2113165855407715,-2.255784273147583,0.7951276898384094,2.3137292861938477,0.0874323919415474
1.3960522413253784,0.5978090167045593,-1.2239973545074463,-2.2661221027374268,0.8019129037857056,2.313687324523926,0.06261632591485977
1.3780704736709595,0.599793553352356,-1.235135793685913,-2.274689197540283,0.8084665536880493,2.3130722045898438,0.03780025616288185
1.3577910661697388,0.6024717092514038,-1.244752287864685,-2.281467914581299,0.8148733973503113,2.3118395805358887,0.012984229251742363
1.3352824449539185,0.6059069633483887,-1.2528828382492065,-2.2864396572113037,0.8212273716926575,2.3099379539489746,-0.011831836774945259
1.3106334209442139,0.6101768612861633,-1.2595813274383545,-2.2895870208740234,0.8276304602622986,2.3073062896728516,-0.03664790093898773
1.2839536666870117,0.6153711080551147,-1.2649227380752563,-2.2908928394317627,0.834192156791687,2.3038744926452637,-0.06146392226219177
1.2553704977035522,0.6215925216674805,-1.2689998149871826,-2.290341854095459,0.8410285115242004,2.299565553665161,-0.0862799882888794
1.2984304428100586,0.6038569211959839,-1.2988338470458984,-2.330599308013916,0.8385409116744995,2.3152213096618652,-0.06652361154556274
1.3440440893173218,0.5877852439880371,-1.3315352201461792,-2.3702569007873535,0.8369260430335999,2.3298797607421875,-0.046767231076955795
1.3922494649887085,0.5734606385231018,-1.3670607805252075,-2.4093542098999023,0.836148738861084,2.3435351848602295,-0.027010848745703697
1.4430341720581055,0.5609812140464783,-1.4053207635879517,-2.4479281902313232,0.8361852169036865,2.356171131134033,-0.0072544715367257595
1.496334195137024,0.5504655241966248,-1.4461755752563477,-2.4860119819641113,0.8370209336280823,2.3677563667297363,0.01250191405415535
1.552010178565979,0.5420434474945068,-1.489411473274231,-2.52363657951355,0.8386518955230713,2.378248691558838,0.032258290797472
1.6098456382751465,0.5358577966690063,-1.5347355604171753,-2.5608294010162354,0.8410810232162476,2.387592315673828,0.05201466754078865
1.669542908668518,0.5320598483085632,-1.5817703008651733,-2.597616672515869,0.8443215489387512,2.395716667175293,0.0717710480093956
1.7307208776474,0.5308100581169128,-1.6300506591796875,-2.6340222358703613,0.8483946919441223,2.4025321006774902,0.09152742475271225
1.7322194576263428,0.5588480234146118,-1.6385568380355835,-2.641541004180908,0.879185676574707,2.3845043182373047,0.05978422239422798
1.7321646213531494,0.5882746577262878,-1.6458054780960083,-2.6487932205200195,0.9099689722061157,2.3649051189422607,0.028041020035743713
1.7306565046310425,0.619239330291748,-1.6519140005111694,-2.6557817459106445,0.9407762289047241,2.3435938358306885,-0.003702174173668027
1.7277796268463135,0.6519216299057007,-1.6569859981536865,-2.6625094413757324,0.9716495275497437,2.320402145385742,-0.03544538468122482
1.7236040830612183,0.6865284442901611,-1.661111831665039,-2.6689791679382324,1.002636432647705,2.295137643814087,-0.0671885758638382
1.71819007396698,0.7233100533485413,-1.6643739938735962,-2.6751928329467773,1.0337982177734375,2.267566204071045,-0.09893177449703217
1.7115851640701294,0.7625668048858643,-1.6668457984924316,-2.6811530590057373,1.0652117729187012,2.23740816116333,-0.13067498803138733
1.7038251161575317,0.8046656250953674,-1.6685928106307983,-2.686861515045166,1.0969754457473755,2.2043213844299316,-0.1624181866645813
1.6949344873428345,0.8500677347183228,-1.6696757078170776,-2.692319631576538,1.1292169094085693,2.1678757667541504,-0.19416138529777527
1.6849231719970703,0.8993598222732544,-1.6701490879058838,-2.697528600692749,1.162107229232788,2.1275246143341064,-0.22590458393096924
1.6737836599349976,0.9533116221427917,-1.6700637340545654,-2.7024898529052734,1.1958788633346558,2.082550287246704,-0.2576477825641632
1.6614817380905151,1.0129753351211548,-1.6694669723510742,-2.707202911376953,1.2308627367019653,2.031973123550415,-0.2893909811973572
1.6479458808898926,1.079871416091919,-1.668405294418335,-2.7116689682006836,1.2675589323043823,1.974379062652588,-0.32113417983055115
1.6119723320007324,0.9281830787658691,-1.677473783493042,-2.7113428115844727,1.1805393695831299,2.10495662689209,-0.30207979679107666
1.5712971687316895,0.8137828707695007,-1.6851366758346558,-2.708101749420166,1.1042125225067139,2.19987154006958,-0.2830253839492798
1.5262351036071777,0.7225663065910339,-1.6899365186691284,-2.701967239379883,1.0344158411026,2.272252082824707,-0.2639710009098053
1.4765324592590332,0.6473519802093506,-1.690604329109192,-2.692981004714966,0.9693339467048645,2.3288235664367676,-0.24491660296916962
1.421677827835083,0.5839033722877502,-1.6859408617019653,-2.6812009811401367,0.908058226108551,2.373599052429199,-0.22586220502853394
1.3609983921051025,0.5295122861862183,-1.6747711896896362,-2.666698932647705,0.8500946164131165,2.4092023372650146,-0.20680780708789825
1.293704867362976,0.4823812246322632,-1.6559265851974487,-2.649557590484619,0.7951539158821106,2.4374520778656006,-0.18775340914726257
1.2189184427261353,0.4413061738014221,-1.6282423734664917,-2.6298670768737793,0.7430528998374939,2.459665298461914,-0.16869902610778809
1.135722041130066,0.4055059254169464,-1.5905916690826416,-2.6077208518981934,0.693662703037262,2.4768214225769043,-0.1496446281671524
1.0432379245758057,0.3745096027851105,-1.541947603225708,-2.5832128524780273,0.6468746066093445,2.4896717071533203,-0.13059021532535553
0.9407760500907898,0.3480907380580902,-1.4815236330032349,-2.556434154510498,0.6025900840759277,2.498800754547119,-0.11153583973646164
0.8280540704727173,0.3262070417404175,-1.4089823961257935,-2.527470827102661,0.5607090592384338,2.5046706199645996,-0.09248143434524536
0.7054686546325684,0.3089457154273987,-1.3247002363204956,-2.4964005947113037,0.5211278200149536,2.50765323638916,-0.07342705130577087
0.5743849277496338,0.2964574694633484,-1.230048656463623,-2.4632925987243652,0.4837396442890167,2.5080466270446777,-0.054372645914554596
0.4372546970844269,0.2888830304145813,-1.1275074481964111,-2.4282050132751465,0.4484313130378723,2.506096601486206,-0.03531826287508011
0.2974904477596283,0.2862780690193176,-1.0205283164978027,-2.3911828994750977,0.41508758068084717,2.502000331878662,-0.01626385934650898
0.15897847712039948,0.28856003284454346,-0.9130542874336243,-2.3522586822509766,0.3835935890674591,2.495919704437256,0.0027905243914574385
0.02540353685617447,0.2954951822757721,-0.8088279962539673,-2.3114497661590576,0.3538306653499603,2.4879863262176514,0.021844929084181786
-0.10830990225076675,0.2843237519264221,-0.6814680695533752,-2.287921190261841,0.2956005334854126,2.4898569583892822,0.03028111532330513
-0.2495170384645462,0.27842071652412415,-0.5459670424461365,-2.263521671295166,0.23736992478370667,2.4894540309906006,0.038717303425073624
-0.3941846191883087,0.2779931128025055,-0.4062666594982147,-2.2382233142852783,0.17904230952262878,2.486839771270752,0.04715348780155182
-0.5376848578453064,0.28308597207069397,-0.26689615845680237,-2.2119967937469482,0.12051317095756531,2.482038974761963,0.05558967590332031
-0.6756992340087891,0.2935677766799927,-0.1320633441209793,-2.1848106384277344,0.06166847422719002,2.4750399589538574,0.0640258640050888
-0.8049876093864441,0.3091728389263153,-0.0048841191455721855,-2.1566314697265625,0.0023757810704410076,2.46579909324646,0.0724620521068573
-0.9237028360366821,0.32957497239112854,0.1129370778799057,-2.1274235248565674,-0.05751559138298035,2.4542346000671387,0.0808982402086258
-1.0312740802764893,0.35446491837501526,0.2209964245557785,-2.0971479415893555,-0.11818429082632065,2.4402241706848145,0.08933442085981369
-1.1280508041381836,0.38361233472824097,0.3198418617248535,-2.0657613277435303,-0.17984355986118317,2.423600912094116,0.09777060896158218
-1.2149124145507812,0.4169032871723175,0.41059377789497375,-2.0332164764404297,-0.24275289475917816,2.4041430950164795,0.10620679706335068
-1.2929697036743164,0.45436081290245056,0.4946557581424713,-1.9994601011276245,-0.3072332739830017,2.381560802459717,0.11464297771453857
-1.3633623123168945,0.49617066979408264,0.5735403299331665,-1.9644320011138916,-0.3736872375011444,2.3554768562316895,0.12307917326688766
-1.4271584749221802,0.5427018404006958,0.648793637752533,-1.9280644655227661,-0.44263705611228943,2.3253977298736572,0.13151535391807556
-1.4914730787277222,0.577182948589325,0.7250989079475403,-1.9172799587249756,-0.5083318948745728,2.3032612800598145,0.16373157501220703
-1.551206111907959,0.6164374947547913,0.798696756362915,-1.9057929515838623,-0.5758357644081116,2.2772791385650635,0.1959477812051773
-1.606624722480774,0.6610267162322998,0.8702895045280457,-1.8936032056808472,-0.6456241011619568,2.2468371391296387,0.22816400229930878
-1.6580108404159546,0.7117761373519897,0.9407415390014648,-1.8807110786437988,-0.7183384299278259,2.2111034393310547,0.26038020849227905
-1.7056381702423096,0.7699041962623596,1.0111403465270996,-1.8671176433563232,-0.7948901653289795,2.1689095497131348,0.2925964295864105
-1.7497326135635376,0.8372681140899658,1.0829219818115234,-1.85282301902771,-0.8766457438468933,2.1185379028320312,0.324812650680542
-1.79043710231781,0.9168744683265686,1.1581799983978271,-1.837828278541565,-0.9658210277557373,2.0572710037231445,0.35702887177467346
-1.8277232646942139,1.0141301155090332,1.240438461303711,-1.8221336603164673,-1.0664697885513306,1.980299472808838,0.38924509286880493
-1.8611356019973755,1.1408635377883911,1.337205171585083,-1.8057397603988647,-1.1877033710479736,1.8772244453430176,0.4214613139629364
-1.8375056982040405,1.0808675289154053,1.2850241661071777,-1.7963440418243408,-1.1264898777008057,1.9258860349655151,0.42480945587158203
-1.8123267889022827,1.0299837589263916,1.235897183418274,-1.7866590023040771,-1.0705952644348145,1.9665447473526,0.42815759778022766
-1.785750389099121,0.9858862161636353,1.188558578491211,-1.7766733169555664,-1.018359661102295,2.0012574195861816,0.4315057694911957
-1.7578492164611816,0.9471515417098999,1.1422346830368042,-1.7663763761520386,-0.9687883257865906,2.0312938690185547,0.4348539113998413
-1.728675365447998,0.9128361940383911,1.0964218378067017,-1.755756139755249,-0.9212292432785034,2.057504415512085,0.43820205330848694
-1.6982696056365967,0.8822782635688782,1.0507701635360718,-1.7448006868362427,-0.8752267360687256,2.0804920196533203,0.44155019521713257
-1.6666646003723145,0.8549953103065491,1.0050259828567505,-1.7334972620010376,-0.8304488658905029,2.100703239440918,0.4448983371257782
-1.6338950395584106,0.8306261897087097,0.9590038061141968,-1.7218329906463623,-0.7866415977478027,2.1184778213500977,0.4482465088367462
-1.599995493888855,0.8088934421539307,0.912562906742096,-1.7097944021224976,-0.7436049580574036,2.1340813636779785,0.45159465074539185
-1.5650074481964111,0.7895826697349548,0.8656014800071716,-1.6973668336868286,-0.7011765241622925,2.1477243900299072,0.4549427926540375
-1.5289777517318726,0.772525429725647,0.8180453777313232,-1.6845355033874512,-0.6592223048210144,2.1595749855041504,0.4582909345626831
-1.4919618368148804,0.7575905919075012,0.769845187664032,-1.671284556388855,-0.6176270246505737,2.169769525527954,0.4616391062736511
-1.4540210962295532,0.744672954082489,0.7209681272506714,-1.6575977802276611,-0.5762878656387329,2.1784205436706543,0.46498724818229675
-1.4152294397354126,0.7336931228637695,0.6714037656784058,-1.6434565782546997,-0.5351157188415527,2.185614824295044,0.4683353900909424
-1.3756663799285889,0.7245869040489197,0.6211508512496948,-1.6288434267044067,-0.49402540922164917,2.1914267539978027,0.471683531999588
-1.3354214429855347,0.7173084020614624,0.5702231526374817,-1.6137373447418213,-0.4529382288455963,2.1959118843078613,0.47503170371055603
-1.2945916652679443,0.7118222117424011,0.5186425447463989,-1.5981178283691406,-0.4117766320705414,2.1991143226623535,0.47837984561920166
-1.2532808780670166,0.7081059217453003,0.46643778681755066,-1.5819611549377441,-0.3704650402069092,2.2010657787323,0.4817279875278473
-1.211599349975586,0.7061456441879272,0.41364219784736633,-1.5652434825897217,-0.3289259672164917,2.201786756515503,0.4850761294364929
-1.1696598529815674,0.7059378027915955,0.36028850078582764,-1.5479371547698975,-0.28707900643348694,2.2012882232666016,0.48842430114746094
-1.1275776624679565,0.7074868679046631,0.30640751123428345,-1.5300137996673584,-0.24483871459960938,2.1995697021484375,0.49177244305610657
-1.0854686498641968,0.7108069658279419,0.25202304124832153,-1.5114407539367676,-0.20211394131183624,2.1966216564178467,0.4951205849647522
-1.043447494506836,0.7159200310707092,0.1971483677625656,-1.4921841621398926,-0.15880338847637177,2.1924245357513428,0.4984687268733978
-1.0016248226165771,0.7228590846061707,0.14178213477134705,-1.4722039699554443,-0.11479459702968597,2.1869454383850098,0.5018168687820435
-0.9601060748100281,0.7316688895225525,0.0859023928642273,-1.4514579772949219,-0.06995966285467148,2.180140972137451,0.5051650404930115
-0.9189909100532532,0.7424073219299316,0.02946239896118641,-1.4298977851867676,-0.024151630699634552,2.1719532012939453,0.5085131525993347
-0.878371000289917,0.7551485896110535,-0.027616169303655624,-1.4074695110321045,0.022800983861088753,2.1623075008392334,0.5118613243103027
-0.8742287158966064,0.7540042996406555,-0.03407801315188408,-1.4096488952636719,0.02811790630221367,2.163180351257324,0.5321301221847534
-0.8700829148292542,0.7528868913650513,-0.040530432015657425,-1.411815881729126,0.03342030569911003,2.164034366607666,0.5523989200592041
-0.865933358669281,0.7517960071563721,-0.0469743050634861,-1.413970947265625,0.03870947286486626,2.1648685932159424,0.5726677775382996
-0.8617797493934631,0.7507312297821045,-0.05341004207730293,-1.4161138534545898,0.04398525133728981,2.1656839847564697,0.5929365754127502
-0.8576227426528931,0.7496927380561829,-0.059837404638528824,-1.4182446002960205,0.049248628318309784,2.16648006439209,0.6132053732872009
-0.8534625768661499,0.7486797571182251,-0.0662560760974884,-1.4203639030456543,0.05449821054935455,2.1672582626342773,0.6334741711616516
-0.8492993116378784,0.7476937770843506,-0.07266655564308167,-1.422471046447754,0.059735916554927826,2.1680169105529785,0.6537430286407471
-0.8451330065727234,0.7467329502105713,-0.07906881719827652,-1.4245665073394775,0.06496042013168335,2.1687569618225098,0.6740118265151978
-0.8409634232521057,0.7457984089851379,-0.08546368032693863,-1.4266502857208252,0.0701737329363823,2.169478416442871,0.6942806243896484
-0.8367916345596313,0.744888961315155,-0.09184978902339935,-1.428722858428955,0.07537427544593811,2.170182228088379,0.7145494222640991
-0.8326172232627869,0.7440058588981628,-0.09822817146778107,-1.4307832717895508,0.08056361973285675,2.1708669662475586,0.7348182201385498
-0.8284399509429932,0.743147611618042,-0.10459918528795242,-1.4328324794769287,0.08574233949184418,2.1715331077575684,0.7550870776176453
-0.8242606520652771,0.7423146367073059,-0.11096232384443283,-1.4348702430725098,0.09090906381607056,2.1721811294555664,0.775355875492096
-0.8200792670249939,0.7415078282356262,-0.11731776595115662,-1.436896800994873,0.09606507420539856,2.17281174659729,0.7956246733665466
-0.8158957958221436,0.740726113319397,-0.12366574257612228,-1.4389119148254395,0.10121064633131027,2.1734232902526855,0.8158934712409973
-0.811710774898529,0.7399688363075256,-0.1300058215856552,-1.4409160614013672,0.1063450425863266,2.1740169525146484,0.8361623287200928
-0.8075239658355713,0.7392374873161316,-0.13633857667446136,-1.442908763885498,0.11146990209817886,2.174593448638916,0.8564311265945435
-0.8033357262611389,0.7385303974151611,-0.142663836479187,-1.4448907375335693,0.11658399552106857,2.175151824951172,0.8766999244689941
-0.7991457581520081,0.7378484606742859,-0.14898228645324707,-1.4468615055084229,0.12168923020362854,2.175692081451416,0.8969687223434448
-0.7949549555778503,0.7371916174888611,-0.15529292821884155,-1.4488213062286377,0.12678377330303192,2.1762146949768066,0.9172375202178955
-0.7907633185386658,0.7365602254867554,-0.16159625351428986,-1.4507701396942139,0.13186924159526825,2.176720380783081,0.9375063180923462
-0.7865706086158752,0.7359524369239807,-0.16789229214191437,-1.4527082443237305,0.13694506883621216,2.1772079467773438,0.9577751755714417
-0.7823770642280579,0.7353696227073669,-0.1741814762353897,-1.4546358585357666,0.14201264083385468,2.177677631378174,0.9780439734458923
-0.7781834602355957,0.7348117232322693,-0.1804627925157547,-1.456552505493164,0.14707045257091522,2.178130626678467,0.998312771320343
-0.7739891409873962,0.7342779636383057,-0.18673744797706604,-1.458458662033081,0.15212005376815796,2.1785659790039062,1.0185816287994385
-0.7697943449020386,0.7337685823440552,-0.1930052936077118,-1.4603540897369385,0.15716125071048737,2.178983688354492,1.0388504266738892
-0.7655996680259705,0.7332842350006104,-0.19926580786705017,-1.4622392654418945,0.16219407320022583,2.179384469985962,1.0591192245483398
-0.7614051699638367,0.7328239679336548,-0.2055191695690155,-1.464113473892212,0.16721899807453156,2.179767608642578,1.0793880224227905
-0.7572110295295715,0.7323880195617676,-0.211765319108963,-1.465977668762207,0.172235369682312,2.180133819580078,1.0996568202972412
-0.7530173659324646,0.7319762706756592,-0.21800456941127777,-1.4678313732147217,0.17724429070949554,2.180482864379883,1.119925618171692
-0.7488240599632263,0.7315886616706848,-0.22423683106899261,-1.469675064086914,0.18224568665027618,2.180814743041992,1.1401944160461426
-0.7446319460868835,0.7312259078025818,-0.23046177625656128,-1.4715080261230469,0.1872393637895584,2.181129217147827,1.1604633331298828
-0.7404436469078064,0.7308856844902039,-0.2366756647825241,-1.4733314514160156,0.1922225058078766,2.1814279556274414,1.1807321310043335
-0.7362527847290039,0.730570912361145,-0.24288760125637054,-1.4751439094543457,0.19720295071601868,2.1817080974578857,1.2010009288787842
-0.7320629954338074,0.7302801012992859,-0.24909256398677826,-1.4769468307495117,0.20217618346214294,2.181972026824951,1.2212697267532349
-0.7278755307197571,0.7300132513046265,-0.25528958439826965,-1.4787392616271973,0.20714198052883148,2.1822190284729004,1.2415385246276855
-0.7236884832382202,0.7297701835632324,-0.26148083806037903,-1.4805221557617188,0.21210211515426636,2.182448625564575,1.2618073225021362
-0.7195044755935669,0.7295514345169067,-0.2676636874675751,-1.4822947978973389,0.2170550674200058,2.182661533355713,1.282076120376587
-0.7153210639953613,0.7293557524681091,-0.27384093403816223,-1.484057903289795,0.22200246155261993,2.1828577518463135,1.3023449182510376
-0.7111409902572632,0.7291846871376038,-0.2800098657608032,-1.4858107566833496,0.22694329917430878,2.183037281036377,1.3226137161254883
-0.7069627046585083,0.7290372252464294,-0.286172091960907,-1.4875540733337402,0.23187804222106934,2.183199882507324,1.3428826332092285
-0.7027866840362549,0.7289139628410339,-0.29232773184776306,-1.4892873764038086,0.23680730164051056,2.183345317840576,1.3631513118743896
-0.6986136436462402,0.7288137078285217,-0.2984756529331207,-1.491011619567871,0.241730734705925,2.1834747791290283,1.3834202289581299
-0.6944429278373718,0.7287378311157227,-0.30461716651916504,-1.4927258491516113,0.24664883315563202,2.183586835861206,1.4036890268325806
-0.6902758479118347,0.7286852598190308,-0.31075066328048706,-1.4944305419921875,0.2515614330768585,2.183682918548584,1.4239578247070312
-0.6861113905906677,0.7286562919616699,-0.31687766313552856,-1.4961256980895996,0.256468802690506,2.1837615966796875,1.444226622581482
-0.6819502711296082,0.7286517024040222,-0.32299748063087463,-1.4978110790252686,0.26137086749076843,2.183823585510254,1.4644954204559326
-0.6777925491333008,0.7286705374717712,-0.32911017537117004,-1.4994869232177734,0.2662687301635742,2.183868885040283,1.4847642183303833
-0.6736380457878113,0.7287126779556274,-0.3352162539958954,-1.5011537075042725,0.27116212248802185,2.1838974952697754,1.505033016204834
-0.6694876551628113,0.7287788987159729,-0.3413145840167999,-1.5028109550476074,0.27605003118515015,2.1839098930358887,1.5253018140792847
-0.6653410792350769,0.7288684248924255,-0.3474061191082001,-1.5044589042663574,0.28093430399894714,2.1839048862457275,1.5455706119537354
-0.6611989736557007,0.7289819717407227,-0.35348984599113464,-1.5060975551605225,0.28581348061561584,2.1838841438293457,1.5658395290374756
-0.6570606231689453,0.7291189432144165,-0.3595670461654663,-1.5077271461486816,0.29068896174430847,2.1838462352752686,1.5861083269119263
-0.6529266238212585,0.7292792201042175,-0.365636944770813,-1.5093474388122559,0.2955607771873474,2.183791160583496,1.606377124786377
-0.648796796798706,0.7294634580612183,-0.3717002272605896,-1.510958194732666,0.30042916536331177,2.1837191581726074,1.6266459226608276
-0.644672155380249,0.7296708822250366,-0.3777555525302887,-1.5125603675842285,0.3052928149700165,2.183631658554077,1.6469147205352783
-0.6405528783798218,0.7299021482467651,-0.3838028907775879,-1.514153242111206,0.3101527690887451,2.1835269927978516,1.6671836376190186
-0.636437714099884,0.7301567196846008,-0.3898441791534424,-1.5157370567321777,0.31501033902168274,2.1834053993225098,1.6874523162841797
-0.6323285698890686,0.7304348349571228,-0.3958771526813507,-1.5173120498657227,0.31986361742019653,2.183267593383789,1.70772123336792
-0.6282241940498352,0.7307376265525818,-0.40190374851226807,-1.5188775062561035,0.3247144818305969,2.183112382888794,1.7279900312423706
-0.6241257190704346,0.7310627698898315,-0.40792226791381836,-1.5204346179962158,0.32956206798553467,2.18294095993042,1.7482588291168213
-0.6200322508811951,0.731412410736084,-0.4139344096183777,-1.5219826698303223,0.33440709114074707,2.1827523708343506,1.768527626991272
-0.6159449219703674,0.7317851185798645,-0.4199385941028595,-1.523521900177002,0.33924949169158936,2.182547092437744,1.7887964248657227
-0.6118636727333069,0.7321816086769104,-0.4259353578090668,-1.5250523090362549,0.3440887928009033,2.1823251247406006,1.8090652227401733
-0.6077885031700134,0.7326016426086426,-0.4319247007369995,-1.5265741348266602,0.34892597794532776,2.18208646774292,1.829334020614624
-0.6037192344665527,0.733045220375061,-0.43790706992149353,-1.5280866622924805,0.3537605106830597,2.1818299293518066,1.8496028184890747
-0.5996562242507935,0.7335126399993896,-0.44388216733932495,-1.5295910835266113,0.35859352350234985,2.1815576553344727,1.8698716163635254
-0.5956001877784729,0.7340036034584045,-0.44984954595565796,-1.5310866832733154,0.3634241223335266,2.1812679767608643,1.8901405334472656
-0.5915516018867493,0.7345185279846191,-0.4558083415031433,-1.5325736999511719,0.3682527542114258,2.180961847305298,1.9104092121124268
-0.5875090956687927,0.7350567579269409,-0.461760550737381,-1.5340518951416016,0.3730795085430145,2.180638313293457,1.930678129196167
-0.5834740400314331,0.735619068145752,-0.46770504117012024,-1.5355215072631836,0.37790447473526,2.1802978515625,1.9509469270706177
-0.5794450044631958,0.7362051010131836,-0.4736432731151581,-1.5369830131530762,0.3827291429042816,2.1799399852752686,1.9712157249450684
-0.5754238963127136,0.7368144392967224,-0.47957319021224976,-1.538435935974121,0.3875516951084137,2.179564952850342,1.991484522819519
-0.5714105367660522,0.7374480366706848,-0.4854951798915863,-1.5398802757263184,0.3923727869987488,2.179173469543457,2.0117533206939697
-0.5674049854278564,0.7381051778793335,-0.49140942096710205,-1.541316270828247,0.3971928656101227,2.178764820098877,2.03202223777771
-0.5634064674377441,0.7387868762016296,-0.4973171651363373,-1.5427436828613281,0.4020126760005951,2.1783387660980225,2.052290916442871
-0.5594164729118347,0.7394921779632568,-0.5032164454460144,-1.5441627502441406,0.40683087706565857,2.1778953075408936,2.0725598335266113
-0.5554343461990356,0.7402211427688599,-0.5091083645820618,-1.5455737113952637,0.4116484820842743,2.1774346828460693,2.0928285121917725
-0.5514602065086365,0.7409734129905701,-0.5149926543235779,-1.5469765663146973,0.4164653718471527,2.1769566535949707,2.1130974292755127
-0.5474939942359924,0.7417508363723755,-0.5208700299263,-1.5483708381652832,0.4212828278541565,2.1764612197875977,2.133366107940674
-0.5435370206832886,0.7425521016120911,-0.5267389416694641,-1.5497570037841797,0.42609935998916626,2.1759486198425293,2.153634786605835
-0.5395881533622742,0.7433769106864929,-0.5326007008552551,-1.5511350631713867,0.4309154450893402,2.175417900085449,2.1739039421081543
-0.5356480479240417,0.7442265152931213,-0.5384550094604492,-1.5525050163269043,0.4357321560382843,2.1748695373535156,2.1941726207733154
-0.5317159295082092,0.7451000809669495,-0.5443025231361389,-1.5538666248321533,0.44054922461509705,2.1743035316467285,2.2144412994384766
-0.527794361114502,0.7459980249404907,-0.5501407980918884,-1.555220127105713,0.4453660249710083,2.173720359802246,2.234710216522217
-0.5238816738128662,0.7469201683998108,-0.5559716820716858,-1.556565761566162,0.4501833915710449,2.1731197834014893,2.254979133605957
-0.5199775695800781,0.7478663325309753,-0.5617957711219788,-1.5579032897949219,0.45500072836875916,2.1725001335144043,2.275247812271118
-0.5160833597183228,0.7488372921943665,-0.5676116943359375,-1.5592329502105713,0.4598194360733032,2.171863317489624,2.2955167293548584
-0.5121980309486389,0.7498328685760498,-0.5734206438064575,-1.5605542659759521,0.46463897824287415,2.171208620071411,2.3157854080200195
-0.5083223581314087,0.750852108001709,-0.5792220234870911,-1.5618679523468018,0.46945920586586,2.1705355644226074,2.3360543251037598
-0.5044570565223694,0.7518965601921082,-0.5850152969360352,-1.563173770904541,0.47428083419799805,2.169844150543213,2.3563232421875
-0.500601589679718,0.7529657483100891,-0.5908010005950928,-1.5644714832305908,0.47910305857658386,2.169135093688965,2.376591920852661
-0.4967549443244934,0.7540602087974548,-0.5965809226036072,-1.5657613277435303,0.4839288592338562,2.1684067249298096,2.3968605995178223
-0.4929198622703552,0.7551785707473755,-0.6023514866828918,-1.5670435428619385,0.4887535870075226,2.16766095161438,2.4171295166015625
-0.4890943765640259,0.7563217878341675,-0.608115017414093,-1.5683178901672363,0.49358102679252625,2.166896343231201,2.4373984336853027
-0.4852796196937561,0.7574902772903442,-0.6138708591461182,-1.569584608078003,0.4984096884727478,2.1661133766174316,2.457667112350464
-0.4814739525318146,0.7586840391159058,-0.6196211576461792,-1.57084321975708,0.5032424330711365,2.165310859680176,2.477935791015625
-0.47768059372901917,0.7599027752876282,-0.6253617405891418,-1.572094440460205,0.5080751180648804,2.1644909381866455,2.4982047080993652
-0.473897248506546,0.7611463665962219,-0.6310959458351135,-1.5733377933502197,0.5129109025001526,2.16365122795105,2.5184736251831055
-0.47012484073638916,0.7624157071113586,-0.6368224620819092,-1.574573278427124,0.5177488923072815,2.162792682647705,2.5387423038482666
-0.46636343002319336,0.7637103796005249,-0.6425418257713318,-1.5758013725280762,0.5225896239280701,2.1619150638580322,2.559011220932007
-0.4626117944717407,0.7650303840637207,-0.6482553482055664,-1.5770220756530762,0.527433454990387,2.161017894744873,2.579279899597168
-0.4588727056980133,0.7663758993148804,-0.6539599299430847,-1.578235149383545,0.5322799682617188,2.160102367401123,2.599548816680908
-0.4551449418067932,0.7677469253540039,-0.6596571207046509,-1.5794403553009033,0.5371288657188416,2.1591672897338867,2.6198177337646484
-0.4514276385307312,0.7691438794136047,-0.6653482913970947,-1.5806384086608887,0.5419813394546509,2.158212184906006,2.6400864124298096
