1.9947208166122437,0.5978087186813354,-1.175186038017273,-2.2225308418273926,0.779439389705658,2.310153007507324,-2.051849842071533
1.9849450588226318,0.5890249013900757,-1.1654706001281738,-2.221691370010376,0.7678762674331665,2.3159284591674805,-2.0266051292419434
1.9750066995620728,0.5804361701011658,-1.1556336879730225,-2.2208333015441895,0.7563666105270386,2.321528196334839,-2.0013604164123535
1.9649027585983276,0.57203608751297,-1.1456702947616577,-2.219956159591675,0.744907021522522,2.3269577026367188,-1.9761155843734741
1.9546303749084473,0.5638203024864197,-1.1355748176574707,-2.219059944152832,0.7334964275360107,2.3322219848632812,-1.9508708715438843
1.944185495376587,0.5557832717895508,-1.125342845916748,-2.218144416809082,0.7221316695213318,2.337327241897583,-1.9256261587142944
1.933566689491272,0.5479207038879395,-1.1149710416793823,-2.217210054397583,0.7108115553855896,2.3422768115997314,-1.900381326675415
1.9227688312530518,0.5402281284332275,-1.1044522523880005,-2.2162559032440186,0.699533224105835,2.347076416015625,-1.8751366138458252
1.911789894104004,0.532702624797821,-1.0937833786010742,-2.215282440185547,0.6882954239845276,2.35172963142395,-1.8498919010162354
1.9006251096725464,0.5253382921218872,-1.0829575061798096,-2.214289665222168,0.6770956516265869,2.3562417030334473,-1.8246471881866455
1.8892723321914673,0.5181336998939514,-1.0719715356826782,-2.2132773399353027,0.6659326553344727,2.3606154918670654,-1.7994023561477661
1.87772798538208,0.5110849738121033,-1.0608208179473877,-2.2122445106506348,0.6548054814338684,2.364854574203491,-1.7741576433181763
1.8659892082214355,0.5041892528533936,-1.0495007038116455,-2.2111921310424805,0.6437113881111145,2.3689627647399902,-1.7489129304885864
1.8540512323379517,0.49744370579719543,-1.0380051136016846,-2.21012020111084,0.6326498985290527,2.3729441165924072,-1.7236682176589966
1.8419106006622314,0.4908454418182373,-1.026329755783081,-2.2090277671813965,0.6216195225715637,2.3768012523651123,-1.6984235048294067
1.8295649290084839,0.48439258337020874,-1.0144712924957275,-2.2079148292541504,0.6106184720993042,2.3805370330810547,-1.6731786727905273
1.8170124292373657,0.478083074092865,-1.0024261474609375,-2.206782341003418,0.5996463298797607,2.3841538429260254,-1.6479339599609375
1.804245948791504,0.47191447019577026,-0.9901871681213379,-2.2056288719177246,0.5887007117271423,2.3876559734344482,-1.6226892471313477
1.7912647724151611,0.4658847749233246,-0.9777513146400452,-2.2044553756713867,0.5777809023857117,2.391045093536377,-1.5974444150924683
1.7780648469924927,0.4599931538105011,-0.9651144742965698,-2.203260898590088,0.5668861269950867,2.3943238258361816,-1.5721997022628784
1.764643669128418,0.45423775911331177,-0.9522728323936462,-2.2020463943481445,0.5560152530670166,2.3974947929382324,-1.5469549894332886
1.7509980201721191,0.4486173689365387,-0.9392222762107849,-2.200810432434082,0.5451673865318298,2.400559902191162,-1.5217102766036987
1.7371246814727783,0.44313034415245056,-0.9259585738182068,-2.199553966522217,0.5343410968780518,2.4035215377807617,-1.4964654445648193
1.723020076751709,0.43777644634246826,-0.9124775528907776,-2.1982765197753906,0.5235353708267212,2.4063823223114014,-1.4712207317352295
1.7086836099624634,0.43255406618118286,-0.8987773060798645,-2.1969780921936035,0.5127503275871277,2.4091434478759766,-1.4459760189056396
1.6941113471984863,0.4274629056453705,-0.8848537802696228,-2.1956582069396973,0.5019841194152832,2.411807060241699,-1.4207313060760498
1.679301381111145,0.4225021302700043,-0.8707033395767212,-2.19431734085083,0.4912358820438385,2.414375066757202,-1.3954864740371704
1.664251446723938,0.41767123341560364,-0.8563234210014343,-2.192955255508423,0.4805053472518921,2.4168496131896973,-1.3702417612075806
1.6489611864089966,0.4129694402217865,-0.8417128920555115,-2.1915719509124756,0.4697911739349365,2.419231414794922,-1.3449970483779907
1.6334279775619507,0.40839752554893494,-0.8268683552742004,-2.19016695022583,0.45909348130226135,2.421522617340088,-1.3197523355484009
1.6176499128341675,0.40395456552505493,-0.8117868900299072,-2.1887402534484863,0.44841068983078003,2.423725128173828,-1.2945075035095215
1.601627230644226,0.399640828371048,-0.7964683771133423,-2.1872920989990234,0.43774259090423584,2.425839424133301,-1.2692627906799316
1.5853596925735474,0.39545556902885437,-0.7809117436408997,-2.185822010040283,0.4270884692668915,2.4278674125671387,-1.2440180778503418
1.5688447952270508,0.39139997959136963,-0.7651119232177734,-2.1843302249908447,0.4164468050003052,2.4298110008239746,-1.218773365020752
1.5520843267440796,0.38747331500053406,-0.7490731477737427,-2.182816505432129,0.405817449092865,2.431670904159546,-1.1935285329818726
1.535075306892395,0.38367506861686707,-0.7327905893325806,-2.181281089782715,0.39519721269607544,2.4334487915039062,-1.1682839393615723
1.5178256034851074,0.38000789284706116,-0.7162714600563049,-2.1797235012054443,0.38459092378616333,2.4351446628570557,-1.1430391073226929
1.500332236289978,0.3764711916446686,-0.699511706829071,-2.1781437397003174,0.37399446964263916,2.436760902404785,-1.117794394493103
1.4825997352600098,0.3730657696723938,-0.6825153231620789,-2.176541566848755,0.3634078800678253,2.4382972717285156,-1.0925496816635132
1.4646286964416504,0.3697911500930786,-0.6652824282646179,-2.174917221069336,0.3528311848640442,2.439755439758301,-1.0673049688339233
1.4464236497879028,0.3666490912437439,-0.6478166580200195,-2.1732707023620605,0.3422626256942749,2.441136360168457,-1.042060136795044
1.4279860258102417,0.3636395037174225,-0.630119264125824,-2.1716012954711914,0.3317025899887085,2.442440986633301,-1.016815423965454
1.4093222618103027,0.3607633709907532,-0.6121954917907715,-2.169909715652466,0.32114967703819275,2.4436702728271484,-0.9915706515312195
1.3904365301132202,0.35802125930786133,-0.5940492153167725,-2.1681952476501465,0.3106043338775635,2.444824457168579,-0.9663259387016296
1.371334195137024,0.35541367530822754,-0.5756849646568298,-2.1664583683013916,0.3000650107860565,2.4459047317504883,-0.941081166267395
1.3520201444625854,0.3529428243637085,-0.5571073293685913,-2.164698600769043,0.2895319163799286,2.4469120502471924,-0.9158364534378052
1.3325035572052002,0.35060733556747437,-0.5383245348930359,-2.1629157066345215,0.27900412678718567,2.4478464126586914,-0.8905916810035706
1.3127915859222412,0.3484092950820923,-0.5193433165550232,-2.1611104011535645,0.2684811055660248,2.4487087726593018,-0.8653469085693359
1.29288911819458,0.3463498055934906,-0.5001683235168457,-2.1592822074890137,0.25796258449554443,2.449500322341919,-0.8401021957397461
1.2728086709976196,0.3444281816482544,-0.4808105528354645,-2.157430648803711,0.2474474012851715,2.4502201080322266,-0.8148574233055115
1.2525570392608643,0.3426467180252075,-0.46127694845199585,-2.1555562019348145,0.23693642020225525,2.4508705139160156,-0.7896127700805664
1.2321447134017944,0.34100550413131714,-0.44157731533050537,-2.153658151626587,0.22642789781093597,2.4514503479003906,-0.764367938041687
1.2115825414657593,0.33950483798980713,-0.42172157764434814,-2.1517372131347656,0.21592170000076294,2.4519615173339844,-0.7391232252120972
1.1908820867538452,0.33814555406570435,-0.4017210602760315,-2.1497929096221924,0.20541752874851227,2.4524030685424805,-0.7138785123825073
1.1700538396835327,0.3369288444519043,-0.3815854787826538,-2.147825241088867,0.19491435587406158,2.4527759552001953,-0.6886337995529175
1.1491104364395142,0.33585497736930847,-0.3613268733024597,-2.145833969116211,0.18441241979599,2.4530811309814453,-0.6633889675140381
1.1280640363693237,0.33492448925971985,-0.34095683693885803,-2.1438193321228027,0.17391087114810944,2.4533183574676514,-0.6381442546844482
1.106927514076233,0.334137886762619,-0.3204876482486725,-2.1417810916900635,0.16340865194797516,2.4534878730773926,-0.6128995418548584
1.0857144594192505,0.3334953784942627,-0.2999323904514313,-2.139719009399414,0.1529059112071991,2.453589677810669,-0.5876548290252686
1.0644382238388062,0.3329968750476837,-0.27930358052253723,-2.1376335620880127,0.1424018293619156,2.4536242485046387,-0.5624099969863892
1.0431126356124878,0.3326440155506134,-0.2586146891117096,-2.135524034500122,0.13189616799354553,2.45359206199646,-0.5371652841567993
1.0446336269378662,0.33452025055885315,-0.2602423131465912,-2.1328320503234863,0.13326020538806915,2.452505588531494,-0.5154009461402893
1.0461454391479492,0.33639878034591675,-0.26186394691467285,-2.1301369667053223,0.13462598621845245,2.451415538787842,-0.4936366081237793
1.0476467609405518,0.3382801115512848,-0.2634778618812561,-2.1274380683898926,0.13599365949630737,2.450322151184082,-0.4718722999095917
1.0491399765014648,0.34016433358192444,-0.2650867700576782,-2.1247355937957764,0.13736307621002197,2.4492247104644775,-0.45010796189308167
1.0506243705749512,0.3420506715774536,-0.2666899561882019,-2.1220297813415527,0.13873499631881714,2.4481239318847656,-0.42834362387657166
1.0520989894866943,0.3439401090145111,-0.2682863175868988,-2.1193199157714844,0.14010849595069885,2.447019100189209,-0.40657928586006165
1.0535639524459839,0.3458317816257477,-0.269876092672348,-2.1166067123413086,0.14148370921611786,2.445910930633545,-0.38481494784355164
1.055023193359375,0.34772568941116333,-0.27146345376968384,-2.113889694213867,0.14286218583583832,2.444798707962036,-0.363050639629364
1.0564720630645752,0.349622905254364,-0.273043155670166,-2.1111690998077393,0.14424197375774384,2.44368314743042,-0.341286301612854
1.0579135417938232,0.35152262449264526,-0.27461880445480347,-2.108445167541504,0.14562448859214783,2.442564010620117,-0.319521963596344
1.0593466758728027,0.35342463850975037,-0.2761894464492798,-2.105717182159424,0.14700904488563538,2.441441059112549,-0.29775765538215637
1.0607719421386719,0.3553292155265808,-0.27775514125823975,-2.102985382080078,0.14839574694633484,2.4403138160705566,-0.27599331736564636
1.062188744544983,0.3572375476360321,-0.27931562066078186,-2.100250244140625,0.14978426694869995,2.4391837120056152,-0.25422897934913635
1.0635974407196045,0.3591479957103729,-0.28087106347084045,-2.097511053085327,0.15117545425891876,2.438049554824829,-0.23246462643146515
1.0649998188018799,0.3610614538192749,-0.2824234366416931,-2.0947680473327637,0.15256892144680023,2.4369113445281982,-0.21070031821727753
1.0663931369781494,0.3629773259162903,-0.28397008776664734,-2.0920212268829346,0.15396453440189362,2.4357693195343018,-0.18893598020076752
1.0677798986434937,0.36489611864089966,-0.28551357984542847,-2.089270830154419,0.1553623527288437,2.4346237182617188,-0.1671716570854187
1.0691584348678589,0.3668176829814911,-0.2870519757270813,-2.0865163803100586,0.15676268935203552,2.43347430229187,-0.1454073041677475
1.0705305337905884,0.36874184012413025,-0.28858721256256104,-2.0837583541870117,0.1581655591726303,2.4323208332061768,-0.12364299595355988
1.071895718574524,0.37066930532455444,-0.29011884331703186,-2.08099627494812,0.159570574760437,2.4311635494232178,-0.10187864303588867
1.0732529163360596,0.37259942293167114,-0.29164576530456543,-2.078230142593384,0.1609778255224228,2.4300026893615723,-0.08011432737112045
1.074603796005249,0.3745325803756714,-0.29316970705986023,-2.075460195541382,0.16238799691200256,2.428837776184082,-0.058350007981061935
1.0759475231170654,0.37646856904029846,-0.2946900725364685,-2.0726864337921143,0.16380037367343903,2.427668809890747,-0.036585692316293716
1.077284812927246,0.37840723991394043,-0.2962074875831604,-2.069908618927002,0.16521523892879486,2.4264960289001465,-0.014821340329945087
1.0786144733428955,0.3803495466709137,-0.2977202534675598,-2.067126750946045,0.1666325032711029,2.4253194332122803,0.006942973472177982
1.079938530921936,0.3822944164276123,-0.2992311716079712,-2.0643410682678223,0.168052539229393,2.4241390228271484,0.02870732545852661
1.081255316734314,0.3842425048351288,-0.30073830485343933,-2.061551332473755,0.1694750040769577,2.422954559326172,0.050471678376197815
1.0825660228729248,0.38619357347488403,-0.3022427558898926,-2.0587573051452637,0.1709001511335373,2.4217662811279297,0.07223603129386902
1.083870530128479,0.3881474435329437,-0.30374467372894287,-2.055959463119507,0.17232784628868103,2.4205739498138428,0.09400030225515366
1.0851689577102661,0.3901045322418213,-0.3052438199520111,-2.053157329559326,0.17375832796096802,2.419377326965332,0.11576465517282486
1.0864615440368652,0.3920648992061615,-0.30674082040786743,-2.05035138130188,0.1751917451620102,2.4181766510009766,0.13752898573875427
1.0877474546432495,0.3940279483795166,-0.30823567509651184,-2.0475411415100098,0.1766272336244583,2.4169726371765137,0.15929333865642548
1.0890275239944458,0.3959945738315582,-0.309727281332016,-2.044726848602295,0.1780657321214676,2.4157638549804688,0.18105760216712952
1.0903022289276123,0.3979644775390625,-0.3112170100212097,-2.0419082641601562,0.1795070469379425,2.4145514965057373,0.20282195508480072
1.0915707349777222,0.39993709325790405,-0.312704473733902,-2.0390851497650146,0.18095152080059052,2.413334369659424,0.22458630800247192
1.0928337574005127,0.40191322565078735,-0.3141898810863495,-2.0362582206726074,0.18239879608154297,2.4121134281158447,0.24635066092014313
1.094090223312378,0.4038928151130676,-0.3156726658344269,-2.0334272384643555,0.18384809792041779,2.410888671875,0.26811495423316956
1.095341444015503,0.40587520599365234,-0.3171536922454834,-2.0305914878845215,0.18530087172985077,2.4096598625183105,0.28987929224967957
1.0965875387191772,0.4078613817691803,-0.3186337649822235,-2.0277514457702637,0.18675634264945984,2.408426523208618,0.31164366006851196
1.0978288650512695,0.40985044836997986,-0.32011255621910095,-2.0249075889587402,0.1882154941558838,2.407188892364502,0.333407998085022
1.0990636348724365,0.41184327006340027,-0.3215884864330292,-2.0220589637756348,0.1896771341562271,2.405947685241699,0.355172336101532
1.1002941131591797,0.413839191198349,-0.32306429743766785,-2.0192060470581055,0.19114170968532562,2.4047017097473145,0.3769366145133972
1.101517915725708,0.41583818197250366,-0.3245367705821991,-2.0163490772247314,0.19260883331298828,2.403451919555664,0.3987009823322296
1.1027369499206543,0.41784122586250305,-0.3260089159011841,-2.0134873390197754,0.19407977163791656,2.40219783782959,0.42046526074409485
1.1039518117904663,0.41984742879867554,-0.32748058438301086,-2.0106210708618164,0.19555369019508362,2.4009389877319336,0.44222962856292725
1.1051607131958008,0.42185741662979126,-0.32895034551620483,-2.0077505111694336,0.19703075289726257,2.399676561355591,0.4639939069747925
1.1063653230667114,0.4238705635070801,-0.33041951060295105,-2.0048751831054688,0.19851107895374298,2.398409366607666,0.4857582449913025
1.107564926147461,0.4258875250816345,-0.33188796043395996,-2.00199556350708,0.19999460875988007,2.3971376419067383,0.5075225830078125
1.108758807182312,0.4279080629348755,-0.33335453271865845,-1.999111533164978,0.2014806717634201,2.395862340927124,0.5292869806289673
1.1099488735198975,0.42993175983428955,-0.3348214626312256,-1.9962228536605835,0.2029712051153183,2.3945820331573486,0.5510512590408325
1.1111338138580322,0.43195945024490356,-0.3362872898578644,-1.9933292865753174,0.2044641524553299,2.3932976722717285,0.5728155970573425
1.1123141050338745,0.4339906573295593,-0.33775264024734497,-1.9904314279556274,0.20596055686473846,2.3920087814331055,0.5945799350738525
1.113490104675293,0.4360255002975464,-0.3392179608345032,-1.987528920173645,0.2074609398841858,2.3907155990600586,0.6163442134857178
1.1146613359451294,0.43806418776512146,-0.34068262577056885,-1.9846214056015015,0.20896434783935547,2.3894176483154297,0.6381086111068726
1.1158279180526733,0.4401066303253174,-0.34214675426483154,-1.9817094802856445,0.21047121286392212,2.388115406036377,0.6598728895187378
1.1169897317886353,0.4421527683734894,-0.3436104953289032,-1.978792667388916,0.21198107302188873,2.3868086338043213,0.6816373467445374
1.1181477308273315,0.444202721118927,-0.3450745940208435,-1.9758710861206055,0.21349477767944336,2.3854973316192627,0.7034016251564026
1.1193010807037354,0.44625651836395264,-0.3465382754802704,-1.9729448556900024,0.21501290798187256,2.3841819763183594,0.7251659035682678
1.1204502582550049,0.4483139216899872,-0.3480023145675659,-1.9700136184692383,0.21653389930725098,2.3828611373901367,0.7469303011894226
1.1215951442718506,0.4503757953643799,-0.3494664430618286,-1.9670774936676025,0.2180584818124771,2.3815364837646484,0.7686945796012878
1.122735857963562,0.4524413049221039,-0.3509308993816376,-1.9641366004943848,0.21958710253238678,2.380206823348999,0.7904588580131531
1.1238725185394287,0.45451080799102783,-0.3523954749107361,-1.9611908197402954,0.22111918032169342,2.378872871398926,0.8122232556343079
1.1250052452087402,0.4565841257572174,-0.35386109352111816,-1.9582401514053345,0.2226550430059433,2.3775339126586914,0.8339875936508179
1.1261332035064697,0.45866164565086365,-0.355325847864151,-1.9552842378616333,0.2241949588060379,2.376190423965454,0.8557519316673279
1.1272573471069336,0.46074289083480835,-0.3567918837070465,-1.9523236751556396,0.22573837637901306,2.374842405319214,0.8775162696838379
1.1283785104751587,0.4628286063671112,-0.3582592010498047,-1.9493576288223267,0.22728602588176727,2.3734891414642334,0.8992804884910583
1.1294949054718018,0.46491819620132446,-0.3597264587879181,-1.9463869333267212,0.22883719205856323,2.37213134765625,0.9210450053215027
1.1306076049804688,0.4670121371746063,-0.3611948788166046,-1.943410873413086,0.23039227724075317,2.3707690238952637,0.9428092241287231
1.1317163705825806,0.46911054849624634,-0.36266398429870605,-1.940429925918579,0.23195184767246246,2.3694019317626953,0.9645735621452332
1.132821798324585,0.471212774515152,-0.3641343116760254,-1.9374436140060425,0.233515664935112,2.3680295944213867,0.9863379001617432
1.1339229345321655,0.47331899404525757,-0.36560529470443726,-1.9344521760940552,0.2350827008485794,2.366652488708496,1.0081021785736084
1.1350202560424805,0.47543004155158997,-0.36707741022109985,-1.9314556121826172,0.23665426671504974,2.3652710914611816,1.0298665761947632
1.1361141204833984,0.4775451421737671,-0.3685506582260132,-1.928453803062439,0.2382301539182663,2.363884449005127,1.0516308546066284
1.1372045278549194,0.47966447472572327,-0.37002548575401306,-1.9254463911056519,0.23981034755706787,2.362492561340332,1.0733951330184937
1.138291835784912,0.48178812861442566,-0.3715021014213562,-1.9224340915679932,0.24139446020126343,2.361095905303955,1.0951595306396484
1.1393746137619019,0.48391661047935486,-0.3729792535305023,-1.919416069984436,0.24298301339149475,2.359694242477417,1.1169239282608032
1.1404542922973633,0.48604971170425415,-0.37445855140686035,-1.9163928031921387,0.24457627534866333,2.358287811279297,1.1386882066726685
1.1415305137634277,0.4881872236728668,-0.3759392499923706,-1.913364052772522,0.24617359042167664,2.3568761348724365,1.1604526042938232
1.1425998210906982,0.490328311920166,-0.377417653799057,-1.910330057144165,0.2477729618549347,2.355459690093994,1.182216763496399
1.1436700820922852,0.49247467517852783,-0.3789029121398926,-1.9072904586791992,0.24937990307807922,2.3540375232696533,1.2039812803268433
1.144736647605896,0.49462583661079407,-0.38038939237594604,-1.904245138168335,0.2509910464286804,2.3526105880737305,1.225745439529419
1.1457995176315308,0.4967820942401886,-0.3818775713443756,-1.901194453239441,0.2526068091392517,2.3511786460876465,1.2475099563598633
1.1468592882156372,0.4989423453807831,-0.3833679258823395,-1.8981380462646484,0.2542274296283722,2.349740982055664,1.2692742347717285
1.147916555404663,0.5011076331138611,-0.38486114144325256,-1.895076036453247,0.25585290789604187,2.3482980728149414,1.2910385131835938
1.1489695310592651,0.5032777190208435,-0.38635554909706116,-1.8920083045959473,0.25748318433761597,2.3468503952026367,1.3128029108047485
1.1500195264816284,0.5054528713226318,-0.3878522515296936,-1.8889350891113281,0.259117990732193,2.345397472381592,1.3345671892166138
1.151066541671753,0.5076326727867126,-0.38935157656669617,-1.885855793952942,0.2607579529285431,2.3439390659332275,1.356331467628479
1.15211021900177,0.5098171234130859,-0.39085331559181213,-1.8827707767486572,0.26240241527557373,2.342474937438965,1.3780958652496338
1.153151035308838,0.5120067596435547,-0.3923574984073639,-1.8796801567077637,0.2640518546104431,2.341005802154541,1.399860143661499
1.1541880369186401,0.5142015814781189,-0.3938635587692261,-1.8765833377838135,0.2657063603401184,2.339531421661377,1.4216245412826538
1.1552231311798096,0.5164012908935547,-0.3953733742237091,-1.8734809160232544,0.2673664093017578,2.3380510807037354,1.443388819694519
1.1562546491622925,0.5186057686805725,-0.3968855142593384,-1.8703722953796387,0.2690313160419464,2.3365654945373535,1.4651530981063843
1.1572827100753784,0.5208158493041992,-0.39839980006217957,-1.867257833480835,0.27070072293281555,2.3350744247436523,1.4869176149368286
1.158308744430542,0.5230308175086975,-0.3999180495738983,-1.8641372919082642,0.27237632870674133,2.3335776329040527,1.5086817741394043
1.1593310832977295,0.5252510905265808,-0.40143850445747375,-1.8610107898712158,0.27405670285224915,2.332075357437134,1.5304462909698486
1.160351037979126,0.5274765491485596,-0.4029625356197357,-1.8578780889511108,0.27574262022972107,2.3305673599243164,1.5522104501724243
1.1613680124282837,0.5297073721885681,-0.4044897258281708,-1.8547391891479492,0.27743375301361084,2.3290538787841797,1.573974847793579
1.162381649017334,0.5319435596466064,-0.4060196280479431,-1.8515942096710205,0.2791309356689453,2.3275346755981445,1.5957392454147339
1.1633929014205933,0.534184992313385,-0.40755319595336914,-1.8484429121017456,0.28083336353302,2.326009511947632,1.6175035238265991
1.164401650428772,0.5364322662353516,-0.4090905487537384,-1.8452852964401245,0.2825417220592499,2.3244788646698,1.6392678022384644
1.1654070615768433,0.5386844277381897,-0.41063085198402405,-1.8421213626861572,0.2842549979686737,2.322941780090332,1.6610321998596191
1.166410207748413,0.5409426689147949,-0.41217508912086487,-1.8389511108398438,0.28597527742385864,2.321399450302124,1.6827964782714844
1.1674108505249023,0.5432067513465881,-0.4137234687805176,-1.835774302482605,0.28770098090171814,2.3198511600494385,1.7045608758926392
1.1684085130691528,0.5454760789871216,-0.41527512669563293,-1.83259117603302,0.2894322872161865,2.3182966709136963,1.7263251543045044
1.089329481124878,0.53582763671875,-0.33859550952911377,-1.8271865844726562,0.2345825731754303,2.323852777481079,1.7574368715286255
1.0089495182037354,0.5293915867805481,-0.26068878173828125,-1.8209744691848755,0.17996670305728912,2.327380657196045,1.7885485887527466
0.9277772307395935,0.5261346697807312,-0.18193337321281433,-1.8139467239379883,0.12546497583389282,2.3289434909820557,1.8196604251861572
0.8463596701622009,0.5260346531867981,-0.10274846106767654,-1.8060951232910156,0.07096108794212341,2.328578472137451,1.8507721424102783
0.7652538418769836,0.5290777087211609,-0.023562798276543617,-1.797411322593689,0.016337202861905098,2.326301336288452,1.8818838596343994
0.684999942779541,0.5352537035942078,0.05521527677774429,-1.7878860235214233,-0.038527123630046844,2.3221006393432617,1.9129955768585205
0.6060966849327087,0.5445641875267029,0.13322634994983673,-1.7775099277496338,-0.09376250207424164,2.315943717956543,1.9441074132919312
0.5289794206619263,0.5570220351219177,0.2101842314004898,-1.7662725448608398,-0.14950884878635406,2.307772159576416,1.9752191305160522
0.4540055990219116,0.5726589560508728,0.28589650988578796,-1.7541629076004028,-0.20592576265335083,2.2974987030029297,2.006330966949463
0.3814520239830017,0.5915348529815674,0.3602735698223114,-1.741168737411499,-0.26319289207458496,2.285006523132324,2.037442684173584
0.31150999665260315,0.6137456893920898,0.43333515524864197,-1.72727632522583,-0.3215247392654419,2.2701382637023926,2.068554401397705
0.24429872632026672,0.6394385099411011,0.5052138566970825,-1.7124712467193604,-0.3811741769313812,2.2526931762695312,2.099666118621826
0.17987050116062164,0.6688278317451477,0.5761603713035583,-1.6967366933822632,-0.44245317578315735,2.232409715652466,2.1307778358459473
0.23438404500484467,0.6434242725372314,0.5075622200965881,-1.7069276571273804,-0.3840891718864441,2.2498152256011963,2.130715847015381
0.2910831570625305,0.6212643384933472,0.43811774253845215,-1.7165520191192627,-0.3270285427570343,2.264775037765503,2.1306538581848145
0.34987419843673706,0.6021740436553955,0.36770159006118774,-1.725616455078125,-0.2710458040237427,2.277498722076416,2.130592107772827
0.4106164574623108,0.5860270261764526,0.29626747965812683,-1.7341265678405762,-0.21595001220703125,2.2881510257720947,2.1305301189422607
0.4731164574623108,0.572734534740448,0.22385336458683014,-1.7420880794525146,-0.16158002614974976,2.296861171722412,2.1304681301116943
0.5371237397193909,0.5622357726097107,0.15056629478931427,-1.7495067119598389,-0.10779661685228348,2.3037281036376953,2.130406141281128
0.6023381948471069,0.5544900894165039,0.0765802338719368,-1.7563875913619995,-0.05447549745440483,2.308825969696045,2.1303443908691406
0.6684136986732483,0.5494721531867981,0.0021254620514810085,-1.7627370357513428,-0.0015050170477479696,2.3122076988220215,2.130282402038574
0.7349703907966614,0.5471668839454651,-0.07252608239650726,-1.7685611248016357,0.05121952295303345,2.3139052391052246,2.130220413208008
0.8016067147254944,0.5475696325302124,-0.14707614481449127,-1.773864984512329,0.10379722714424133,2.313931941986084,2.1301584243774414
0.8679136633872986,0.5506799817085266,-0.22121568024158478,-1.7786555290222168,0.15632177889347076,2.3122830390930176,2.130096673965454
0.9334990978240967,0.5565081238746643,-0.2946525812149048,-1.7829391956329346,0.208891361951828,2.308934211730957,2.1300346851348877
0.9979915022850037,0.5650732517242432,-0.3671170473098755,-1.7867220640182495,0.26160234212875366,2.3038430213928223,2.1299726963043213
1.0610613822937012,0.5764057040214539,-0.43838486075401306,-1.7900111675262451,0.3145563304424286,2.2969441413879395,2.129910707473755
1.1224274635314941,0.5905548334121704,-0.5082865357398987,-1.7928138971328735,0.36786553263664246,2.288149833679199,2.1298487186431885
1.181859016418457,0.6075939536094666,-0.5767135620117188,-1.7951371669769287,0.42165201902389526,2.2773454189300537,2.129786729812622
1.239182472229004,0.6276276707649231,-0.6436282396316528,-1.796988606452942,0.4760548174381256,2.2643823623657227,2.1297247409820557
1.2942733764648438,0.6508030891418457,-0.7090616822242737,-1.7983760833740234,0.5312362313270569,2.2490732669830322,2.1296629905700684
1.2732188701629639,0.615734338760376,-0.6943580508232117,-1.8430613279342651,0.5060215592384338,2.2744550704956055,2.1053829193115234
1.250638723373413,0.5822394490242004,-0.6803906559944153,-1.8855040073394775,0.4815978705883026,2.2982800006866455,2.0811026096343994
1.2264022827148438,0.5501766204833984,-0.6668266654014587,-1.9258315563201904,0.45771560072898865,2.3206653594970703,2.0568225383758545
1.2003486156463623,0.5194383859634399,-0.6533463001251221,-1.9641437530517578,0.4341740012168884,2.341705560684204,2.0325424671173096
1.1722935438156128,0.4899415969848633,-0.6396377682685852,-2.0005199909210205,0.4108065962791443,2.361473798751831,2.0082623958587646
1.1420159339904785,0.4616243243217468,-0.6253740787506104,-2.0350213050842285,0.3874761164188385,2.38002872467041,1.9839822053909302
1.1092605590820312,0.4344436228275299,-0.6102105379104614,-2.0676937103271484,0.36406779289245605,2.3974156379699707,1.9597020149230957
1.0737162828445435,0.4083729386329651,-0.5937580466270447,-2.0985708236694336,0.34048354625701904,2.41367244720459,1.9354219436645508
1.0350263118743896,0.38339951634407043,-0.5755885243415833,-2.127676010131836,0.3166438639163971,2.428826093673706,1.9111417531967163
0.9927626252174377,0.3595283329486847,-0.5552111864089966,-2.1550233364105225,0.2924824357032776,2.442899703979492,1.8868615627288818
0.9464282989501953,0.336778849363327,-0.5320647358894348,-2.1806187629699707,0.26794660091400146,2.4559102058410645,1.862581491470337
0.8954479098320007,0.3151889145374298,-0.5055100917816162,-2.204463481903076,0.2429949790239334,2.4678702354431152,1.8383013010025024
0.8391648530960083,0.2948150932788849,-0.47482627630233765,-2.2265512943267822,0.21759849786758423,2.478788137435913,1.8140212297439575
0.7768473625183105,0.2757362425327301,-0.43921348452568054,-2.246873617172241,0.19173845648765564,2.488671064376831,1.789741039276123
0.7077114582061768,0.2580558657646179,-0.39781543612480164,-2.2654178142547607,0.1654059886932373,2.497523307800293,1.7654608488082886
0.6309776306152344,0.24190683662891388,-0.34977540373802185,-2.2821688652038574,0.1386035531759262,2.5053458213806152,1.7411807775497437
0.5459535121917725,0.22744935750961304,-0.2943178415298462,-2.2971105575561523,0.11134330928325653,2.5121400356292725,1.7169005870819092
0.45217812061309814,0.21487340331077576,-0.2308923453092575,-2.310225486755371,0.08364610373973846,2.517904281616211,1.6926205158233643
0.3496113419532776,0.20438849925994873,-0.15936052799224854,-2.321497678756714,0.0555427260696888,2.522637367248535,1.6683403253555298
0.23884937167167664,0.19621430337429047,-0.08021890372037888,-2.3309106826782227,0.02707074023783207,2.526336431503296,1.6440601348876953
0.12129904329776764,0.1905503123998642,0.005235267337411642,-2.3384509086608887,-0.0017244324553757906,2.5289978981018066,1.61978018283844
-0.0007852708222344518,0.18755850195884705,0.09486142545938492,-2.3441054821014404,-0.03079185076057911,2.5306177139282227,1.5954999923706055
-0.1244828999042511,0.18732725083827972,0.18585748970508575,-2.347865343093872,-0.060074761509895325,2.531191349029541,1.571219801902771
-0.24661920964717865,0.1898541897535324,0.2751708924770355,-2.349724292755127,-0.08951494097709656,2.5307130813598633,1.546939730644226
-0.3642506003379822,0.19505341351032257,0.359982430934906,-2.3496789932250977,-0.11905069649219513,2.5291783809661865,1.5226595401763916
-0.4354571998119354,0.18671336770057678,0.42979297041893005,-2.368466377258301,-0.13594508171081543,2.5342020988464355,1.5072706937789917
-0.512122631072998,0.1793115735054016,0.5048843622207642,-2.3870770931243896,-0.15279315412044525,2.5389480590820312,1.4918818473815918
-0.5941720008850098,0.17294664680957794,0.5851861834526062,-2.4055166244506836,-0.16960346698760986,2.543417453765869,1.4764931201934814
-0.681266188621521,0.1677168309688568,0.6703623533248901,-2.4237899780273438,-0.1863836795091629,2.5476114749908447,1.4611042737960815
-0.7727603912353516,0.16371361911296844,0.7597707509994507,-2.441901206970215,-0.20314258337020874,2.5515294075012207,1.4457154273986816
-0.8676772713661194,0.16101792454719543,0.8524362444877625,-2.459855079650879,-0.21988822519779205,2.5551693439483643,1.4303265810012817
-0.9647316336631775,0.1596878170967102,0.9470754861831665,-2.4776554107666016,-0.23662735521793365,2.5585315227508545,1.4149377346038818
-1.0624449253082275,0.15975676476955414,1.0422110557556152,-2.4953060150146484,-0.2533682882785797,2.5616118907928467,1.399548888206482
-1.1592521667480469,0.1612226366996765,1.136278510093689,-2.5128114223480225,-0.27011802792549133,2.564409017562866,1.3841601610183716
-1.2536818981170654,0.1640566736459732,1.2278075218200684,-2.5301742553710938,-0.2868840992450714,2.566917657852173,1.3687713146209717
-1.3444675207138062,0.16819961369037628,1.31553053855896,-2.5473990440368652,-0.30367350578308105,2.56913423538208,1.3533824682235718
-1.4306464195251465,0.1735738217830658,1.398484706878662,-2.564488649368286,-0.3204934000968933,2.5710530281066895,1.3379936218261719
-1.511594533920288,0.18008790910243988,1.4760446548461914,-2.5814461708068848,-0.3373514413833618,2.572667121887207,1.322604775428772
-1.5869884490966797,0.18764765560626984,1.547885537147522,-2.5982749462127686,-0.3542548418045044,2.5739693641662598,1.307215929031372
-1.656768560409546,0.19615834951400757,1.613945484161377,-2.614978075027466,-0.37121084332466125,2.574951410293579,1.2918272018432617
-1.7210607528686523,0.20553357899188995,1.674347996711731,-2.6315579414367676,-0.38822606205940247,2.5756049156188965,1.2764383554458618
-1.78014075756073,0.2156951129436493,1.729365348815918,-2.6480181217193604,-0.4053099453449249,2.5759170055389404,1.261049509048462
-1.8343425989151,0.22657541930675507,1.7793279886245728,-2.664360761642456,-0.4224683344364166,2.5758774280548096,1.245660662651062
-1.8840441703796387,0.23811788856983185,1.8246092796325684,-2.6805882453918457,-0.4397106170654297,2.575472116470337,1.2302719354629517
-1.9296337366104126,0.25027668476104736,1.865592360496521,-2.6967036724090576,-0.45704442262649536,2.5746867656707764,1.2148830890655518
-1.9714866876602173,0.26301538944244385,1.9026488065719604,-2.712709426879883,-0.4744781255722046,2.5735042095184326,1.1994942426681519
-1.9873228073120117,0.2705901265144348,1.8993175029754639,-2.7146289348602295,-0.48720839619636536,2.570652484893799,1.173575758934021
-2.002107858657837,0.2782245874404907,1.8949068784713745,-2.716158151626587,-0.5000454783439636,2.5675880908966064,1.1476572751998901
-2.0159144401550293,0.28592008352279663,1.88950777053833,-2.717296600341797,-0.512972354888916,2.564310312271118,1.1217387914657593
-2.0288054943084717,0.29367855191230774,1.8832013607025146,-2.7180440425872803,-0.5259750485420227,2.560819149017334,1.0958203077316284
-2.0408411026000977,0.3015057146549225,1.8760664463043213,-2.7183992862701416,-0.5390408635139465,2.557112216949463,1.0699018239974976
-2.0520739555358887,0.30940547585487366,1.8681741952896118,-2.718362808227539,-0.5521543622016907,2.553189516067505,1.0439834594726562
-2.062553882598877,0.3173825144767761,1.859593152999878,-2.717935085296631,-0.5653019547462463,2.54905104637146,1.0180649757385254
-2.0723278522491455,0.32544267177581787,1.8503891229629517,-2.7171168327331543,-0.5784692764282227,2.5446958541870117,0.9921464323997498
-2.0814425945281982,0.3335939049720764,1.8406271934509277,-2.715909481048584,-0.5916443467140198,2.5401217937469482,0.9662280082702637
-2.0899362564086914,0.34184128046035767,1.830364465713501,-2.7143139839172363,-0.604812502861023,2.535330057144165,0.9403095245361328
-2.0978493690490723,0.3501918613910675,1.8196592330932617,-2.7123329639434814,-0.6179609894752502,2.530319929122925,0.9143911004066467
-2.105219841003418,0.35865312814712524,1.8085674047470093,-2.709968090057373,-0.6310774087905884,2.525090217590332,0.8884725570678711
-2.112082004547119,0.36723223328590393,1.7971408367156982,-2.707221746444702,-0.644149899482727,2.519641160964966,0.862554132938385
-2.1221892833709717,0.36703115701675415,1.7730979919433594,-2.696185350418091,-0.6450467109680176,2.5171124935150146,0.836371123790741
-2.128251791000366,0.3663856089115143,1.7461801767349243,-2.6835741996765137,-0.6449741721153259,2.5145394802093506,0.8101881146430969
-2.130283832550049,0.365349680185318,1.7164510488510132,-2.66943359375,-0.6438578367233276,2.5119266510009766,0.7840051054954529
-2.1283013820648193,0.36399292945861816,1.6839591264724731,-2.653808355331421,-0.6416383385658264,2.5092687606811523,0.7578220963478088
-2.1223182678222656,0.3623945713043213,1.648735761642456,-2.63674259185791,-0.6382714509963989,2.5065550804138184,0.7316390872001648
-2.1123557090759277,0.36064597964286804,1.6108052730560303,-2.618278741836548,-0.6337257623672485,2.503767490386963,0.7054560780525208
-2.0984432697296143,0.3588466942310333,1.570188045501709,-2.598456621170044,-0.627981960773468,2.500882625579834,0.6792730093002319
-2.0806307792663574,0.3571048676967621,1.5269137620925903,-2.577313184738159,-0.6210311651229858,2.4978721141815186,0.6530900001525879
-2.0589895248413086,0.3555337190628052,1.4810234308242798,-2.5548818111419678,-0.6128732562065125,2.494703769683838,0.6269069910049438
-2.0336198806762695,0.35425224900245667,1.4325802326202393,-2.531191349029541,-0.6035152673721313,2.491342306137085,0.6007239818572998
-2.004659652709961,0.35338160395622253,1.3816776275634766,-2.5062661170959473,-0.5929706692695618,2.4877490997314453,0.5745409727096558
-1.9722867012023926,0.35304439067840576,1.3284434080123901,-2.4801266193389893,-0.5812565684318542,2.4838852882385254,0.5483579635620117
-1.936720848083496,0.3533629775047302,1.2730417251586914,-2.452786922454834,-0.5683935880661011,2.479710102081299,0.5221749544143677
-1.8982349634170532,0.3544573485851288,1.2156908512115479,-2.4242563247680664,-0.55440354347229,2.4751806259155273,0.49599194526672363
-1.8571425676345825,0.3564434051513672,1.1566426753997803,-2.394538402557373,-0.5393105745315552,2.4702532291412354,0.4698089361190796
-1.8137983083724976,0.35943058133125305,1.0961885452270508,-2.3636302947998047,-0.5231354236602783,2.464883327484131,0.44362592697143555
-1.768591046333313,0.36352184414863586,1.0346523523330688,-2.3315229415893555,-0.5059007406234741,2.4590253829956055,0.4174429178237915
-1.7219274044036865,0.368810772895813,0.9723731279373169,-2.2982006072998047,-0.48762378096580505,2.4526329040527344,0.3912598788738251
-1.6742254495620728,0.37538328766822815,0.9097000360488892,-2.2636404037475586,-0.46832120418548584,2.4456562995910645,0.3650768995285034
-1.6258976459503174,0.38331475853919983,0.8469733595848083,-2.227810859680176,-0.44800418615341187,2.438044548034668,0.338893860578537
-1.5773355960845947,0.3926742374897003,0.7845102548599243,-2.1906723976135254,-0.42667892575263977,2.4297423362731934,0.31271088123321533
-1.5288971662521362,0.403524249792099,0.722591757774353,-2.152175188064575,-0.4043450653553009,2.4206929206848145,0.2865278422832489
-1.4809025526046753,0.41592153906822205,0.6614518165588379,-2.1122589111328125,-0.3809952139854431,2.4108331203460693,0.26034486293792725
-1.4336237907409668,0.4299229085445404,0.6012754440307617,-2.0708508491516113,-0.3566126823425293,2.4000933170318604,0.23416182398796082
-1.3872814178466797,0.4455862045288086,0.5421871542930603,-2.0278635025024414,-0.33116963505744934,2.388397693634033,0.20797884464263916
-1.3420480489730835,0.4629751443862915,0.4842529892921448,-1.983191728591919,-0.304625928401947,2.375659465789795,0.18179580569267273
-1.3422797918319702,0.47840946912765503,0.5141461491584778,-1.9694819450378418,-0.3293030858039856,2.3660385608673096,0.20862163603305817
-1.3416846990585327,0.49565547704696655,0.5436111092567444,-1.9538617134094238,-0.354918897151947,2.3550992012023926,0.2354474663734436
-1.3403548002243042,0.5147992968559265,0.5728261470794678,-1.9363031387329102,-0.3816218674182892,2.342743158340454,0.26227328181266785
-1.3383915424346924,0.5359476804733276,0.6020012497901917,-1.9167712926864624,-0.4095812439918518,2.3288516998291016,0.2890991270542145
-1.33589506149292,0.5592342019081116,0.631373405456543,-1.8952258825302124,-0.4389878809452057,2.3132874965667725,0.3159249424934387
-1.3329691886901855,0.58482426404953,0.6612192392349243,-1.8716167211532593,-0.4700673222541809,2.295881748199463,0.34275075793266296
-1.3297139406204224,0.6129248738288879,0.6918573975563049,-1.8458837270736694,-0.50308758020401,2.2764317989349365,0.3695766031742096
-1.2978923320770264,0.5586979389190674,0.6672106385231018,-1.913511037826538,-0.46202078461647034,2.314663887023926,0.3580453395843506
-1.2628034353256226,0.507679283618927,0.6440418362617493,-1.976933240890503,-0.42254531383514404,2.3495240211486816,0.3465140759944916
-1.223860740661621,0.4594493806362152,0.6212334632873535,-2.0364809036254883,-0.38392120599746704,2.3813512325286865,0.33498281240463257
-1.1802589893341064,0.41371214389801025,0.5976101756095886,-2.09238862991333,-0.34557563066482544,2.410386562347412,0.32345157861709595
-1.130884051322937,0.37026798725128174,0.5717905759811401,-2.1448192596435547,-0.30705079436302185,2.436800479888916,0.31192031502723694
-1.074151635169983,0.3290030062198639,0.541998028755188,-2.1938743591308594,-0.2679722011089325,2.4607126712799072,0.30038905143737793
-1.0077805519104004,0.28988900780677795,0.5057969093322754,-2.2396092414855957,-0.22803322970867157,2.4822025299072266,0.2888577878475189
-0.9284031987190247,0.2529996633529663,0.4596904516220093,-2.2820396423339844,-0.18698036670684814,2.5013201236724854,0.2773265242576599
-0.9339531064033508,0.25645601749420166,0.4663526117801666,-2.2783684730529785,-0.19164152443408966,2.4996111392974854,0.25744563341140747
-0.939394474029541,0.2599344849586487,0.47291579842567444,-2.274686336517334,-0.19631600379943848,2.4978818893432617,0.23756477236747742
-0.9447298645973206,0.2634355425834656,0.47938239574432373,-2.2709929943084717,-0.20100322365760803,2.4961326122283936,0.21768388152122498
-0.949964165687561,0.2669588327407837,0.4857577681541443,-2.2672886848449707,-0.2057039439678192,2.4943628311157227,0.19780300557613373
-0.9551007151603699,0.2705042362213135,0.49204525351524353,-2.263573169708252,-0.2104179412126541,2.49257230758667,0.17792212963104248
-0.9601423740386963,0.2740724980831146,0.4982479214668274,-2.2598464488983154,-0.2151453047990799,2.4907608032226562,0.15804125368595123
-0.9650914072990417,0.2776638865470886,0.504368245601654,-2.256108283996582,-0.21988630294799805,2.4889283180236816,0.1381603628396988
-0.9699519276618958,0.2812775671482086,0.5104106068611145,-2.252358913421631,-0.22464174032211304,2.487074851989746,0.11827948689460754
-0.9747264981269836,0.2849140763282776,0.5163777470588684,-2.248598098754883,-0.22941075265407562,2.4851996898651123,0.0983986184000969
-0.9794178605079651,0.28857365250587463,0.5222726464271545,-2.244825839996338,-0.23419411480426788,2.4833030700683594,0.07851773500442505
-0.9840288758277893,0.2922567129135132,0.5280982255935669,-2.241041898727417,-0.23899194598197937,2.48138427734375,0.058636851608753204
-0.9885623455047607,0.29596248269081116,0.5338576436042786,-2.237246513366699,-0.2438046783208847,2.479443311691284,0.03875596821308136
-0.9930208325386047,0.299691766500473,0.5395535826683044,-2.2334394454956055,-0.24863214790821075,2.477479934692383,0.018875084817409515
-0.997404158115387,0.3034452497959137,0.5451861023902893,-2.2296204566955566,-0.25347456336021423,2.475494384765625,-0.001005798578262329
-1.0017187595367432,0.30722182989120483,0.5507620573043823,-2.225789785385132,-0.25833263993263245,2.4734854698181152,-0.02088666707277298
-1.0059635639190674,0.3110227882862091,0.5562804937362671,-2.221947431564331,-0.2632059156894684,2.47145414352417,-0.040767546743154526
-1.0101439952850342,0.314847469329834,0.5617469549179077,-2.218092918395996,-0.26809510588645935,2.4693984985351562,-0.06064843386411667
-1.0142579078674316,0.3186967670917511,0.5671595931053162,-2.214226722717285,-0.2730000913143158,2.467320203781128,-0.08052928745746613
-1.0183098316192627,0.32257068157196045,0.5725232362747192,-2.210348129272461,-0.2779209613800049,2.4652175903320312,-0.10041020065546036
-1.022301435470581,0.326469749212265,0.5778398513793945,-2.2064576148986816,-0.28285881876945496,2.4630911350250244,-0.12029105424880981
-1.0262336730957031,0.3303937315940857,0.583110511302948,-2.202554941177368,-0.287813276052475,2.4609405994415283,-0.14017195999622345
-1.0301105976104736,0.33434247970581055,0.5883395671844482,-2.1986398696899414,-0.2927841544151306,2.4587645530700684,-0.1600528210401535
-1.0339313745498657,0.33831673860549927,0.5935265421867371,-2.1947126388549805,-0.29777267575263977,2.45656418800354,-0.17993369698524475
-1.0376977920532227,0.34231728315353394,0.598673403263092,-2.190772771835327,-0.302778422832489,2.454338550567627,-0.1998145878314972
-1.0414135456085205,0.346343457698822,0.6037842631340027,-2.1868207454681396,-0.3078024387359619,2.452087163925171,-0.21969546377658844
-1.0450778007507324,0.35039642453193665,0.6088582873344421,-2.1828558444976807,-0.31284400820732117,2.44981050491333,-0.23957635462284088
-1.0486940145492554,0.3544754981994629,0.6138993501663208,-2.1788787841796875,-0.31790366768836975,2.447507381439209,-0.25945723056793213
-1.0522618293762207,0.3585818111896515,0.6189076900482178,-2.1748883724212646,-0.3229818046092987,2.4451777935028076,-0.27933812141418457
-1.0557835102081299,0.36271554231643677,0.6238855123519897,-2.1708855628967285,-0.32807883620262146,2.442821502685547,-0.299219012260437
-1.059260606765747,0.3668763339519501,0.6288346648216248,-2.166869878768921,-0.33319514989852905,2.4404382705688477,-0.3190998435020447
-1.0626943111419678,0.3710653483867645,0.6337569355964661,-2.162841320037842,-0.338331013917923,2.4380273818969727,-0.3389807641506195
-1.0660852193832397,0.3752826154232025,0.6386529803276062,-2.158799648284912,-0.34348684549331665,2.435588836669922,-0.35886162519454956
-1.0694347620010376,0.37952864170074463,0.643524706363678,-2.154744863510132,-0.3486626148223877,2.433122396469116,-0.3787425458431244
-1.0727442502975464,0.3838029205799103,0.6483736634254456,-2.15067720413208,-0.35385817289352417,2.4306273460388184,-0.39862337708473206
-1.0760142803192139,0.38810694217681885,0.6532008051872253,-2.1465959548950195,-0.3590746521949768,2.4281039237976074,-0.4185042381286621
-1.0792481899261475,0.3924408257007599,0.6580098867416382,-2.1425013542175293,-0.3643129765987396,2.425550699234009,-0.43838509917259216
-1.0824425220489502,0.3968047797679901,0.6627994775772095,-2.1383938789367676,-0.36957189440727234,2.422968864440918,-0.45826607942581177
-1.085603952407837,0.40119895339012146,0.6675732135772705,-2.134272336959839,-0.37485334277153015,2.420356035232544,-0.47814691066741943
-1.088728666305542,0.4056243896484375,0.6723293662071228,-2.1301372051239014,-0.380156934261322,2.417713165283203,-0.4980277717113495
-1.0918203592300415,0.41008061170578003,0.6770719885826111,-2.1259889602661133,-0.385483056306839,2.4150397777557373,-0.5179086327552795
-1.0948785543441772,0.41456884145736694,0.6818010807037354,-2.121826648712158,-0.39083200693130493,2.4123353958129883,-0.537789523601532
-1.0979053974151611,0.4190896153450012,0.6865191459655762,-2.117650032043457,-0.3962043523788452,2.4095985889434814,-0.5576704740524292
-1.1008996963500977,0.42364293336868286,0.6912253499031067,-2.113460063934326,-0.40160059928894043,2.4068305492401123,-0.5775513052940369
-1.1038639545440674,0.42822974920272827,0.6959227323532104,-2.109255790710449,-0.4070209264755249,2.4040298461914062,-0.5974321365356445
-1.1067991256713867,0.4328500032424927,0.7006125450134277,-2.105037212371826,-0.41246649622917175,2.401196002960205,-0.6173130869865417
-1.1097052097320557,0.4375043213367462,0.7052955627441406,-2.1008048057556152,-0.41793709993362427,2.3983287811279297,-0.6371939182281494
-1.112583041191101,0.4421936869621277,0.7099726796150208,-2.096558094024658,-0.4234335720539093,2.395427942276001,-0.6570748090744019
-1.1154330968856812,0.4469181299209595,0.7146450281143188,-2.092296600341797,-0.4289555847644806,2.3924922943115234,-0.6769556999206543
-1.11825692653656,0.4516788423061371,0.7193145751953125,-2.0880208015441895,-0.43450459837913513,2.389522075653076,-0.6968365907669067
-1.1210544109344482,0.45647525787353516,0.7239817976951599,-2.0837302207946777,-0.4400806725025177,2.3865163326263428,-0.7167174816131592
-1.123826265335083,0.4613090753555298,0.7286478877067566,-2.079425096511841,-0.4456844925880432,2.383474826812744,-0.7365983128547668
-1.126574158668518,0.46618062257766724,0.7333149313926697,-2.0751051902770996,-0.4513164460659027,2.380396604537964,-0.7564792633056641
-1.1292967796325684,0.4710903763771057,0.7379823923110962,-2.070770263671875,-0.4569772183895111,2.377281665802002,-0.7763600945472717
-1.131996989250183,0.4760384261608124,0.7426532506942749,-2.066420316696167,-0.4626672863960266,2.374128580093384,-0.7962409853935242
-1.134673833847046,0.4810265004634857,0.7473278641700745,-2.0620551109313965,-0.46838733553886414,2.3709371089935303,-0.8161218762397766
-1.1373287439346313,0.48605456948280334,0.7520073056221008,-2.0576748847961426,-0.47413763403892517,2.3677072525024414,-0.836002767086029
-1.139960527420044,0.4911235570907593,0.7566918134689331,-2.053278923034668,-0.4799193739891052,2.364438056945801,-0.8558836579322815
-1.1425718069076538,0.496234267950058,0.7613840699195862,-2.048868179321289,-0.4857326149940491,2.361128330230713,-0.8757645487785339
-1.1451611518859863,0.5013871788978577,0.7660835385322571,-2.0444412231445312,-0.4915785491466522,2.357778310775757,-0.8956453800201416
-1.1477313041687012,0.5065833926200867,0.7707936763763428,-2.0399985313415527,-0.4974578022956848,2.354386329650879,-0.9155262112617493
-1.1502819061279297,0.5118233561515808,0.7755146026611328,-2.0355403423309326,-0.5033708810806274,2.3509521484375,-0.9354071021080017
-1.1528115272521973,0.5171080231666565,0.7802457809448242,-2.0310659408569336,-0.5093176960945129,2.347475528717041,-0.9552880525588989
-1.155322551727295,0.5224377512931824,0.7849899530410767,-2.026575803756714,-0.5153003334999084,2.3439555168151855,-0.9751689434051514
-1.1578161716461182,0.527814507484436,0.7897495627403259,-2.022069215774536,-0.5213199257850647,2.34039044380188,-0.995049774646759
-1.1602907180786133,0.5332378149032593,0.7945232391357422,-2.0175466537475586,-0.5273749828338623,2.336780548095703,-1.0149306058883667
-1.162747859954834,0.5387099981307983,0.7993138432502747,-2.013007164001465,-0.53346848487854,2.3331246376037598,-1.0348116159439087
-1.165187120437622,0.5442306995391846,0.8041213154792786,-2.008451461791992,-0.5396003723144531,2.3294219970703125,-1.0546925067901611
-1.1676093339920044,0.5498019456863403,0.8089476823806763,-2.003878593444824,-0.5457717776298523,2.325671672821045,-1.074573278427124
-1.170015573501587,0.555424153804779,0.8137945532798767,-1.9992895126342773,-0.551983654499054,2.3218729496002197,-1.0944541692733765
-1.1724048852920532,0.5610982179641724,0.8186621069908142,-1.9946831464767456,-0.5582365393638611,2.3180243968963623,-1.114335060119629
-1.174778938293457,0.566825270652771,0.8235527873039246,-1.9900599718093872,-0.5645321011543274,2.3141255378723145,-1.1342158317565918
-1.1771365404129028,0.5726070404052734,0.8284666538238525,-1.9854191541671753,-0.5708706974983215,2.3101754188537598,-1.1540967226028442
-1.179478406906128,0.5784440040588379,0.8334051966667175,-1.980760931968689,-0.577253520488739,2.306173324584961,-1.1739776134490967
-1.1818039417266846,0.5843360424041748,0.8383681774139404,-1.9760857820510864,-0.58367919921875,2.3021183013916016,-1.1938586235046387
-1.1841180324554443,0.5902876257896423,0.8433626890182495,-1.971392273902893,-0.5901550054550171,2.2980072498321533,-1.2137395143508911
-1.186416506767273,0.5962978601455688,0.8483849763870239,-1.9666813611984253,-0.5966771245002747,2.2938413619995117,-1.2336204051971436
-1.1887013912200928,0.6023687124252319,0.8534384965896606,-1.9619522094726562,-0.6032489538192749,2.289618492126465,-1.2535011768341064
-1.1909723281860352,0.6085010766983032,0.8585240840911865,-1.957205057144165,-0.6098710298538208,2.285337448120117,-1.2733820676803589
-1.1932282447814941,0.6146968603134155,0.8636415600776672,-1.952439546585083,-0.616544246673584,2.2809977531433105,-1.2932629585266113
-1.195472240447998,0.6209570169448853,0.8687955141067505,-1.9476555585861206,-0.6232703924179077,2.276597023010254,-1.3131437301635742
-1.1977019309997559,0.6272834539413452,0.8739848732948303,-1.9428529739379883,-0.630050778388977,2.272134780883789,-1.3330247402191162
-1.199919581413269,0.6336771249771118,0.8792133331298828,-1.9380316734313965,-0.6368865966796875,2.267609119415283,-1.3529056310653687
-1.2021238803863525,0.6401399374008179,0.8844806551933289,-1.9331914186477661,-0.6437793970108032,2.26301908493042,-1.372786521911621
-1.2043153047561646,0.6466739773750305,0.8897892236709595,-1.9283322095870972,-0.6507309079170227,2.2583630084991455,-1.3926674127578735
-1.2064940929412842,0.6532803773880005,0.8951405882835388,-1.923453450202942,-0.6577427387237549,2.2536392211914062,-1.412548303604126
-1.2086610794067383,0.6599613428115845,0.9005372524261475,-1.9185552597045898,-0.664817214012146,2.2488462924957275,-1.4324291944503784
-1.2108166217803955,0.6667187809944153,0.9059811234474182,-1.913637638092041,-0.6719550490379333,2.2439823150634766,-1.4523099660873413
-1.2129589319229126,0.6735544800758362,0.9114723801612854,-1.9087002277374268,-0.6791583895683289,2.239046335220337,-1.4721908569335938
-1.2150907516479492,0.680470883846283,0.9170154929161072,-1.9037424325942993,-0.6864302754402161,2.234034776687622,-1.4920718669891357
-1.217210292816162,0.6874698400497437,0.9226105213165283,-1.8987644910812378,-0.6937715411186218,2.228947162628174,-1.5119526386260986
-1.2193186283111572,0.6945536732673645,0.9282605648040771,-1.8937665224075317,-0.7011847496032715,2.2237815856933594,-1.531833529472351
-1.221414566040039,0.7017241716384888,0.9339663982391357,-1.8887476921081543,-0.7086715698242188,2.218535900115967,-1.5517144203186035
-1.2235000133514404,0.7089847326278687,0.9397321939468384,-1.883708119392395,-0.7162352204322815,2.213207244873047,-1.5715951919555664
-1.2255748510360718,0.7163378000259399,0.9455604553222656,-1.8786475658416748,-0.7238783836364746,2.2077932357788086,-1.5914760828018188
-1.2276365756988525,0.7237846851348877,0.9514500498771667,-1.8735660314559937,-0.7316014170646667,2.202294111251831,-1.6113569736480713
-1.2296887636184692,0.7313302755355835,0.9574082493782043,-1.8684628009796143,-0.7394096851348877,2.1967036724090576,-1.6312378644943237
-1.2317298650741577,0.7389758825302124,0.9634353518486023,-1.8633379936218262,-0.747304379940033,2.19102144241333,-1.6511188745498657
-1.233760118484497,0.7467256188392639,0.969534695148468,-1.8581913709640503,-0.755289614200592,2.185244083404541,-1.6709997653961182
-1.23577880859375,0.7545827031135559,0.9757087230682373,-1.8530226945877075,-0.7633678317070007,2.1793692111968994,-1.6908806562423706
-1.2377866506576538,0.7625494599342346,0.9819604158401489,-1.8478316068649292,-0.7715422511100769,2.173393726348877,-1.7107614278793335
-1.2397838830947876,0.7706307172775269,0.9882939457893372,-1.8426182270050049,-0.7798161506652832,2.167314291000366,-1.730642318725586
-1.2417696714401245,0.7788297533988953,0.9947116374969482,-1.8373817205429077,-0.7881941199302673,2.1611275672912598,-1.7505232095718384
-1.2437450885772705,0.7871506810188293,1.001218318939209,-1.8321226835250854,-0.7966794371604919,2.154829978942871,-1.7704039812088013
-1.2457093000411987,0.795598566532135,1.0078171491622925,-1.8268399238586426,-0.8052765727043152,2.1484172344207764,-1.7902849912643433
-1.2476625442504883,0.8041762709617615,1.0145115852355957,-1.8215339183807373,-0.8139893412590027,2.1418867111206055,-1.8101658821105957
-1.2496039867401123,0.8128895163536072,1.021305799484253,-1.8162040710449219,-0.8228229880332947,2.1352338790893555,-1.8300466537475586
-1.2515347003936768,0.8217436075210571,1.0282056331634521,-1.8108500242233276,-0.8317818641662598,2.128453254699707,-1.8499276638031006
-1.2534540891647339,0.8307438492774963,1.035214900970459,-1.8054718971252441,-0.8408722281455994,2.1215412616729736,-1.869808554649353
-1.2553619146347046,0.8398957848548889,1.0423386096954346,-1.800068974494934,-0.8500985503196716,2.114492177963257,-1.889689326286316
-1.2572576999664307,0.8492050766944885,1.04958176612854,-1.7946414947509766,-0.8594669699668884,2.1073012351989746,-1.9095702171325684
-1.2591416835784912,0.8586795330047607,1.0569509267807007,-1.7891886234283447,-0.8689849972724915,2.0999624729156494,-1.9294511079788208
-1.2610142230987549,0.868325412273407,1.0644526481628418,-1.7837104797363281,-0.8786584138870239,2.092468738555908,-1.9493321180343628
-1.262873649597168,0.8781505823135376,1.0720919370651245,-1.778206467628479,-0.8884953856468201,2.084815263748169,-1.9692128896713257
-1.2647206783294678,0.8881619572639465,1.0798765420913696,-1.772676706314087,-0.898502767086029,2.0769941806793213,-1.9890938997268677
-1.266554594039917,0.8983700275421143,1.087814450263977,-1.767120361328125,-0.9086901545524597,2.068997383117676,-2.008974552154541
-1.2683751583099365,0.908782958984375,1.0959131717681885,-1.7615375518798828,-0.9190659523010254,2.0608177185058594,-2.028855562210083
-1.27018141746521,0.9194121360778809,1.1041820049285889,-1.755927324295044,-0.9296414852142334,2.052445411682129,-2.048736333847046
-1.2719738483428955,0.9302679300308228,1.1126307249069214,-1.7502902746200562,-0.9404273629188538,2.0438709259033203,-2.068617343902588
-1.273751974105835,0.941363513469696,1.1212706565856934,-1.744625210762024,-0.9514353275299072,2.0350828170776367,-2.088498115539551
-1.275514841079712,0.9527114033699036,1.1301122903823853,-1.7389322519302368,-0.9626790285110474,2.0260705947875977,-2.1083788871765137
-1.2772610187530518,0.9643253087997437,1.139167070388794,-1.7332110404968262,-0.97417151927948,2.016822576522827,-2.1282598972320557
-1.2789907455444336,0.976222813129425,1.1484508514404297,-1.7274610996246338,-0.9859292507171631,2.0073227882385254,-2.1481406688690186
-1.2807018756866455,0.9884204864501953,1.1579769849777222,-1.721681833267212,-0.9979699850082397,1.9975576400756836,-2.1680216789245605
