-1.5203261375427246,1.4229130744934082,1.5744600296020508,-2.1403439044952393,-1.4440479278564453,1.6472749710083008,-1.740761399269104
-1.5186188220977783,1.4082368612289429,1.5683667659759521,-2.1382346153259277,-1.4346457719802856,1.6599230766296387,-1.719565510749817
-1.516823172569275,1.3945401906967163,1.5626065731048584,-2.1361217498779297,-1.425809383392334,1.6717065572738647,-1.6983697414398193
-1.5149530172348022,1.3816627264022827,1.5571191310882568,-2.1340060234069824,-1.4174418449401855,1.682766318321228,-1.6771738529205322
-1.5130183696746826,1.369482398033142,1.5518593788146973,-2.131887197494507,-1.4094692468643188,1.6932098865509033,-1.6559780836105347
-1.5110267400741577,1.3579092025756836,1.5467936992645264,-2.1297647953033447,-1.401837944984436,1.7031161785125732,-1.6347821950912476
-1.5089850425720215,1.3468655347824097,1.5418938398361206,-2.1276392936706543,-1.394500732421875,1.71255362033844,-1.6135863065719604
-1.50689697265625,1.33629310131073,1.5371381044387817,-2.1255106925964355,-1.3874231576919556,1.721574068069458,-1.592390537261963
-1.5047674179077148,1.3261432647705078,1.5325093269348145,-2.1233787536621094,-1.3805761337280273,1.7302196025848389,-1.5711946487426758
-1.5025995969772339,1.316375494003296,1.5279924869537354,-2.121243476867676,-1.3739356994628906,1.738526463508606,-1.5499988794326782
-1.5003962516784668,1.3069573640823364,1.523576259613037,-2.1191048622131348,-1.3674829006195068,1.7465229034423828,-1.5288029909133911
-1.4981595277786255,1.2978575229644775,1.5192492008209229,-2.1169629096984863,-1.3611987829208374,1.754237413406372,-1.507607102394104
-1.4958922863006592,1.289048433303833,1.515001654624939,-2.1148178577423096,-1.355067491531372,1.761693000793457,-1.4864113330841064
-1.493595838546753,1.2805149555206299,1.5108284950256348,-2.1126694679260254,-1.3490803241729736,1.768904447555542,-1.4652154445648193
-1.491271734237671,1.272230863571167,1.5067201852798462,-2.1105175018310547,-1.3432220220565796,1.7758938074111938,-1.4440196752548218
-1.4889216423034668,1.2641838788986206,1.502672791481018,-2.1083621978759766,-1.337485432624817,1.782672643661499,-1.4228237867355347
-1.4865460395812988,1.2563543319702148,1.4986790418624878,-2.106203556060791,-1.3318586349487305,1.7892578840255737,-1.4016278982162476
-1.4841465950012207,1.2487318515777588,1.494735598564148,-2.104041576385498,-1.3263362646102905,1.795659065246582,-1.38043212890625
-1.4817249774932861,1.2413067817687988,1.4908397197723389,-2.1018762588500977,-1.3209131956100464,1.801884651184082,-1.359236240386963
-1.4792810678482056,1.2340631484985352,1.4869853258132935,-2.0997073650360107,-1.3155797719955444,1.8079488277435303,-1.3380403518676758
-1.4768154621124268,1.2269928455352783,1.4831695556640625,-2.0975351333618164,-1.3103307485580444,1.8138585090637207,-1.3168445825576782
-1.474329948425293,1.2200887203216553,1.4793905019760132,-2.0953593254089355,-1.3051633834838867,1.8196204900741577,-1.2956486940383911
-1.471824049949646,1.2133398056030273,1.4756439924240112,-2.093179941177368,-1.3000702857971191,1.8252443075180054,-1.2744529247283936
-1.4692999124526978,1.2067416906356812,1.4719294309616089,-2.0909972190856934,-1.295050024986267,1.8307336568832397,-1.2532570362091064
-1.4667564630508423,1.2002849578857422,1.468242883682251,-2.088811159133911,-1.290096640586853,1.8360971212387085,-1.2320611476898193
-1.4641950130462646,1.193964958190918,1.464582920074463,-2.0866212844848633,-1.2852076292037964,1.841339111328125,-1.2108653783798218
-1.4616163969039917,1.1877758502960205,1.4609483480453491,-2.084428071975708,-1.280380129814148,1.8464643955230713,-1.1896694898605347
-1.459020972251892,1.1817164421081543,1.457338809967041,-2.082230806350708,-1.2756143808364868,1.8514742851257324,-1.168473720550537
-1.4564086198806763,1.1757739782333374,1.453749418258667,-2.0800299644470215,-1.2709014415740967,1.8563799858093262,-1.14727783203125
-1.453779697418213,1.1699450016021729,1.4501789808273315,-2.0778260231018066,-1.266239881515503,1.8611845970153809,-1.126081943511963
-1.451134443283081,1.164225697517395,1.4466265439987183,-2.075618267059326,-1.2616276741027832,1.865891456604004,-1.1048861742019653
-1.4484734535217285,1.158612608909607,1.4430909156799316,-2.0734071731567383,-1.2570637464523315,1.8705041408538818,-1.0836902856826782
-1.4457969665527344,1.1531023979187012,1.4395711421966553,-2.0711920261383057,-1.25254487991333,1.8750249147415161,-1.0624945163726807
-1.443105697631836,1.1476930379867554,1.43606698513031,-2.0689733028411865,-1.248071312904358,1.8794562816619873,-1.0412986278533936
-1.4404001235961914,1.1423789262771606,1.4325768947601318,-2.066751003265381,-1.243639588356018,1.8838022947311401,-1.0201027393341064
-1.4376791715621948,1.1371574401855469,1.4290987253189087,-2.0645251274108887,-1.2392477989196777,1.888066291809082,-0.9989069104194641
-1.4349446296691895,1.1320267915725708,1.425633430480957,-2.0622951984405518,-1.234895944595337,1.8922498226165771,-0.9777110815048218
-1.4321956634521484,1.1269810199737549,1.4221781492233276,-2.0600616931915283,-1.2305797338485718,1.8963574171066284,-0.9565152525901794
-1.42943274974823,1.1220207214355469,1.4187334775924683,-2.0578246116638184,-1.2263000011444092,1.9003894329071045,-0.9353194236755371
-1.4266564846038818,1.117142677307129,1.4152988195419312,-2.0555834770202637,-1.222055196762085,1.9043478965759277,-0.9141235947608948
-1.4238662719726562,1.1123425960540771,1.4118719100952148,-2.0533385276794434,-1.217842936515808,1.9082374572753906,-0.8929277062416077
-1.4210630655288696,1.107621431350708,1.4084540605545044,-2.0510902404785156,-1.2136636972427368,1.9120571613311768,-0.8717318773269653
-1.4182467460632324,1.1029736995697021,1.4050430059432983,-2.048837661743164,-1.2095146179199219,1.91581130027771,-0.850536048412323
-1.4154177904129028,1.0983997583389282,1.4016393423080444,-2.046581506729126,-1.205396294593811,1.9195001125335693,-0.8293402194976807
-1.4125761985778809,1.0938966274261475,1.3982419967651367,-2.044321298599243,-1.2013063430786133,1.9231257438659668,-0.8081443309783936
-1.4097214937210083,1.089463233947754,1.3948503732681274,-2.0420572757720947,-1.197244644165039,1.9266901016235352,-0.7869485020637512
-1.406854271888733,1.0850958824157715,1.391463279724121,-2.0397896766662598,-1.193209171295166,1.9301960468292236,-0.7657526731491089
-1.4039756059646606,1.080795168876648,1.3880820274353027,-2.037517547607422,-1.1892001628875732,1.9336423873901367,-0.7445567846298218
-1.4010841846466064,1.07655930519104,1.3847050666809082,-2.0352418422698975,-1.1852174997329712,1.9370319843292236,-0.7233609557151794
-1.3981807231903076,1.0723847150802612,1.381331443786621,-2.0329623222351074,-1.181258201599121,1.9403669834136963,-0.7021651864051819
-1.3952653408050537,1.068272352218628,1.3779617547988892,-2.0306782722473145,-1.1773231029510498,1.9436471462249756,-0.6809693574905396
-1.3923383951187134,1.0642187595367432,1.374594807624817,-2.028390884399414,-1.1734106540679932,1.9468753337860107,-0.6597735285758972
-1.3893998861312866,1.0602242946624756,1.371231198310852,-2.02609920501709,-1.169521450996399,1.9500508308410645,-0.6385776400566101
-1.3864498138427734,1.0562872886657715,1.3678698539733887,-2.023803234100342,-1.1656532287597656,1.9531763792037964,-0.6173818111419678
-1.383488416671753,1.0524048805236816,1.364510416984558,-2.021503448486328,-1.161806344985962,1.9562530517578125,-0.5961859822273254
-1.380515456199646,1.0485786199569702,1.3611528873443604,-2.019199848175049,-1.15798020362854,1.9592812061309814,-0.5749901533126831
-1.3775310516357422,1.0448050498962402,1.3577964305877686,-2.0168919563293457,-1.1541736125946045,1.9622623920440674,-0.553794264793396
-1.3745309114456177,1.0410833358764648,1.354438066482544,-2.0145797729492188,-1.1503868103027344,1.9651973247528076,-0.5325984358787537
-1.3715248107910156,1.0374135971069336,1.3510838747024536,-2.012263774871826,-1.1466186046600342,1.968087077140808,-0.5114026069641113
-1.3685078620910645,1.033794641494751,1.3477305173873901,-2.0099430084228516,-1.1428686380386353,1.9709323644638062,-0.4902067482471466
-1.3654800653457642,1.030224084854126,1.3443769216537476,-2.0076189041137695,-1.1391355991363525,1.9737353324890137,-0.4690109193325043
-1.3624416589736938,1.0267030000686646,1.3410241603851318,-2.0052900314331055,-1.1354212760925293,1.9764946699142456,-0.44781506061553955
-1.3593924045562744,1.0232294797897339,1.3376710414886475,-2.0029571056365967,-1.1317235231399536,1.9792124032974243,-0.4266192317008972
-1.3563324213027954,1.0198017358779907,1.3343170881271362,-2.000619888305664,-1.1280415058135986,1.981890082359314,-0.4054234027862549
-1.3532629013061523,1.0164216756820679,1.3309640884399414,-1.9982784986495972,-1.1243778467178345,1.9845257997512817,-0.38422754406929016
-1.350182056427002,1.013084888458252,1.3276090621948242,-1.9959328174591064,-1.1207276582717896,1.9871238470077515,-0.3630317151546478
-1.3470913171768188,1.0097934007644653,1.3242533206939697,-1.993582844734192,-1.1170934438705444,1.989682674407959,-0.3418358564376831
-1.3439902067184448,1.0065439939498901,1.3208962678909302,-1.991228461265564,-1.113472819328308,1.9922043085098267,-0.3206399977207184
-1.340879201889038,1.0033379793167114,1.3175382614135742,-1.9888699054718018,-1.1098679304122925,1.9946880340576172,-0.29944416880607605
-1.33775794506073,1.0001741647720337,1.3141785860061646,-1.9865068197250366,-1.1062767505645752,1.9971354007720947,-0.2782483398914337
-1.3346259593963623,0.9970503449440002,1.3108164072036743,-1.9841394424438477,-1.102698802947998,1.9995477199554443,-0.257052481174469
-1.3314852714538574,0.9939689636230469,1.3074538707733154,-1.9817676544189453,-1.0991357564926147,2.001923084259033,-0.23585665225982666
-1.3283339738845825,0.9909266829490662,1.3040885925292969,-1.9793914556503296,-1.0955852270126343,2.0042645931243896,-0.21466079354286194
-1.3251733779907227,0.9879243969917297,1.3007216453552246,-1.9770106077194214,-1.092047929763794,2.0065712928771973,-0.1934649497270584
-1.3220019340515137,0.9849597811698914,1.2973511219024658,-1.9746254682540894,-1.0885217189788818,2.008845806121826,-0.17226912081241608
-1.3188223838806152,0.9820340871810913,1.2939797639846802,-1.9722357988357544,-1.085009217262268,2.0110862255096436,-0.15107326209545135
-1.3156325817108154,0.9791456460952759,1.2906053066253662,-1.9698415994644165,-1.081507921218872,2.013294219970703,-0.12987741827964783
-1.312433123588562,0.9762946367263794,1.2872283458709717,-1.9674427509307861,-1.0780187845230103,2.015470266342163,-0.1086815670132637
-1.3092247247695923,0.9734799265861511,1.2838486433029175,-1.965039610862732,-1.0745410919189453,2.0176148414611816,-0.08748575299978256
-1.3060070276260376,0.9707014560699463,1.2804665565490723,-1.9626314640045166,-1.0710749626159668,2.019727945327759,-0.06628990173339844
-1.302779197692871,0.9679581522941589,1.2770805358886719,-1.960218906402588,-1.0676192045211792,2.0218112468719482,-0.04509405046701431
-1.2995426654815674,0.9652493596076965,1.2736918926239014,-1.9578018188476562,-1.064173936843872,2.023864269256592,-0.023898202925920486
-1.2962965965270996,0.9625757336616516,1.2702997922897339,-1.955379843711853,-1.0607396364212036,2.0258874893188477,-0.0027023544535040855
-1.2930423021316528,0.9599361419677734,1.266905426979065,-1.9529533386230469,-1.0573155879974365,2.027881145477295,0.018493494018912315
-1.289778709411621,0.9573303461074829,1.26350736618042,-1.9505223035812378,-1.0539016723632812,2.02984619140625,0.0396893136203289
-1.2865054607391357,0.9547567367553711,1.260105013847351,-1.948086142539978,-1.0504968166351318,2.0317835807800293,0.06088516116142273
-1.2832242250442505,0.952217161655426,1.2567002773284912,-1.9456454515457153,-1.047102928161621,2.033691883087158,0.08208101242780685
-1.2799334526062012,0.9497092962265015,1.253291130065918,-1.943199872970581,-1.043717384338379,2.0355732440948486,0.10327685624361038
-1.276633381843567,0.9472325444221497,1.2498778104782104,-1.9407494068145752,-1.0403412580490112,2.0374279022216797,0.1244727075099945
-1.2733254432678223,0.9447881579399109,1.2464618682861328,-1.9382941722869873,-1.0369741916656494,2.039254665374756,0.14566852152347565
-1.2700088024139404,0.942375123500824,1.2430418729782104,-1.9358340501785278,-1.033616304397583,2.04105544090271,0.16686438024044037
-1.2666831016540527,0.939992368221283,1.2396175861358643,-1.9333691596984863,-1.030266523361206,2.042830228805542,0.1880602240562439
-1.2633495330810547,0.9376401305198669,1.2361899614334106,-1.9308992624282837,-1.0269253253936768,2.0445785522460938,0.20925606787204742
-1.2600069046020508,0.9353174567222595,1.232757568359375,-1.9284244775772095,-1.023592233657837,2.046302318572998,0.23045192658901215
-1.2566560506820679,0.9330257773399353,1.2293219566345215,-1.925944447517395,-1.020268201828003,2.0480000972747803,0.2516477704048157
-1.2532968521118164,0.9307622909545898,1.225881576538086,-1.9234598875045776,-1.016951560974121,2.0496737957000732,0.272843599319458
-1.249929428100586,0.9285283088684082,1.2224376201629639,-1.920969843864441,-1.0136427879333496,2.0513222217559814,0.29403942823410034
-1.2465534210205078,0.9263225793838501,1.2189886569976807,-1.9184749126434326,-1.0103416442871094,2.0529470443725586,0.31523528695106506
-1.1713120937347412,0.8102638721466064,1.1173490285873413,-1.932470679283142,-0.8854624629020691,2.142111301422119,0.2956673204898834
-1.0881807804107666,0.7190576195716858,1.0197809934616089,-1.9446473121643066,-0.7736644148826599,2.209082841873169,0.2760993242263794
-0.9965488910675049,0.6450294852256775,0.9212405681610107,-1.9549791812896729,-0.6698319315910339,2.2609145641326904,0.25653135776519775
-0.8955674171447754,0.5841859579086304,0.8184865117073059,-1.9634405374526978,-0.5712639689445496,2.3014636039733887,0.23696337640285492
-0.7844088673591614,0.5342960953712463,0.7092002034187317,-1.970008134841919,-0.4763306975364685,2.3330893516540527,0.21739539504051208
-0.6625328660011292,0.4941282868385315,0.5918115973472595,-1.9746594429016113,-0.38395583629608154,2.357328414916992,0.19782741367816925
-0.5300131440162659,0.46307218074798584,0.4656243920326233,-1.9773757457733154,-0.2933751940727234,2.3752129077911377,0.17825943231582642
-0.38788142800331116,0.4409095346927643,0.33105263113975525,-1.9781392812728882,-0.20401079952716827,2.3874359130859375,0.15869145095348358
-0.23836930096149445,0.4276353716850281,0.18980135023593903,-1.9769362211227417,-0.11539509892463684,2.3944478034973145,0.13912346959114075
-0.08486195653676987,0.42330965399742126,0.04477938264608383,-1.973754644393921,-0.027123255655169487,2.396505355834961,0.11955549567937851
0.06854452192783356,0.4279520511627197,-0.10037222504615784,-1.9685862064361572,0.06118464097380638,2.393702507019043,0.09998752176761627
0.21777866780757904,0.4415013790130615,-0.24204115569591522,-1.9614250659942627,0.14991343021392822,2.3859779834747314,0.08041954040527344
0.3595201373100281,0.46385458111763,-0.3773961365222931,-1.952266812324524,0.23948518931865692,2.3731088638305664,0.0608515664935112
0.38665276765823364,0.4653695821762085,-0.3908040523529053,-1.9532032012939453,0.2482905089855194,2.3723249435424805,0.08624783903360367
0.4135953485965729,0.46729540824890137,-0.40406861901283264,-1.9535908699035645,0.2571583092212677,2.3712737560272217,0.11164411902427673
0.4403133690357208,0.46963024139404297,-0.4171643555164337,-1.9534292221069336,0.26608359813690186,2.369953155517578,0.1370403915643692
0.466772198677063,0.47237107157707214,-0.4300691485404968,-1.952719807624817,0.2750625014305115,2.3683645725250244,0.16243666410446167
0.4929403066635132,0.4755157232284546,-0.44276341795921326,-1.9514611959457397,0.28409072756767273,2.3665060997009277,0.18783293664455414
0.5187901854515076,0.47905978560447693,-0.4552309215068817,-1.9496548175811768,0.2931646406650543,2.364377021789551,0.2132292091846466
0.5442920327186584,0.48300209641456604,-0.46745404601097107,-1.947299838066101,0.302280068397522,2.3619775772094727,0.23862548172473907
0.5694222450256348,0.48733848333358765,-0.4794207811355591,-1.944395661354065,0.3114340007305145,2.3593060970306396,0.26402175426483154
0.5941572189331055,0.49206599593162537,-0.49111971259117126,-1.9409427642822266,0.32062220573425293,2.3563621044158936,0.2894180417060852
0.6184782981872559,0.49718138575553894,-0.5025442242622375,-1.936940312385559,0.32984355092048645,2.3531441688537598,0.3148142993450165
0.642368495464325,0.5026808381080627,-0.5136893391609192,-1.9323874711990356,0.33909517526626587,2.3496508598327637,0.34021055698394775
0.6658115386962891,0.5085622072219849,-0.524551272392273,-1.9272838830947876,0.3483749330043793,2.3458809852600098,0.3656068742275238
0.6887933611869812,0.5148227214813232,-0.5351279377937317,-1.9216283559799194,0.35768118500709534,2.3418335914611816,0.3910031318664551
0.7113037109375,0.52145916223526,-0.5454217791557312,-1.9154196977615356,0.36701294779777527,2.3375070095062256,0.41639941930770874
0.7333362698554993,0.5284692645072937,-0.5554389357566833,-1.9086565971374512,0.3763708472251892,2.3328983783721924,0.44179567694664
0.7548825144767761,0.535851001739502,-0.5651835203170776,-1.9013371467590332,0.3857545256614685,2.3280062675476074,0.4671919643878937
0.775938093662262,0.5436030626296997,-0.5746643543243408,-1.8934593200683594,0.39516565203666687,2.3228280544281006,0.49258819222450256
0.7964997887611389,0.5517231225967407,-0.5838906764984131,-1.8850209712982178,0.40460506081581116,2.317361831665039,0.5179845094680786
0.816565752029419,0.5602114796638489,-0.5928743481636047,-1.8760193586349487,0.4140753149986267,2.3116044998168945,0.5433807969093323
0.8361365795135498,0.5690671801567078,-0.601629376411438,-1.8664511442184448,0.42358046770095825,2.3055527210235596,0.5687770843505859
0.8552126884460449,0.5782907009124756,-0.6101701855659485,-1.856312870979309,0.43312424421310425,2.2992029190063477,0.5941733121871948
0.8737972974777222,0.5878826379776001,-0.6185144186019897,-1.8456001281738281,0.4427120089530945,2.292551040649414,0.6195695996284485
0.891891360282898,0.5978454351425171,-0.6266776323318481,-1.8343080282211304,0.4523502290248871,2.2855935096740723,0.6449658870697021
0.9095022678375244,0.6081806421279907,-0.6346827149391174,-1.8224314451217651,0.4620470702648163,2.2783238887786865,0.6703621745109558
0.9266332983970642,0.6188918948173523,-0.6425493955612183,-1.8099641799926758,0.47181060910224915,2.270737409591675,0.6957584023475647
0.9432895183563232,0.6299833059310913,-0.6502993702888489,-1.7968984842300415,0.4816514253616333,2.2628281116485596,0.7211546897888184
0.959476888179779,0.6414600014686584,-0.6579564809799194,-1.7832276821136475,0.49158087372779846,2.254589557647705,0.746550977230072
0.975203275680542,0.6533294916152954,-0.6655482649803162,-1.7689412832260132,0.5016140937805176,2.2460122108459473,0.7719472646713257
0.9904739260673523,0.6655983924865723,-0.6731003522872925,-1.7540302276611328,0.5117663145065308,2.237089157104492,0.7973434925079346
1.0052961111068726,0.6782766580581665,-0.680642306804657,-1.7384822368621826,0.5220546126365662,2.227809429168701,0.8227397799491882
1.0196774005889893,0.6913750767707825,-0.6882060766220093,-1.7222845554351807,0.5325011014938354,2.2181622982025146,0.8481360673904419
1.033625602722168,0.7049058675765991,-0.6958257555961609,-1.70542311668396,0.5431281328201294,2.2081351280212402,0.8735323548316956
1.047147512435913,0.7188851237297058,-0.7035381197929382,-1.6878807544708252,0.5539641380310059,2.1977131366729736,0.8989285826683044
0.9913228154182434,0.7251529693603516,-0.6443456411361694,-1.641223669052124,0.5118077397346497,2.1915066242218018,0.8989183902740479
0.9356875419616699,0.7344537973403931,-0.5845589637756348,-1.5924060344696045,0.4689534306526184,2.18316650390625,0.8989081382751465
0.880460262298584,0.7469050884246826,-0.5242186784744263,-1.5411310195922852,0.4252186119556427,2.1725850105285645,0.8988979458808899
0.8258413672447205,0.7626767754554749,-0.46330147981643677,-1.4870274066925049,0.38037407398223877,2.1596035957336426,0.8988877534866333
0.7720107436180115,0.7820108532905579,-0.40169817209243774,-1.4296183586120605,0.33412599563598633,2.143998384475708,0.8988775610923767
0.7191248536109924,0.8052497506141663,-0.3391781151294708,-1.3682730197906494,0.28607967495918274,2.125455379486084,0.8988673090934753
0.7344703674316406,0.7239323258399963,-0.3073160946369171,-1.501774787902832,0.2480902373790741,2.187232494354248,0.9005030393600464
0.7534834742546082,0.6525499820709229,-0.28630778193473816,-1.6193957328796387,0.22043348848819733,2.240058422088623,0.9021387100219727
0.7769256234169006,0.5882360935211182,-0.2734778821468353,-1.725433111190796,0.1998981237411499,2.286344528198242,0.9037744402885437
0.7351314425468445,0.5712200999259949,-0.21900741755962372,-1.7438273429870605,0.15787938237190247,2.2978878021240234,0.9356235861778259
0.6920341849327087,0.555971622467041,-0.16405431926250458,-1.7616517543792725,0.1167084276676178,2.308183431625366,0.9674726724624634
0.6476995348930359,0.5424372553825378,-0.10858358442783356,-1.7789273262023926,0.07628445327281952,2.3173043727874756,0.9993217587471008
0.6022151112556458,0.530576765537262,-0.05259505286812782,-1.7956721782684326,0.036519721150398254,2.3253121376037598,1.0311709642410278
0.5556958913803101,0.5203596949577332,0.0038741070311516523,-1.8119046688079834,-0.0026612915098667145,2.332259178161621,1.0630199909210205
0.5082783699035645,0.5117619037628174,0.06075632572174072,-1.8276400566101074,-0.041326165199279785,2.338186740875244,1.0948691368103027
0.46012601256370544,0.5047644376754761,0.11795034259557724,-1.842895269393921,-0.07953469455242157,2.3431313037872314,1.126718282699585
0.4114210307598114,0.4993526339530945,0.1753302663564682,-1.857683777809143,-0.11733999848365784,2.347119092941284,1.1585674285888672
0.36236175894737244,0.495514839887619,0.23275171220302582,-1.8720195293426514,-0.1547928750514984,2.350172281265259,1.1904164552688599
0.3131718635559082,0.4932388365268707,0.29003390669822693,-1.8859153985977173,-0.19193203747272491,2.352306842803955,1.222265601158142
0.2640714943408966,0.49251607060432434,0.34700295329093933,-1.8993841409683228,-0.22880114614963531,2.3535335063934326,1.2541147470474243
0.21528469026088715,0.4933350384235382,0.4034762382507324,-1.9124367237091064,-0.26543816924095154,2.353856086730957,1.285963773727417
0.16703422367572784,0.49568766355514526,0.4592697024345398,-1.9250847101211548,-0.3018791973590851,2.353273630142212,1.3178129196166992
0.2564172148704529,0.48752063512802124,0.3718966245651245,-1.9134095907211304,-0.24338299036026,2.3572609424591064,1.2859878540039062
0.34722259640693665,0.4831712245941162,0.2828854024410248,-1.9008986949920654,-0.18496017158031464,2.3589770793914795,1.2541627883911133
0.43859654664993286,0.48261502385139465,0.19295024871826172,-1.8875354528427124,-0.12648162245750427,2.358480930328369,1.2223377227783203
0.529656708240509,0.48583099246025085,0.10283605009317398,-1.873302936553955,-0.06781433522701263,2.3557991981506348,1.1905126571655273
0.6195511817932129,0.4927980601787567,0.013244290836155415,-1.8581846952438354,-0.008814697153866291,2.350926637649536,1.1586874723434448
0.7074949741363525,0.5035000443458557,-0.07519664615392685,-1.8421614170074463,0.05066129192709923,2.3438241481781006,1.1268624067306519
0.7928414344787598,0.5179318785667419,-0.1620144248008728,-1.825214147567749,0.11078548431396484,2.3344228267669678,1.0950373411178589
0.8750892877578735,0.5361117124557495,-0.2469027042388916,-1.8073217868804932,0.1717509925365448,2.322612762451172,1.063212275505066
0.9538900852203369,0.5580919981002808,-0.32973814010620117,-1.788461685180664,0.23378390073776245,2.308243751525879,1.031387209892273
1.0290402173995972,0.5839805006980896,-0.41058266162872314,-1.768608570098877,0.29715386033058167,2.2911133766174316,0.9995620846748352
1.1004602909088135,0.613956093788147,-0.4896767735481262,-1.7477350234985352,0.36219093203544617,2.2709546089172363,0.9677370190620422
1.1681689023971558,0.6482992768287659,-0.5674359798431396,-1.7258102893829346,0.4293109178543091,2.2474191188812256,0.9359119534492493
1.2322558164596558,0.6874234676361084,-0.6444548964500427,-1.7027993202209473,0.4990449547767639,2.220045328140259,0.9040868878364563
1.247922420501709,0.68853360414505,-0.6567935347557068,-1.7080926895141602,0.508499801158905,2.2195088863372803,0.8812545537948608
1.2635893821716309,0.6898056268692017,-0.6691253781318665,-1.7132856845855713,0.5179928541183472,2.2188568115234375,0.8584222793579102
1.279252529144287,0.691241979598999,-0.6814482808113098,-1.7183785438537598,0.5275254249572754,2.218087911605835,0.8355899453163147
1.2949094772338867,0.6928426623344421,-0.69376140832901,-1.7233721017837524,0.53709876537323,2.21720027923584,0.8127576112747192
1.3105545043945312,0.6946104764938354,-0.706061065196991,-1.728266954421997,0.5467146039009094,2.216193914413452,0.7899253368377686
1.3261877298355103,0.6965459585189819,-0.7183491587638855,-1.7330641746520996,0.5563749074935913,2.215064764022827,0.7670930027961731
1.3418023586273193,0.6986515522003174,-0.7306207418441772,-1.7377634048461914,0.5660811066627502,2.213813304901123,0.7442607283592224
1.3573973178863525,0.7009291648864746,-0.7428773641586304,-1.7423653602600098,0.5758355855941772,2.212435722351074,0.721428394317627
1.3729684352874756,0.7033801078796387,-0.7551162242889404,-1.7468712329864502,0.5856389999389648,2.2109317779541016,0.6985960602760315
1.3885120153427124,0.7060065269470215,-0.7673355340957642,-1.7512813806533813,0.5954926609992981,2.2092995643615723,0.6757637858390808
1.404025673866272,0.7088112831115723,-0.7795358300209045,-1.7555956840515137,0.6054010987281799,2.2075350284576416,0.6529314517974854
1.4195060729980469,0.7117956876754761,-0.7917153239250183,-1.759814977645874,0.6153640747070312,2.205636978149414,0.6300991177558899
1.434950351715088,0.7149628400802612,-0.803873598575592,-1.763939619064331,0.6253842115402222,2.2036025524139404,0.6072668433189392
1.4503543376922607,0.718314528465271,-0.8160085082054138,-1.767970323562622,0.6354631781578064,2.201430320739746,0.5844345092773438
1.4657156467437744,0.7218541502952576,-0.8281207084655762,-1.771907091140747,0.6456037759780884,2.1991162300109863,0.5616021752357483
1.4810327291488647,0.7255841493606567,-0.8402109146118164,-1.7757503986358643,0.6558084487915039,2.196657180786133,0.5387698411941528
1.4962999820709229,0.729507327079773,-0.8522756099700928,-1.7795007228851318,0.6660782694816589,2.194051742553711,0.5159375667572021
1.5115163326263428,0.7336270213127136,-0.8643168210983276,-1.783158302307129,0.6764166355133057,2.191295623779297,0.4931052625179291
1.5266791582107544,0.7379468679428101,-0.8763349652290344,-1.7867234945297241,0.6868261694908142,2.188385248184204,0.470272958278656
1.5417855978012085,0.7424705624580383,-0.8883295655250549,-1.7901966571807861,0.6973090767860413,2.185316801071167,0.44744062423706055
1.556832194328308,0.7472007870674133,-0.9003003239631653,-1.7935781478881836,0.707868218421936,2.1820876598358154,0.4246083199977875
1.5718177556991577,0.7521427273750305,-0.9122492074966431,-1.796867847442627,0.7185067534446716,2.17869234085083,0.4017760157585144
1.58673894405365,0.7573004364967346,-0.9241762161254883,-1.800066590309143,0.7292277812957764,2.1751277446746826,0.37894371151924133
1.6015933752059937,0.7626779079437256,-0.9360821843147278,-1.8031741380691528,0.740034282207489,2.171388626098633,0.3561113774776459
1.616379737854004,0.7682803273200989,-0.9479697346687317,-1.8061912059783936,0.7509296536445618,2.1674699783325195,0.3332790732383728
1.6310938596725464,0.7741127610206604,-0.9598382115364075,-1.8091177940368652,0.7619180083274841,2.163367986679077,0.31044676899909973
1.6457371711730957,0.7801811099052429,-0.9716929793357849,-1.811954140663147,0.7730032205581665,2.1590747833251953,0.28761446475982666
1.6603031158447266,0.7864910364151001,-0.9835320115089417,-1.8147003650665283,0.7841880917549133,2.1545872688293457,0.2647821307182312
1.6747931241989136,0.7930489778518677,-0.9953609704971313,-1.8173567056655884,0.7954791188240051,2.149897336959839,0.24194984138011932
1.689204216003418,0.7998616099357605,-1.0071816444396973,-1.8199235200881958,0.8068800568580627,2.1449990272521973,0.21911750733852386
1.7035338878631592,0.8069362044334412,-1.018996238708496,-1.8224008083343506,0.8183953762054443,2.139885425567627,0.196285218000412
1.7177802324295044,0.8142802119255066,-1.030808448791504,-1.8247888088226318,0.8300302624702454,2.134549617767334,0.17345283925533295
1.7319434881210327,0.8219032287597656,-1.0426242351531982,-1.827087640762329,0.8417923450469971,2.128981590270996,0.15062056481838226
1.746019721031189,0.8298134803771973,-1.0544452667236328,-1.829297423362732,0.8536854982376099,2.1231746673583984,0.12778827548027039
1.7600089311599731,0.8380208015441895,-1.0662784576416016,-1.831418752670288,0.8657180070877075,2.1171183586120605,0.10495598614215851
1.7739083766937256,0.8465358018875122,-1.078127384185791,-1.8334511518478394,0.877896249294281,2.1108036041259766,0.08212360739707947
1.7877172231674194,0.8553706407546997,-1.0899995565414429,-1.8353948593139648,0.8902289271354675,2.1042187213897705,0.05929131805896759
1.8014333248138428,0.8645368218421936,-1.1018998622894287,-1.8372505903244019,0.9027231931686401,2.0973525047302246,0.03645902872085571
1.8150554895401,0.8740491271018982,-1.1138368844985962,-1.8390177488327026,0.9153900146484375,2.0901920795440674,0.013626737520098686
1.8285820484161377,0.8839212656021118,-1.125817060470581,-1.8406966924667358,0.9282378554344177,2.082724094390869,-0.009205637499690056
1.8420110940933228,0.894170343875885,-1.137850046157837,-1.8422876596450806,0.9412791132926941,2.0749330520629883,-0.03203792870044708
1.8553423881530762,0.9048139452934265,-1.1499462127685547,-1.8437906503677368,0.954525351524353,2.066802501678467,-0.05487021803855896
1.868572473526001,0.9158726930618286,-1.1621148586273193,-1.8452056646347046,0.9679911732673645,2.058314561843872,-0.07770250737667084
1.8817014694213867,0.9273668527603149,-1.174368977546692,-1.8465330600738525,0.9816902279853821,2.0494494438171387,-0.10053488612174988
1.894726276397705,0.9393225312232971,-1.1867215633392334,-1.8477725982666016,0.9956400990486145,2.040184736251831,-0.12336717545986176
1.907645583152771,0.9517649412155151,-1.1991873979568481,-1.8489246368408203,1.009859323501587,2.030496835708618,-0.14619946479797363
1.9204583168029785,0.964725911617279,-1.2117846012115479,-1.8499891757965088,1.0243701934814453,2.0203568935394287,-0.16903184354305267
1.933160424232483,0.9782392978668213,-1.2245304584503174,-1.850965976715088,1.0391943454742432,2.009735345840454,-0.19186413288116455
1.94575035572052,0.9923422336578369,-1.237446904182434,-1.8518555164337158,1.0543599128723145,1.998598337173462,-0.21469642221927643
1.9582250118255615,1.007080078125,-1.2505582571029663,-1.8526577949523926,1.0698981285095215,1.986905813217163,-0.2375287115573883
1.9705820083618164,1.0225034952163696,-1.2638944387435913,-1.8533726930618286,1.085845708847046,1.9746121168136597,-0.26036107540130615
1.9828225374221802,1.0386719703674316,-1.2774913311004639,-1.8540000915527344,1.1022430658340454,1.9616652727127075,-0.2831933796405792
1.9949325323104858,1.0556529760360718,-1.2913804054260254,-1.8545405864715576,1.1191409826278687,1.948004961013794,-0.3060256838798523
2.0069117546081543,1.0735278129577637,-1.3056113719940186,-1.8549938201904297,1.1365973949432373,1.9335590600967407,-0.328857958316803
2.018754243850708,1.0923945903778076,-1.320239782333374,-1.8553600311279297,1.154684066772461,1.918241262435913,-0.3516903221607208
2.030451774597168,1.1123700141906738,-1.3353313207626343,-1.8556387424468994,1.1734851598739624,1.9019492864608765,-0.3745226263999939
2.0419960021972656,1.133601188659668,-1.3509705066680908,-1.8558306694030762,1.1931102275848389,1.8845539093017578,-0.39735493063926697
2.0533738136291504,1.1562694311141968,-1.3672606945037842,-1.8559355735778809,1.213692545890808,1.8658963441848755,-0.42018720507621765
2.064570426940918,1.1806142330169678,-1.384340763092041,-1.8559532165527344,1.2354114055633545,1.845766544342041,-0.4430195689201355
2.0755650997161865,1.2069506645202637,-1.4023923873901367,-1.855884075164795,1.2585029602050781,1.8238897323608398,-0.46585187315940857
2.0569112300872803,1.1970436573028564,-1.3879659175872803,-1.8319114446640015,1.2452266216278076,1.8315210342407227,-0.48150020837783813
2.038081169128418,1.1885334253311157,-1.373816967010498,-1.8075363636016846,1.2325844764709473,1.8379676342010498,-0.4971485137939453
2.0190930366516113,1.1813377141952515,-1.3599554300308228,-1.7827354669570923,1.220552682876587,1.8433042764663696,-0.5127968192100525
1.9999607801437378,1.1753889322280884,-1.3463940620422363,-1.7574834823608398,1.2091166973114014,1.847594976425171,-0.5284451842308044
1.9806993007659912,1.1706353425979614,-1.333155632019043,-1.7317534685134888,1.1982719898223877,1.8508872985839844,-0.5440934896469116
1.961321473121643,1.1670441627502441,-1.3202730417251587,-1.7055137157440186,1.1880298852920532,1.8532137870788574,-0.5597417950630188
1.9418412446975708,1.1645879745483398,-1.307783842086792,-1.6787315607070923,1.1784063577651978,1.8546005487442017,-0.575390100479126
1.9222691059112549,1.1632518768310547,-1.2957322597503662,-1.6513689756393433,1.1694270372390747,1.8550642728805542,-0.5910384654998779
1.9026169776916504,1.163033127784729,-1.2841765880584717,-1.6233848333358765,1.1611328125,1.8546092510223389,-0.6066867709159851
1.88289475440979,1.1639399528503418,-1.2731839418411255,-1.594731330871582,1.1535758972167969,1.8532309532165527,-0.6223350763320923
1.8631128072738647,1.1659924983978271,-1.262837290763855,-1.5653560161590576,1.1468250751495361,1.8509149551391602,-0.6379834413528442
1.8432799577713013,1.169222354888916,-1.2532349824905396,-1.5351989269256592,1.1409671306610107,1.847636342048645,-0.6536316871643066
1.8234038352966309,1.1736786365509033,-1.2444989681243896,-1.504190444946289,1.1361122131347656,1.8433552980422974,-0.6692800521850586
1.8131530284881592,1.1653592586517334,-1.2322372198104858,-1.4977362155914307,1.1236529350280762,1.8500078916549683,-0.6895951628684998
1.8028638362884521,1.1574656963348389,-1.2201601266860962,-1.4912092685699463,1.111467957496643,1.8562991619110107,-0.7099103331565857
1.7925382852554321,1.1499722003936768,-1.2082502841949463,-1.4846081733703613,1.099536657333374,1.8622515201568604,-0.7302254438400269
1.7821792364120483,1.1428591012954712,-1.1964956521987915,-1.4779319763183594,1.0878421068191528,1.867882490158081,-0.7505406141281128
1.7717885971069336,1.1361051797866821,-1.1848827600479126,-1.471179485321045,1.0763672590255737,1.8732101917266846,-0.770855724811554
1.761367917060852,1.1296948194503784,-1.1734014749526978,-1.4643487930297852,1.0650982856750488,1.878248929977417,-0.7911708950996399
1.7509182691574097,1.1236101388931274,-1.1620402336120605,-1.4574391841888428,1.0540204048156738,1.88301420211792,-0.811486005783081
1.7404427528381348,1.1178410053253174,-1.150794506072998,-1.4504480361938477,1.0431262254714966,1.8875153064727783,-0.831801176071167
1.7299412488937378,1.1123709678649902,-1.1396520137786865,-1.4433748722076416,1.0324008464813232,1.8917664289474487,-0.8521162867546082
1.7194173336029053,1.1071909666061401,-1.1286098957061768,-1.436218500137329,1.0218379497528076,1.895775556564331,-0.8724314570426941
1.7088698148727417,1.1022896766662598,-1.117659091949463,-1.4289755821228027,1.0114269256591797,1.8995534181594849,-0.8927465677261353
1.698302984237671,1.097658395767212,-1.1067970991134644,-1.4216458797454834,1.0011619329452515,1.903106689453125,-0.9130617380142212
1.6877164840698242,1.093290090560913,-1.0960191488265991,-1.414226770401001,0.9910363554954529,1.9064428806304932,-0.9333768486976624
1.677112102508545,1.0891737937927246,-1.0853184461593628,-1.4067168235778809,0.9810413718223572,1.909570574760437,-0.9536920189857483
1.6664907932281494,1.0853056907653809,-1.074693202972412,-1.3991131782531738,0.9711733460426331,1.912494421005249,-0.9740071296691895
1.6558551788330078,1.081678867340088,-1.0641417503356934,-1.3914144039154053,0.9614276885986328,1.9152195453643799,-0.9943222999572754
1.645204782485962,1.0782849788665771,-1.0536566972732544,-1.3836188316345215,0.9517955780029297,1.9177535772323608,-1.0146373510360718
1.6345419883728027,1.0751228332519531,-1.0432403087615967,-1.375722885131836,0.9422779083251953,1.9200985431671143,-1.0349525213241577
1.6238678693771362,1.0721842050552368,-1.0328869819641113,-1.367725133895874,0.9328665733337402,1.9222606420516968,-1.0552676916122437
1.6131837368011475,1.0694668292999268,-1.022596836090088,-1.3596229553222656,0.9235600829124451,1.9242424964904785,-1.0755828619003296
1.6024901866912842,1.0669668912887573,-1.0123679637908936,-1.3514132499694824,0.9143553376197815,1.9260480403900146,-1.095897912979126
1.5917890071868896,1.064680576324463,-1.0021991729736328,-1.343092918395996,0.9052490592002869,1.9276797771453857,-1.116213083267212
1.5810810327529907,1.0626038312911987,-0.9920875430107117,-1.334660291671753,0.8962365984916687,1.9291421175003052,-1.1365282535552979
1.5703667402267456,1.0607355833053589,-0.9820332527160645,-1.3261103630065918,0.8873173594474792,1.930436372756958,-1.1568434238433838
1.5596483945846558,1.0590720176696777,-0.9720357656478882,-1.3174419403076172,0.8784880042076111,1.9315648078918457,-1.1771584749221802
1.5489295721054077,1.0576162338256836,-0.9621018767356873,-1.308650016784668,0.869754433631897,1.9325259923934937,-1.1974736452102661
1.5382053852081299,1.0563580989837646,-0.9522173404693604,-1.299731731414795,0.8611015677452087,1.93332839012146,-1.217788815498352
1.5274797677993774,1.0553009510040283,-0.9423891305923462,-1.2906825542449951,0.8525340557098389,1.933969497680664,-1.238103985786438
1.516755223274231,1.054443597793579,-0.9326192140579224,-1.281498908996582,0.8440524339675903,1.9344496726989746,-1.2584190368652344
1.5060309171676636,1.0537853240966797,-0.922906219959259,-1.2721765041351318,0.835655152797699,1.9347708225250244,-1.2787342071533203
1.4953091144561768,1.0533251762390137,-0.9132511615753174,-1.2627103328704834,0.8273409605026245,1.9349327087402344,-1.2990493774414062
1.4845908880233765,1.0530654191970825,-0.9036574363708496,-1.2530949115753174,0.8191114664077759,1.9349344968795776,-1.3193645477294922
1.473875880241394,1.0530028343200684,-0.8941215872764587,-1.2433264255523682,0.810962438583374,1.9347788095474243,-1.3396795988082886
1.463166356086731,1.053140640258789,-0.8846485018730164,-1.2333979606628418,0.8028976917266846,1.9344630241394043,-1.359994649887085
1.452463150024414,1.0534790754318237,-0.8752397298812866,-1.2233037948608398,0.7949177026748657,1.933986783027649,-1.380309820175171
1.4417672157287598,1.0540194511413574,-0.8658967614173889,-1.2130374908447266,0.7870225310325623,1.9333491325378418,-1.4006249904632568
1.4310795068740845,1.054764986038208,-0.8566234707832336,-1.202592134475708,0.7792145013809204,1.932547688484192,-1.4209401607513428
1.420400619506836,1.0557149648666382,-0.8474198579788208,-1.191960334777832,0.7714928388595581,1.9315828084945679,-1.4412553310394287
1.409731149673462,1.0568745136260986,-0.8382905125617981,-1.1811339855194092,0.7638617157936096,1.9304511547088623,-1.4615705013275146
1.399077296257019,1.058242678642273,-0.829242467880249,-1.1701042652130127,0.7563227415084839,1.9291493892669678,-1.481885552406311
1.3884304761886597,1.0598304271697998,-0.8202746510505676,-1.1588613986968994,0.7488800883293152,1.9276751279830933,-1.502200722694397
1.3777967691421509,1.061638355255127,-0.8113950490951538,-1.147395133972168,0.7415379881858826,1.9260245561599731,-1.522515892982483
1.3671761751174927,1.0636705160140991,-0.8026074171066284,-1.135694980621338,0.7342993021011353,1.9241944551467896,-1.5428310632705688
1.3565714359283447,1.0659335851669312,-0.793921172618866,-1.1237483024597168,0.7271711826324463,1.9221782684326172,-1.5631462335586548
1.3459807634353638,1.068433403968811,-0.7853398323059082,-1.1115412712097168,0.7201579809188843,1.9199730157852173,-1.5834612846374512
1.33540678024292,1.0711778402328491,-0.7768746614456177,-1.099059820175171,0.7132694125175476,1.9175703525543213,-1.6037763357162476
1.3248486518859863,1.074174404144287,-0.7685322165489197,-1.086287260055542,0.7065105438232422,1.9149657487869263,-1.6240915060043335
1.314308762550354,1.0774333477020264,-0.7603260278701782,-1.0732049942016602,0.699894905090332,1.9121489524841309,-1.6444066762924194
1.3037868738174438,1.080965518951416,-0.7522679567337036,-1.0597937107086182,0.6934334635734558,1.9091119766235352,-1.6647218465805054
1.2932844161987305,1.0847837924957275,-0.7443739175796509,-1.046030044555664,0.6871403455734253,1.9058434963226318,-1.6850368976593018
1.2828007936477661,1.088901162147522,-0.7366588115692139,-1.0318899154663086,0.6810315251350403,1.9023327827453613,-1.7053520679473877
1.2723379135131836,1.0933358669281006,-0.7291465401649475,-1.0173420906066895,0.6751288771629333,1.8985642194747925,-1.7256672382354736
