0.405056893825531,0.8881624937057495,0.8197192549705505,-1.4900941848754883,-0.7013806104660034,2.06794810295105,-0.97395920753479
0.3554726839065552,0.8554872274398804,0.8398112058639526,-1.5651366710662842,-0.7063777446746826,2.0946803092956543,-0.9502810835838318
0.30372968316078186,0.8269569277763367,0.8642048835754395,-1.6353040933609009,-0.7147698402404785,2.118136167526245,-0.9266029596328735
0.24976997077465057,0.802137017250061,0.8922377824783325,-1.7013936042785645,-0.7259015440940857,2.1387219429016113,-0.9029248356819153
0.1935635358095169,0.7807692885398865,0.9234462976455688,-1.763990879058838,-0.7393585443496704,2.1566975116729736,-0.879246711730957
0.13511922955513,0.7627147436141968,0.9574669599533081,-1.8235399723052979,-0.7548722624778748,2.172224521636963,-0.855568528175354
0.07448800653219223,0.7479262351989746,0.9939834475517273,-1.8803843259811401,-0.7722720503807068,2.18538761138916,-0.8318904042243958
0.011766435578465462,0.7364282608032227,1.032693862915039,-1.9347941875457764,-0.7914581894874573,2.196207046508789,-0.8082123398780823
-0.052891142666339874,0.7283076643943787,1.073279857635498,-1.986983060836792,-0.8123798966407776,2.204648494720459,-0.7845341563224792
-0.11927727609872818,0.7237100005149841,1.1154001951217651,-2.0371224880218506,-0.8350304365158081,2.2106189727783203,-0.760856032371521
-0.18712398409843445,0.722836971282959,1.1586756706237793,-2.0853490829467773,-0.8594352006912231,2.2139687538146973,-0.7371779084205627
-0.25610584020614624,0.7259525060653687,1.2026875019073486,-2.1317710876464844,-0.8856531381607056,2.2144827842712402,-0.7134997844696045
-0.3258530795574188,0.7333948612213135,1.2469890117645264,-2.17647385597229,-0.9137773513793945,2.2118632793426514,-0.6898216605186462
-0.3959512412548065,0.7455913424491882,1.2911046743392944,-2.2195231914520264,-0.943934440612793,2.2057156562805176,-0.666143536567688
-0.38953834772109985,0.7383918762207031,1.2831218242645264,-2.215681552886963,-0.9351229071617126,2.2107644081115723,-0.6478449106216431
-0.3830137252807617,0.7313485145568848,1.2750508785247803,-2.2118210792541504,-0.9263355731964111,2.2156736850738525,-0.6295462846755981
-0.37637776136398315,0.7244572043418884,1.2668908834457397,-2.2079410552978516,-0.9175701141357422,2.220447063446045,-0.6112476587295532
-0.36962801218032837,0.7177144289016724,1.2586383819580078,-2.2040421962738037,-0.9088255763053894,2.2250895500183105,-0.5929490327835083
-0.362766832113266,0.7111170887947083,1.250294804573059,-2.2001237869262695,-0.9001009464263916,2.229602813720703,-0.5746504068374634
-0.35579243302345276,0.7046623826026917,1.2418575286865234,-2.196185827255249,-0.8913946151733398,2.2339909076690674,-0.5563517808914185
-0.3487042486667633,0.6983460187911987,1.2333250045776367,-2.192228317260742,-0.8827048540115356,2.238257646560669,-0.5380531549453735
-0.3415023684501648,0.6921671628952026,1.2246966361999512,-2.1882505416870117,-0.8740310072898865,2.2424049377441406,-0.5197545289993286
-0.33418700098991394,0.6861217021942139,1.2159719467163086,-2.1842527389526367,-0.8653725385665894,2.2464358806610107,-0.5014559030532837
-0.3267573416233063,0.6802082657814026,1.2071491479873657,-2.180234432220459,-0.8567273616790771,2.2503530979156494,-0.48315727710723877
-0.31921350955963135,0.6744230389595032,1.1982274055480957,-2.1761960983276367,-0.848095178604126,2.254159927368164,-0.46485865116119385
-0.31155532598495483,0.6687658429145813,1.1892061233520508,-2.1721365451812744,-0.8394750356674194,2.25785756111145,-0.44655999541282654
-0.30378231406211853,0.6632330417633057,1.180083990097046,-2.1680564880371094,-0.8308658003807068,2.2614493370056152,-0.428261399269104
-0.2958937883377075,0.6578234434127808,1.1708598136901855,-2.1639552116394043,-0.8222661018371582,2.26493763923645,-0.4099627733230591
-0.2878914773464203,0.6525352597236633,1.1615345478057861,-2.159832715988159,-0.8136768937110901,2.2683236598968506,-0.3916641175746918
-0.2797735333442688,0.6473661661148071,1.152105689048767,-2.155688762664795,-0.8050954341888428,2.2716100215911865,-0.37336552143096924
-0.2715408504009247,0.642314612865448,1.1425731182098389,-2.1515231132507324,-0.7965205907821655,2.27479887008667,-0.3550668954849243
-0.26319316029548645,0.6373795866966248,1.132936716079712,-2.147336006164551,-0.7879540324211121,2.2778918743133545,-0.336768239736557
-0.254731148481369,0.632559597492218,1.123195767402649,-2.1431264877319336,-0.7793927192687988,2.280890464782715,-0.3184696435928345
-0.2461526244878769,0.6278525590896606,1.1133480072021484,-2.138894557952881,-0.7708369493484497,2.2837977409362793,-0.30017098784446716
-0.23746129870414734,0.623258113861084,1.1033961772918701,-2.1346404552459717,-0.7622859477996826,2.2866134643554688,-0.28187236189842224
-0.2286537140607834,0.6187747716903687,1.093336582183838,-2.1303634643554688,-0.7537389397621155,2.2893409729003906,-0.2635737657546997
-0.21973367035388947,0.6144013404846191,1.08317232131958,-2.126063823699951,-0.7451950907707214,2.291980504989624,-0.2452751249074936
-0.2106991857290268,0.6101372241973877,1.0729007720947266,-2.1217410564422607,-0.7366544008255005,2.2945337295532227,-0.22697646915912628
-0.20155085623264313,0.6059805750846863,1.0625221729278564,-2.1173949241638184,-0.7281156778335571,2.2970030307769775,-0.20867785811424255
-0.19228990375995636,0.6019314527511597,1.0520368814468384,-2.113025188446045,-0.7195780873298645,2.2993884086608887,-0.19037923216819763
-0.18291707336902618,0.5979884266853333,1.0414453744888306,-2.1086318492889404,-0.7110421061515808,2.301691770553589,-0.1720806062221527
-0.17343194782733917,0.5941509008407593,1.0307464599609375,-2.104214668273926,-0.7025060653686523,2.3039145469665527,-0.15378199517726898
-0.16383607685565948,0.5904183983802795,1.0199415683746338,-2.0997729301452637,-0.6939703822135925,2.3060574531555176,-0.13548333942890167
-0.15412797033786774,0.5867894887924194,1.0090281963348389,-2.095306873321533,-0.6854330897331238,2.3081226348876953,-0.11718471348285675
-0.1443118304014206,0.5832645893096924,0.9980103373527527,-2.0908162593841553,-0.676895022392273,2.310109853744507,-0.09888605773448944
-0.13438725471496582,0.5798425078392029,0.986886739730835,-2.0863006114959717,-0.6683549880981445,2.3120205402374268,-0.0805874839425087
-0.12435390800237656,0.5765231847763062,0.9756569862365723,-2.0817599296569824,-0.6598128080368042,2.3138558864593506,-0.062288857996463776
-0.11421378701925278,0.5733055472373962,0.9643221497535706,-2.0771937370300293,-0.6512666344642639,2.315617084503174,-0.04399023577570915
-0.10396852344274521,0.5701900124549866,0.9528836011886597,-2.072601795196533,-0.6427178382873535,2.3173046112060547,-0.025691580027341843
-0.09361923485994339,0.5671754479408264,0.9413418769836426,-2.067984104156494,-0.6341655254364014,2.3189191818237305,-0.00739295594394207
-0.08316598832607269,0.5642619729042053,0.9296965599060059,-2.063340187072754,-0.6256078481674194,2.320462226867676,0.010905698873102665
-0.07261179387569427,0.5614491105079651,0.9179501533508301,-2.0586702823638916,-0.6170459985733032,2.3219339847564697,0.029204273596405983
-0.06195685267448425,0.5587367415428162,0.9061022400856018,-2.0539731979370117,-0.6084778308868408,2.323335647583008,0.047502897679805756
-0.05120352283120155,0.5561244487762451,0.8941545486450195,-2.0492494106292725,-0.5999045372009277,2.3246676921844482,0.06580155342817307
-0.0403527095913887,0.5536123514175415,0.882107675075531,-2.0444984436035156,-0.5913240909576416,2.3259310722351074,0.08410017937421799
-0.029408344998955727,0.5511995553970337,0.8699650764465332,-2.039720296859741,-0.5827372670173645,2.3271255493164062,0.10239880532026291
-0.018369199708104134,0.5488871932029724,0.8577247262001038,-2.034914016723633,-0.5741422772407532,2.3282527923583984,0.12069745361804962
-0.007238257210701704,0.5466741323471069,0.8453896045684814,-2.0300798416137695,-0.5655397176742554,2.329313039779663,0.13899603486061096
0.003980649169534445,0.5445606708526611,0.8329623341560364,-2.025217294692993,-0.5569294095039368,2.3303065299987793,0.15729469060897827
0.015287826769053936,0.5425465703010559,0.8204426765441895,-2.0203261375427246,-0.5483091473579407,2.3312339782714844,0.1755932867527008
0.026679344475269318,0.5406322479248047,0.8078336119651794,-2.0154058933258057,-0.5396801233291626,2.3320956230163574,0.19389194250106812
0.038154423236846924,0.5388174057006836,0.7951355576515198,-2.0104570388793945,-0.5310405492782593,2.332892894744873,0.21219059824943542
0.04970933124423027,0.5371020436286926,0.7823516130447388,-2.0054783821105957,-0.5223915576934814,2.333625078201294,0.23048916459083557
0.061341822147369385,0.5354859232902527,0.7694835066795349,-2.000469923019409,-0.513730525970459,2.3342928886413574,0.24878782033920288
0.07305070012807846,0.5339697003364563,0.7565319538116455,-1.9954315423965454,-0.505058228969574,2.334897518157959,0.2670864164829254
0.08483149111270905,0.5325530171394348,0.7435008883476257,-1.9903626441955566,-0.4963744580745697,2.3354382514953613,0.2853850722312927
0.0966816395521164,0.5312360525131226,0.7303921580314636,-1.9852628707885742,-0.48767751455307007,2.3359153270721436,0.30368372797966003
0.10859958827495575,0.5300191640853882,0.7172067761421204,-1.980131983757019,-0.47896817326545715,2.336329936981201,0.32198232412338257
0.12058211863040924,0.5289021730422974,0.7039473652839661,-1.9749699831008911,-0.4702451825141907,2.336682081222534,0.3402809798717499
0.1326245814561844,0.527884840965271,0.6906179785728455,-1.9697761535644531,-0.46150827407836914,2.3369712829589844,0.35857954621315
0.14472636580467224,0.5269683599472046,0.6772188544273376,-1.964550256729126,-0.45275646448135376,2.337198495864868,0.3768782913684845
0.1568826138973236,0.5261520743370056,0.663753867149353,-1.9592918157577515,-0.44398969411849976,2.3373637199401855,0.39517685770988464
0.16909107565879822,0.5254364609718323,0.6502249836921692,-1.9540005922317505,-0.435207337141037,2.3374671936035156,0.4134754240512848
0.18134810030460358,0.5248207449913025,0.636634886264801,-1.9486762285232544,-0.42640820145606995,2.3375086784362793,0.4317741096019745
0.1936517357826233,0.5243068337440491,0.6229852437973022,-1.943318486213684,-0.41759252548217773,2.337489128112793,0.45007267594337463
0.20599666237831116,0.5238932967185974,0.6092804670333862,-1.9379267692565918,-0.4087592661380768,2.3374075889587402,0.4683714210987091
0.21838034689426422,0.5235813856124878,0.5955224633216858,-1.9325007200241089,-0.3999076187610626,2.3372645378112793,0.48666998744010925
0.23079952597618103,0.5233704447746277,0.581713855266571,-1.9270401000976562,-0.3910377025604248,2.33705997467041,0.5049685835838318
0.24325183033943176,0.5232613682746887,0.5678562521934509,-1.9215444326400757,-0.38214799761772156,2.336794853210449,0.5232672691345215
0.25573188066482544,0.5232542157173157,0.5539543032646179,-1.9160131216049194,-0.3732382655143738,2.336467742919922,0.5415658354759216
0.26823690533638,0.5233484506607056,0.5400101542472839,-1.9104461669921875,-0.3643079102039337,2.3360791206359863,0.5598645210266113
0.2807650566101074,0.5235456228256226,0.5260249972343445,-1.9048428535461426,-0.3553560972213745,2.335629463195801,0.5781630873680115
0.29331082105636597,0.5238454341888428,0.5120035409927368,-1.8992027044296265,-0.346382737159729,2.335118055343628,0.5964617133140564
0.3058706521987915,0.5242468118667603,0.49794837832450867,-1.89352548122406,-0.33738642930984497,2.3345446586608887,0.6147603988647461
0.31844204664230347,0.5247520208358765,0.4838612675666809,-1.8878107070922852,-0.3283664286136627,2.333909749984741,0.6330589652061462
0.33102208375930786,0.5253601670265198,0.469744473695755,-1.882057547569275,-0.31932204961776733,2.3332128524780273,0.6513576507568359
0.3436059057712555,0.5260717272758484,0.45560193061828613,-1.8762661218643188,-0.3102525472640991,2.332453727722168,0.6696562170982361
0.3561905324459076,0.5268867611885071,0.4414358139038086,-1.8704355955123901,-0.3011576235294342,2.331632137298584,0.6879549622535706
0.3687726557254791,0.527805745601654,0.4272485673427582,-1.8645656108856201,-0.292036235332489,2.3307480812072754,0.7062535285949707
0.3813492953777313,0.5288289189338684,0.41304224729537964,-1.858655571937561,-0.2828867733478546,2.329801082611084,0.7245520949363708
0.3939163088798523,0.529956042766571,0.3988180458545685,-1.8527051210403442,-0.27370956540107727,2.3287906646728516,0.7428507804870605
0.4064710736274719,0.5311883687973022,0.3845818042755127,-1.846713662147522,-0.26450276374816895,2.3277175426483154,0.7611493468284607
0.4190094470977783,0.5325256586074829,0.37033456563949585,-1.840680718421936,-0.25526589155197144,2.3265798091888428,0.7794480919837952
0.43152913451194763,0.533967912197113,0.3560775816440582,-1.8346055746078491,-0.24599815905094147,2.325377941131592,0.7977466583251953
0.44402703642845154,0.5355159044265747,0.3418129086494446,-1.8284881114959717,-0.23669813573360443,2.3241124153137207,0.8160452246665955
0.45649901032447815,0.5371696352958679,0.32754382491111755,-1.8223270177841187,-0.2273653745651245,2.3227806091308594,0.8343439102172852
0.4689429700374603,0.5389300584793091,0.3132708966732025,-1.8161224126815796,-0.21799790859222412,2.3213839530944824,0.8526424765586853
0.4813556373119354,0.5407967567443848,0.29899683594703674,-1.8098732233047485,-0.20859554409980774,2.3199210166931152,0.870941162109375
0.49373412132263184,0.5427706241607666,0.2847229242324829,-1.8035789728164673,-0.19915714859962463,2.3183913230895996,0.8892397880554199
0.5060751438140869,0.5448517799377441,0.27045145630836487,-1.7972394227981567,-0.18968135118484497,2.3167948722839355,0.9075384736061096
0.518376886844635,0.5470410585403442,0.25618284940719604,-1.7908533811569214,-0.18016672134399414,2.3151304721832275,0.925836980342865
0.5306360721588135,0.5493383407592773,0.24191944301128387,-1.7844207286834717,-0.17061243951320648,2.3133978843688965,0.9441356062889099
0.5428505539894104,0.5517445802688599,0.22766157984733582,-1.777940034866333,-0.16101692616939545,2.311596632003784,0.9624342918395996
0.5550168752670288,0.5542594790458679,0.21341179311275482,-1.771411657333374,-0.15137894451618195,2.309725522994995,0.9807329177856445
0.5671342015266418,0.5568844079971313,0.19916920363903046,-1.7648340463638306,-0.1416967809200287,2.30778431892395,0.9990316033363342
0.5791987180709839,0.559619665145874,0.18493646383285522,-1.7582066059112549,-0.13196983933448792,2.305771589279175,1.0173300504684448
0.5912086963653564,0.562465488910675,0.17071352899074554,-1.7515289783477783,-0.12219581007957458,2.3036866188049316,1.0356286764144897
0.6031615734100342,0.5654231309890747,0.15650157630443573,-1.7447998523712158,-0.11237415671348572,2.3015286922454834,1.0539274215698242
0.6150566935539246,0.568492591381073,0.14229941368103027,-1.7380189895629883,-0.10250211507081985,2.299297332763672,1.0722260475158691
0.6268908381462097,0.5716750025749207,0.12810872495174408,-1.7311851978302002,-0.09257842600345612,2.2969911098480225,1.090524673461914
0.6386622786521912,0.5749706029891968,0.11392945051193237,-1.7242978811264038,-0.08260182291269302,2.2946090698242188,1.1088231801986694
0.6503697037696838,0.5783815383911133,0.09976105391979218,-1.7173559665679932,-0.07257018983364105,2.2921509742736816,1.127121925354004
0.662010908126831,0.5819066166877747,0.08560403436422348,-1.7103588581085205,-0.062481366097927094,2.289614200592041,1.1454205513000488
0.6735846996307373,0.5855484008789062,0.0714573860168457,-1.7033052444458008,-0.05233394727110863,2.286998748779297,1.1637191772460938
0.6850861310958862,0.5893072485923767,0.057324472814798355,-1.6961942911148071,-0.04212813451886177,2.2843024730682373,1.1820178031921387
0.696521520614624,0.593183696269989,0.04319588094949722,-1.6890254020690918,-0.0318557545542717,2.2815258502960205,1.200316309928894
0.7078843712806702,0.5971788763999939,0.029076537117362022,-1.6817973852157593,-0.02151881903409958,2.278665542602539,1.218615174293518
0.7191745042800903,0.6012949347496033,0.014964069239795208,-1.674509048461914,-0.011114058084785938,2.2757210731506348,1.2369136810302734
0.7303905487060547,0.605532169342041,0.0008575075771659613,-1.6671596765518188,-0.0006389500922523439,2.272691488265991,1.2552123069763184
0.7415316700935364,0.6098925471305847,-0.01324475184082985,-1.6597477197647095,0.009908322244882584,2.2695744037628174,1.2735109329223633
0.7525962591171265,0.6143763661384583,-0.027343925088644028,-1.6522722244262695,0.02053147368133068,2.2663686275482178,1.2918095588684082
0.7635844349861145,0.6189857125282288,-0.04144281893968582,-1.6447324752807617,0.031232262030243874,2.2630727291107178,1.3101081848144531
0.7744938731193542,0.6237223148345947,-0.05554190278053284,-1.6371266841888428,0.04201403260231018,2.2596843242645264,1.328406810760498
0.7851244211196899,0.6079972982406616,-0.0780179426074028,-1.6652997732162476,0.05825318396091461,2.2710328102111816,1.2994076013565063
0.7958173751831055,0.5929501056671143,-0.10028089582920074,-1.6925694942474365,0.0739026889204979,2.2818357944488525,1.270408272743225
0.8065694570541382,0.578540027141571,-0.1223747655749321,-1.7189877033233643,0.08900504559278488,2.2921290397644043,1.2414090633392334
0.817376434803009,0.5647332668304443,-0.1443375051021576,-1.7445998191833496,0.10359667241573334,2.301945209503174,1.2124098539352417
0.8282334208488464,0.5514988899230957,-0.16620048880577087,-1.7694461345672607,0.11770913004875183,2.3113131523132324,1.1834105253219604
0.8391395807266235,0.538809597492218,-0.18799662590026855,-1.7935621738433838,0.13137385249137878,2.320258617401123,1.1544113159179688
0.8500786423683167,0.5266417860984802,-0.20973779261112213,-1.8169790506362915,0.1446082592010498,2.328805685043335,1.125412106513977
0.8610484600067139,0.514972448348999,-0.2314482033252716,-1.8397256135940552,0.157437264919281,2.336975336074829,1.0964128971099854
0.8720390796661377,0.5037822127342224,-0.2531417906284332,-1.8618271350860596,0.16987822949886322,2.344787120819092,1.067413568496704
0.8830405473709106,0.49305403232574463,-0.2748302221298218,-1.8833050727844238,0.18194757401943207,2.3522579669952393,1.0384143590927124
0.8940412402153015,0.48277172446250916,-0.2965207099914551,-1.904180884361267,0.1936611384153366,2.359405994415283,1.0094151496887207
0.9050285816192627,0.4729207158088684,-0.31821876764297485,-1.9244716167449951,0.205030620098114,2.366244077682495,0.9804158806800842
0.9159890413284302,0.4634873867034912,-0.33992740511894226,-1.944193720817566,0.21606843173503876,2.372786045074463,0.9514166116714478
0.9269058108329773,0.45445966720581055,-0.36164429783821106,-1.9633618593215942,0.22678431868553162,2.3790459632873535,0.9224173426628113
0.9377620816230774,0.4458266496658325,-0.38336634635925293,-1.981988549232483,0.2371882051229477,2.3850340843200684,0.8934180736541748
0.9485384821891785,0.4375777840614319,-0.40508711338043213,-2.0000858306884766,0.2472890019416809,2.3907618522644043,0.8644188642501831
0.9592145085334778,0.4297031760215759,-0.4267972409725189,-2.0176634788513184,0.2570939362049103,2.3962392807006836,0.8354195952415466
0.9697670936584473,0.42219462990760803,-0.44848471879959106,-2.034731149673462,0.2666109800338745,2.401475667953491,0.8064203858375549
0.9801738858222961,0.415041983127594,-0.4701366126537323,-2.0512967109680176,0.2758471667766571,2.4064788818359375,0.7774211168289185
0.9904069304466248,0.4082391560077667,-0.4917340576648712,-2.0673670768737793,0.28480738401412964,2.4112582206726074,0.748421847820282
1.0004398822784424,0.40177688002586365,-0.5132590532302856,-2.082949161529541,0.29349955916404724,2.415820360183716,0.7194226384162903
1.0102438926696777,0.3956484794616699,-0.5346906781196594,-2.0980477333068848,0.30192795395851135,2.4201719760894775,0.6904233694076538
1.0197877883911133,0.38984692096710205,-0.5560021996498108,-2.112668514251709,0.31009888648986816,2.4243202209472656,0.6614241600036621
1.0290412902832031,0.384365051984787,-0.5771733522415161,-2.126814365386963,0.31801837682724,2.428269863128662,0.6324248909950256
1.037968635559082,0.37919721007347107,-0.5981722474098206,-2.140488624572754,0.3256911337375641,2.432027578353882,0.6034256815910339
1.04653799533844,0.37433555722236633,-0.6189718842506409,-2.153695583343506,0.3331226408481598,2.4355978965759277,0.5744264125823975
1.0547131299972534,0.3697746694087982,-0.6395403146743774,-2.1664364337921143,0.3403182029724121,2.43898606300354,0.545427143573761
1.062459945678711,0.3655078113079071,-0.659847617149353,-2.178713083267212,0.3472835421562195,2.4421956539154053,0.5164279341697693
1.0697399377822876,0.3615293800830841,-0.6798580884933472,-2.1905269622802734,0.35402438044548035,2.4452309608459473,0.4874286949634552
1.076518177986145,0.3578329384326935,-0.6995396018028259,-2.2018790245056152,0.3605461120605469,2.4480957984924316,0.45842939615249634
1.082759141921997,0.35441336035728455,-0.7188583612442017,-2.2127695083618164,0.3668547570705414,2.4507930278778076,0.42943015694618225
1.0884253978729248,0.3512648344039917,-0.7377790808677673,-2.2231991291046143,0.37295687198638916,2.4533257484436035,0.40043094754219055
1.0934841632843018,0.34838172793388367,-0.7562692761421204,-2.2331671714782715,0.3788587152957916,2.4556961059570312,0.3714316487312317
1.0978991985321045,0.34575900435447693,-0.7742934823036194,-2.242673635482788,0.3845667541027069,2.457906723022461,0.34243243932724
1.1016379594802856,0.3433910310268402,-0.7918186783790588,-2.2517175674438477,0.39008840918540955,2.4599595069885254,0.3134332001209259
1.1046682596206665,0.34127360582351685,-0.8088119029998779,-2.260298252105713,0.3954308032989502,2.4618563652038574,0.28443390130996704
1.106960654258728,0.3394026458263397,-0.8252425193786621,-2.268414258956909,0.4006015658378601,2.4635982513427734,0.25543469190597534
1.1084880828857422,0.33777326345443726,-0.8410816788673401,-2.276064395904541,0.4056091010570526,2.46518611907959,0.22643546760082245
1.1092251539230347,0.3363819718360901,-0.8563016057014465,-2.283247470855713,0.4104616940021515,2.4666202068328857,0.19743624329566956
1.1091480255126953,0.3352254033088684,-0.8708756566047668,-2.289961576461792,0.4151684045791626,2.4679017066955566,0.1684369444847107
1.1082361936569214,0.3343009054660797,-0.8847798705101013,-2.2962050437927246,0.419738233089447,2.4690301418304443,0.139437735080719
1.1064740419387817,0.33360642194747925,-0.897994875907898,-2.301976203918457,0.4241810441017151,2.4700050354003906,0.1104385107755661
1.1038459539413452,0.3331397771835327,-0.9105008244514465,-2.3072733879089355,0.42850685119628906,2.4708261489868164,0.08143920451402664
1.1003425121307373,0.3329000174999237,-0.9222835302352905,-2.312094211578369,0.43272653222084045,2.471491813659668,0.05243998020887375
1.0959550142288208,0.33288654685020447,-0.9333293437957764,-2.316437244415283,0.4368506669998169,2.472001314163208,0.0234407689422369
1.0906798839569092,0.3330993354320526,-0.9436288475990295,-2.320300579071045,0.4408904016017914,2.472353219985962,-0.005558538716286421
1.0845177173614502,0.33353909850120544,-0.9531769752502441,-2.3236818313598633,0.44485750794410706,2.4725451469421387,-0.0345577597618103
1.077472448348999,0.3342077136039734,-0.961971640586853,-2.3265795707702637,0.4487646818161011,2.472574472427368,-0.0635569766163826
1.0695500373840332,0.33510783314704895,-0.9700123071670532,-2.3289921283721924,0.4526234269142151,2.4724392890930176,-0.09255628287792206
1.0607621669769287,0.33624160289764404,-0.9773034453392029,-2.3309175968170166,0.4564470648765564,2.4721362590789795,-0.12155549973249435
1.0897674560546875,0.3360677659511566,-1.0037583112716675,-2.342010974884033,0.46570178866386414,2.4735450744628906,-0.10288164764642715
1.1188132762908936,0.3361518085002899,-1.0301952362060547,-2.3530406951904297,0.474976122379303,2.474848508834839,-0.08420778810977936
1.1478657722473145,0.3364945948123932,-1.0565807819366455,-2.3640084266662598,0.4842713475227356,2.4760451316833496,-0.06553393602371216
1.1768872737884521,0.3370979130268097,-1.082876443862915,-2.3749141693115234,0.49358946084976196,2.4771337509155273,-0.04686007648706436
1.2058441638946533,0.3379633128643036,-1.109048843383789,-2.3857593536376953,0.5029317736625671,2.4781129360198975,-0.02818622812628746
1.2347028255462646,0.3390917181968689,-1.135063648223877,-2.396545171737671,0.5123000144958496,2.478980779647827,-0.009512373246252537
1.2634272575378418,0.3404836058616638,-1.1608850955963135,-2.4072718620300293,0.5216954350471497,2.4797356128692627,0.009161490015685558
1.2919858694076538,0.34214022755622864,-1.1864804029464722,-2.417940616607666,0.5311203002929688,2.480374813079834,0.027835344895720482
1.3203468322753906,0.3440611660480499,-1.211817979812622,-2.4285526275634766,0.5405763983726501,2.480896472930908,0.04650919884443283
1.3484779596328735,0.34624728560447693,-1.236864447593689,-2.439107894897461,0.550064742565155,2.4812984466552734,0.06518304347991943
1.3763495683670044,0.3486979603767395,-1.2615900039672852,-2.4496076107025146,0.5595873594284058,2.4815785884857178,0.08385691046714783
1.4039353132247925,0.35141411423683167,-1.2859675884246826,-2.460052490234375,0.5691459774971008,2.4817333221435547,0.10253075510263443
1.4312077760696411,0.35439446568489075,-1.309969186782837,-2.4704432487487793,0.5787423849105835,2.4817605018615723,0.12120461463928223
1.458143711090088,0.3576390743255615,-1.3335705995559692,-2.4807803630828857,0.5883784890174866,2.481657028198242,0.13987848162651062
1.4847211837768555,0.3611474931240082,-1.3567489385604858,-2.4910647869110107,0.5980555415153503,2.481419563293457,0.15855231881141663
1.5109175443649292,0.364920049905777,-1.3794809579849243,-2.5012969970703125,0.607776403427124,2.4810447692871094,0.17722618579864502
1.5367180109024048,0.3689562678337097,-1.4017508029937744,-2.511477470397949,0.6175419092178345,2.4805285930633545,0.19590003788471222
1.5621066093444824,0.3732565939426422,-1.423541784286499,-2.521606922149658,0.6273553967475891,2.4798662662506104,0.21457388997077942
1.5870658159255981,0.37781956791877747,-1.444834589958191,-2.531686305999756,0.63721764087677,2.479055881500244,0.23324772715568542
1.6115840673446655,0.3826464116573334,-1.4656171798706055,-2.541715145111084,0.6471309065818787,2.4780914783477783,0.2519215941429138
1.6356524229049683,0.38773682713508606,-1.4858789443969727,-2.5516953468322754,0.6570973992347717,2.4769694805145264,0.2705954611301422
1.6592636108398438,0.3930922746658325,-1.5056118965148926,-2.561626434326172,0.6671196222305298,2.4756827354431152,0.2892693281173706
1.6824065446853638,0.3987123668193817,-1.524802565574646,-2.57150936126709,0.6771987080574036,2.474228620529175,0.3079431354999542
1.7050800323486328,0.40460020303726196,-1.5434489250183105,-2.5813441276550293,0.6873381733894348,2.4725992679595947,0.3266170024871826
1.7272788286209106,0.4107555150985718,-1.5615438222885132,-2.5911316871643066,0.6975404620170593,2.4707891941070557,0.345290869474411
1.7490005493164062,0.41718167066574097,-1.5790836811065674,-2.600872278213501,0.7078070640563965,2.468792200088501,0.3639647364616394
1.7702440023422241,0.4238802194595337,-1.5960650444030762,-2.6105661392211914,0.7181409597396851,2.4666013717651367,0.3826385736465454
1.7910093069076538,0.4308539032936096,-1.6124862432479858,-2.6202144622802734,0.7285439372062683,2.464210033416748,0.4013124704360962
1.8112983703613281,0.43810778856277466,-1.628347396850586,-2.6298165321350098,0.7390202283859253,2.461608409881592,0.4199862778186798
1.831110954284668,0.4456442594528198,-1.6436461210250854,-2.6393728256225586,0.7495721578598022,2.458789825439453,0.4386601448059082
1.8504531383514404,0.45346975326538086,-1.6583858728408813,-2.6488845348358154,0.7602025866508484,2.4557437896728516,0.4573339819908142
1.869326114654541,0.4615885019302368,-1.6725659370422363,-2.658351421356201,0.7709150910377502,2.4524617195129395,0.476007878780365
1.887734293937683,0.4700067937374115,-1.6861878633499146,-2.667773723602295,0.7817112803459167,2.4489333629608154,0.4946817457675934
1.905683159828186,0.4787318706512451,-1.6992545127868652,-2.677152156829834,0.7925958633422852,2.4451475143432617,0.513355553150177
1.9231770038604736,0.4877717196941376,-1.7117670774459839,-2.6864867210388184,0.8035723567008972,2.4410922527313232,0.532029390335083
1.9402211904525757,0.4971351623535156,-1.7237285375595093,-2.695777177810669,0.8146445155143738,2.4367542266845703,0.5507032871246338
1.9568207263946533,0.506831705570221,-1.735140085220337,-2.705024242401123,0.8258156180381775,2.4321208000183105,0.5693771243095398
1.930060863494873,0.49574658274650574,-1.7521593570709229,-2.713798999786377,0.8127251863479614,2.4414501190185547,0.5567414164543152
1.899114727973938,0.48441699147224426,-1.7663846015930176,-2.720158100128174,0.7989563941955566,2.450411319732666,0.5441056489944458
1.863760232925415,0.4729428291320801,-1.7773675918579102,-2.7240443229675293,0.784743070602417,2.4588756561279297,0.5314699411392212
1.8237742185592651,0.4614475667476654,-1.7846347093582153,-2.7254133224487305,0.7703413963317871,2.466707706451416,0.5188342332839966
1.7789329290390015,0.4500756859779358,-1.7876956462860107,-2.7242326736450195,0.7560190558433533,2.473775863647461,0.506198525428772
1.7290294170379639,0.43899697065353394,-1.7860705852508545,-2.7204840183258057,0.7420512437820435,2.4799509048461914,0.4935627579689026
1.6738883256912231,0.4284128248691559,-1.7793140411376953,-2.7141637802124023,0.728712260723114,2.485107183456421,0.480927050113678
1.6133875846862793,0.4185529053211212,-1.7670464515686035,-2.7052817344665527,0.7162675261497498,2.4891276359558105,0.468291312456131
1.5474927425384521,0.4096803665161133,-1.7489957809448242,-2.6938610076904297,0.7049689292907715,2.4919002056121826,0.455655574798584
1.4762928485870361,0.40208566188812256,-1.7250441312789917,-2.6799352169036865,0.6950482130050659,2.4933228492736816,0.4430198669433594
1.4000505208969116,0.39608901739120483,-1.6952800750732422,-2.663546323776245,0.6867145299911499,2.4932966232299805,0.4303841292858124
1.3192403316497803,0.39202404022216797,-1.660042405128479,-2.6447439193725586,0.680152416229248,2.491731882095337,0.41774842143058777
1.2345855236053467,0.3902316391468048,-1.6199581623077393,-2.623581886291504,0.6755215525627136,2.488541603088379,0.40511268377304077
1.147059679031372,0.3910445272922516,-1.5759468078613281,-2.600114345550537,0.6729609966278076,2.483640193939209,0.39247697591781616
1.0578649044036865,0.3947708010673523,-1.5291961431503296,-2.5743956565856934,0.6725876927375793,2.476942300796509,0.37984123826026917
0.9683507680892944,0.4016823470592499,-1.481081247329712,-2.546476364135742,0.6745070219039917,2.468358039855957,0.36720550060272217
0.8799216747283936,0.41200464963912964,-1.4330695867538452,-2.5164027214050293,0.6788149476051331,2.457789659500122,0.35456979274749756
0.793910801410675,0.42591592669487,-1.3865962028503418,-2.484212636947632,0.68560391664505,2.4451286792755127,0.34193405508995056
0.7114832401275635,0.4435564875602722,-1.3429646492004395,-2.4499361515045166,0.6949732303619385,2.4302473068237305,0.32929834723472595
0.6335596442222595,0.46504271030426025,-1.303274393081665,-2.41359281539917,0.7070364952087402,2.412994146347046,0.31666260957717896
0.5607776641845703,0.49048545956611633,-1.2683839797973633,-2.375189781188965,0.7219294905662537,2.3931884765625,0.30402687191963196
0.49350714683532715,0.5200200080871582,-1.2389341592788696,-2.334721326828003,0.7398291826248169,2.370605230331421,0.29139116406440735
0.4318784177303314,0.5538325905799866,-1.2153860330581665,-2.292165517807007,0.7609632015228271,2.3449625968933105,0.27875542640686035
0.3758329451084137,0.592193067073822,-1.1980880498886108,-2.247483968734741,0.7856389284133911,2.3159027099609375,0.26611971855163574
0.32516640424728394,0.6354988813400269,-1.1873520612716675,-2.200617790222168,0.8142738342285156,2.2829606533050537,0.25348398089408875
0.27957746386528015,0.684330403804779,-1.1835389137268066,-2.1514859199523926,0.8474459052085876,2.245518207550049,0.24084825813770294
0.23870065808296204,0.739546000957489,-1.1871702671051025,-2.099979877471924,0.8859818577766418,2.2027251720428467,0.22821253538131714
0.2120271921157837,0.7067664265632629,-1.1507110595703125,-2.093855142593384,0.8446695804595947,2.2259838581085205,0.22622889280319214
0.18360717594623566,0.6767406463623047,-1.1132124662399292,-2.0874791145324707,0.8041201829910278,2.246803045272827,0.22424525022506714
0.1533905565738678,0.6491935849189758,-1.0745127201080322,-2.080845355987549,0.7641957998275757,2.265455484390259,0.22226160764694214
0.12132175266742706,0.6239084601402283,-1.0344654321670532,-2.073945999145508,0.7247839570045471,2.2821645736694336,0.22027796506881714
0.08735258877277374,0.6007166504859924,-0.9929453134536743,-2.0667741298675537,0.6857923865318298,2.2971127033233643,0.21829432249069214
0.05143953487277031,0.5794849395751953,-0.9498422741889954,-2.0593228340148926,0.647144079208374,2.3104522228240967,0.21631067991256714
0.01355303730815649,0.5601106882095337,-0.9050692915916443,-2.0515847206115723,0.6087732911109924,2.3223085403442383,0.21432703733444214
-0.026324722915887833,0.5425169467926025,-0.8585569262504578,-2.0435519218444824,0.5706225037574768,2.332789182662964,0.21234339475631714
-0.06818778812885284,0.526644766330719,-0.8102639317512512,-2.035217523574829,0.5326426029205322,2.341982364654541,0.21035975217819214
-0.11201006174087524,0.512454628944397,-0.7601736187934875,-2.026573896408081,0.49478867650032043,2.349963665008545,0.20837610960006714
-0.15773849189281464,0.4999190866947174,-0.70829838514328,-2.017613410949707,0.45701879262924194,2.356797218322754,0.20639246702194214
-0.20528358221054077,0.4890235662460327,-0.6546894907951355,-2.0083281993865967,0.41929662227630615,2.362534761428833,0.20440882444381714
-0.25452637672424316,0.4797603189945221,-0.5994282960891724,-1.9987108707427979,0.38158565759658813,2.367220401763916,0.20242518186569214
-0.30530843138694763,0.47213098406791687,-0.5426375269889832,-1.988752841949463,0.3438527584075928,2.3708887100219727,0.20044153928756714
-0.3574380874633789,0.4661405384540558,-0.4844730496406555,-1.97844660282135,0.3060649037361145,2.373568296432495,0.19845789670944214
-0.4106893837451935,0.46179667115211487,-0.4251244366168976,-1.9677834510803223,0.26818883419036865,2.3752803802490234,0.19647425413131714
-0.46480852365493774,0.4591100215911865,-0.36480939388275146,-1.95675528049469,0.2301916629076004,2.376039505004883,0.19449061155319214
-0.519517183303833,0.45808881521224976,-0.3037690818309784,-1.945353388786316,0.19204017519950867,2.3758544921875,0.19250696897506714
-0.5745230913162231,0.4587424397468567,-0.24225667119026184,-1.9335687160491943,0.1536996066570282,2.374727249145508,0.19052332639694214
-0.6295315027236938,0.4610781967639923,-0.1805264949798584,-1.9213920831680298,0.11513230949640274,2.372655153274536,0.18853968381881714
-0.6842499375343323,0.4651023745536804,-0.11882801353931427,-1.9088143110275269,0.07629957050085068,2.3696298599243164,0.18655604124069214
-0.7384008169174194,0.4708205461502075,-0.05739321559667587,-1.8958253860473633,0.0371590256690979,2.3656349182128906,0.18457239866256714
-0.7917279005050659,0.4782385230064392,0.003571104956790805,-1.8824150562286377,-0.0023346594534814358,2.360649585723877,0.18258875608444214
-0.8440067172050476,0.487363338470459,0.06389393657445908,-1.8685728311538696,-0.04223368316888809,2.3546454906463623,0.18060511350631714
-0.8950415253639221,0.49820563197135925,0.12343825399875641,-1.8542873859405518,-0.08259256929159164,2.347585916519165,0.17862147092819214
-0.9446762204170227,0.5107808709144592,0.1821131706237793,-1.8395471572875977,-0.12347520142793655,2.339428186416626,0.17663782835006714
-0.9927884340286255,0.5251123905181885,0.23986870050430298,-1.8243398666381836,-0.16495253145694733,2.3301174640655518,0.17465418577194214
-1.0392910242080688,0.5412349700927734,0.2966996431350708,-1.8086522817611694,-0.2071060687303543,2.3195903301239014,0.17267054319381714
-1.08412766456604,0.5591946840286255,0.3526424765586853,-1.7924708127975464,-0.25002938508987427,2.3077707290649414,0.17068690061569214
-1.1272717714309692,0.5790566802024841,0.4077777564525604,-1.775780200958252,-0.2938307225704193,2.2945668697357178,0.16870325803756714
-1.1687180995941162,0.6009047031402588,0.4622241258621216,-1.7585649490356445,-0.3386365473270416,2.27987003326416,0.16671961545944214
-1.2084838151931763,0.6248490810394287,0.5161446332931519,-1.740808129310608,-0.384598970413208,2.2635507583618164,0.16473597288131714
-1.246597409248352,0.6510336399078369,0.5697410702705383,-1.7224910259246826,-0.43189719319343567,2.2454521656036377,0.16275233030319214
-1.2831029891967773,0.6796405911445618,0.6232666969299316,-1.7035938501358032,-0.4807509183883667,2.2253823280334473,0.16076868772506714
-1.3180476427078247,0.7109073400497437,0.6770256757736206,-1.6840951442718506,-0.5314300060272217,2.2031078338623047,0.15878504514694214
-1.3514842987060547,0.745138943195343,0.7313917279243469,-1.6639705896377563,-0.5842748880386353,2.1783342361450195,0.15680140256881714
-1.3834648132324219,0.7827349901199341,0.7868268489837646,-1.6431949138641357,-0.6397197246551514,2.150688648223877,0.15481775999069214
-1.381643295288086,0.7838579416275024,0.7864827513694763,-1.641082763671875,-0.6398712992668152,2.149801254272461,0.13302597403526306
-1.3798258304595947,0.7849865555763245,0.7861452698707581,-1.6389646530151367,-0.6400284767150879,2.148909568786621,0.11123418062925339
-1.3780112266540527,0.7861201167106628,0.7858131527900696,-1.6368399858474731,-0.6401912569999695,2.1480143070220947,0.08944238722324371
-1.3762006759643555,0.7872593998908997,0.785487949848175,-1.634709119796753,-0.6403595805168152,2.147113800048828,0.06765060126781464
-1.3743928670883179,0.7884042263031006,0.7851681113243103,-1.6325719356536865,-0.640532374382019,2.146209716796875,0.04585880786180496
-1.3725898265838623,0.7895550727844238,0.7848562002182007,-1.6304280757904053,-0.6407120823860168,2.1453001499176025,0.024067018181085587
-1.370789647102356,0.7907114624977112,0.7845497727394104,-1.6282780170440674,-0.6408970355987549,2.1443867683410645,0.0022752266377210617
-1.3689937591552734,0.7918729186058044,0.7842502593994141,-1.6261216402053833,-0.6410872340202332,2.1434688568115234,-0.019516557455062866
-1.3672010898590088,0.7930405735969543,0.783957302570343,-1.6239585876464844,-0.641284167766571,2.1425459384918213,-0.04130835831165314
-1.3654124736785889,0.7942139506340027,0.7836713790893555,-1.621788740158081,-0.6414864659309387,2.141618251800537,-0.06310014426708221
-1.3636267185211182,0.7953932285308838,0.7833913564682007,-1.6196125745773315,-0.6416940093040466,2.140686511993408,-0.08489193767309189
-1.3618448972702026,0.796578049659729,0.7831180691719055,-1.6174300909042358,-0.6419081687927246,2.1397502422332764,-0.10668372362852097
-1.3600666522979736,0.7977684140205383,0.7828513979911804,-1.6152405738830566,-0.6421276926994324,2.1388092041015625,-0.12847551703453064
-1.358292579650879,0.7989647388458252,0.7825921773910522,-1.6130450963974,-0.6423535346984863,2.1378633975982666,-0.15026730298995972
-1.3565218448638916,0.8001669645309448,0.7823395729064941,-1.6108423471450806,-0.6425855755805969,2.1369128227233887,-0.1720590889453888
-1.3547548055648804,0.8013749122619629,0.7820937633514404,-1.608633279800415,-0.6428228616714478,2.135957717895508,-0.19385087490081787
-1.3529906272888184,0.8025883436203003,0.7818537950515747,-1.606417179107666,-0.6430661678314209,2.134998321533203,-0.21564269065856934
-1.3512309789657593,0.8038085103034973,0.7816221714019775,-1.6041944026947021,-0.6433172225952148,2.134033679962158,-0.2374344766139984
-1.3494746685028076,0.8050337433815002,0.7813968658447266,-1.6019651889801025,-0.6435726284980774,2.1330642700195312,-0.2592262625694275
-1.3477219343185425,0.8062655925750732,0.7811788320541382,-1.5997285842895508,-0.643835186958313,2.1320903301239014,-0.28101804852485657
-1.3459727764129639,0.8075030446052551,0.7809677720069885,-1.5974855422973633,-0.64410400390625,2.1311111450195312,-0.30280986428260803
-1.3442271947860718,0.8087466955184937,0.7807638049125671,-1.5952353477478027,-0.6443791389465332,2.130127429962158,-0.3246016502380371
-1.342486023902893,0.8099966049194336,0.7805678248405457,-1.5929784774780273,-0.6446605920791626,2.129138708114624,-0.3463934063911438
-1.3407469987869263,0.8112520575523376,0.7803773880004883,-1.590714454650879,-0.6449477672576904,2.128145217895508,-0.36818522214889526
-1.3390130996704102,0.8125141859054565,0.7801960110664368,-1.5884435176849365,-0.6452427506446838,2.1271462440490723,-0.38997697830200195
-1.337281584739685,0.81378173828125,0.7800203561782837,-1.586165428161621,-0.6455428004264832,2.126143455505371,-0.4117687940597534
-1.3355540037155151,0.8150559067726135,0.7798528671264648,-1.5838804244995117,-0.6458497047424316,2.1251347064971924,-0.4335605502128601
-1.33383047580719,0.8163362145423889,0.7796928286552429,-1.5815885066986084,-0.646163821220398,2.1241214275360107,-0.4553523659706116
-1.3321099281311035,0.8176227807998657,0.7795400023460388,-1.5792889595031738,-0.6464842557907104,2.123102903366089,-0.47714418172836304
-1.3303930759429932,0.8189145922660828,0.7793940901756287,-1.5769829750061035,-0.6468105912208557,2.122079849243164,-0.4989359378814697
-1.328680157661438,0.8202142715454102,0.7792569398880005,-1.5746688842773438,-0.6471453905105591,2.121051073074341,-0.5207277536392212
-1.3269709348678589,0.8215193748474121,0.7791270613670349,-1.5723483562469482,-0.6474859118461609,2.1200172901153564,-0.5425195097923279
-1.3252650499343872,0.822830319404602,0.7790045142173767,-1.5700201988220215,-0.6478333473205566,2.118978500366211,-0.5643113255500793
-1.323562502861023,0.8241487741470337,0.7788898944854736,-1.5676844120025635,-0.6481878161430359,2.117934226989746,-0.5861031413078308
-1.3218637704849243,0.8254734873771667,0.7787831425666809,-1.5653414726257324,-0.6485495567321777,2.116885185241699,-0.6078949570655823
-1.3201687335968018,0.8268041610717773,0.7786843776702881,-1.5629913806915283,-0.648918628692627,2.115830659866333,-0.629686713218689
-1.3184770345687866,0.8281406760215759,0.7785927057266235,-1.5606341361999512,-0.6492934823036194,2.1147713661193848,-0.6514784693717957
-1.3167895078659058,0.8294843435287476,0.7785099744796753,-1.5582687854766846,-0.6496765613555908,2.113706111907959,-0.6732702851295471
-1.3151044845581055,0.8308354616165161,0.778434693813324,-1.5558958053588867,-0.6500669717788696,2.112635850906372,-0.6950620412826538
-1.3134241104125977,0.8321921825408936,0.7783681154251099,-1.5535156726837158,-0.6504647731781006,2.1115598678588867,-0.7168538570404053
-1.3117469549179077,0.8335558176040649,0.7783095240592957,-1.5511276721954346,-0.6508694887161255,2.110478639602661,-0.7386456727981567
-1.310072898864746,0.8349253535270691,0.7782582640647888,-1.5487325191497803,-0.6512811183929443,2.1093924045562744,-0.7604374885559082
-1.3084030151367188,0.8363023996353149,0.7782164216041565,-1.5463290214538574,-0.6517014503479004,2.10830020904541,-0.7822292447090149
-1.3067362308502197,0.8376858234405518,0.7781822085380554,-1.5439181327819824,-0.6521288752555847,2.1072025299072266,-0.8040210604667664
-1.3050731420516968,0.8390761613845825,0.7781564593315125,-1.541499376296997,-0.6525632739067078,2.106099843978882,-0.825812816619873
-1.3034136295318604,0.840473473072052,0.7781394124031067,-1.5390727519989014,-0.653005838394165,2.1049911975860596,-0.8476045727729797
-1.3017578125,0.8418776392936707,0.7781311869621277,-1.5366382598876953,-0.65345698595047,2.1038765907287598,-0.8693963885307312
-1.3001054525375366,0.8432883620262146,0.7781310081481934,-1.534195899963379,-0.6539148092269897,2.102756977081299,-0.8911882042884827
-1.2984567880630493,0.8447065353393555,0.7781403660774231,-1.531745433807373,-0.6543816328048706,2.101630926132202,-0.9129799604415894
-1.2968113422393799,0.8461312651634216,0.778157651424408,-1.5292870998382568,-0.654855489730835,2.1004996299743652,-0.934771716594696
-1.2951699495315552,0.8475626111030579,0.7781842350959778,-1.5268211364746094,-0.6553378701210022,2.09936261177063,-0.9565635919570923
-1.2935314178466797,0.8490015268325806,0.7782189249992371,-1.5243463516235352,-0.6558276414871216,2.098219871520996,-0.978355348110199
-1.2918965816497803,0.8504478335380554,0.7782633900642395,-1.5218634605407715,-0.6563265323638916,2.0970709323883057,-1.0001471042633057
-1.290265440940857,0.8519009351730347,0.7783167958259583,-1.5193724632263184,-0.6568331718444824,2.095916271209717,-1.0219389200210571
-1.2886372804641724,0.8533612489700317,0.7783785462379456,-1.5168733596801758,-0.6573482155799866,2.0947561264038086,-1.0437307357788086
-1.2870134115219116,0.8548293113708496,0.7784507870674133,-1.5143659114837646,-0.657872200012207,2.0935893058776855,-1.06552255153656
-1.2853925228118896,0.8563041687011719,0.778531551361084,-1.5118498802185059,-0.6584044694900513,2.092417001724243,-1.087314248085022
-1.283775806427002,0.8577861785888672,0.7786222100257874,-1.5093259811401367,-0.6589457988739014,2.091238021850586,-1.109106183052063
-1.282161831855774,0.8592759370803833,0.7787216305732727,-1.5067930221557617,-0.6594950556755066,2.0900535583496094,-1.130897879600525
-1.2805516719818115,0.8607727289199829,0.7788307070732117,-1.5042517185211182,-0.6600534319877625,2.088862895965576,-1.1526896953582764
-1.2789446115493774,0.8622772693634033,0.7789491415023804,-1.501701831817627,-0.6606208086013794,2.0876662731170654,-1.1744813919067383
-1.277338981628418,0.8637877702713013,0.7790742516517639,-1.4991436004638672,-0.6611935496330261,2.0864641666412354,-1.1962733268737793
-1.275740146636963,0.8653074502944946,0.7792137265205383,-1.4965765476226807,-0.6617794036865234,2.085254430770874,-1.2180650234222412
-1.274144172668457,0.8668350577354431,0.7793623805046082,-1.4940004348754883,-0.6623748540878296,2.084038496017456,-1.2398568391799927
-1.272551417350769,0.8683711290359497,0.7795212268829346,-1.4914155006408691,-0.6629786491394043,2.0828158855438232,-1.2616486549377441
-1.2709624767303467,0.8699137568473816,0.7796897888183594,-1.4888219833374023,-0.6635923385620117,2.081587314605713,-1.283440351486206
-1.2693771123886108,0.8714648485183716,0.7798693180084229,-1.4862194061279297,-0.6642158627510071,2.0803520679473877,-1.3052321672439575
-1.2677944898605347,0.873023271560669,0.7800577878952026,-1.4836077690124512,-0.6648479700088501,2.0791103839874268,-1.327023983001709
-1.2662153244018555,0.8745900392532349,0.7802570462226868,-1.4809870719909668,-0.6654902100563049,2.07786226272583,-1.3488157987594604
-1.2646396160125732,0.8761643171310425,0.7804663777351379,-1.4783573150634766,-0.6661410927772522,2.0766077041625977,-1.370607614517212
-1.2630680799484253,0.8777469992637634,0.780687153339386,-1.4757184982299805,-0.6668031215667725,2.075345993041992,-1.3923994302749634
-1.2614994049072266,0.8793379664421082,0.7809183597564697,-1.4730701446533203,-0.6674750447273254,2.074077606201172,-1.4141911268234253
-1.2599340677261353,0.8809368014335632,0.7811598777770996,-1.4704127311706543,-0.6681569814682007,2.0728025436401367,-1.4359828233718872
-1.2583720684051514,0.8825439810752869,0.7814123630523682,-1.4677460193634033,-0.66884845495224,2.0715208053588867,-1.4577746391296387
-1.2568140029907227,0.8841601014137268,0.7816768884658813,-1.46506929397583,-0.6695514917373657,2.0702316761016846,-1.4795664548873901
-1.2552590370178223,0.8857836127281189,0.7819513082504272,-1.46238374710083,-0.6702640056610107,2.0689358711242676,-1.5013582706451416
-1.253706932067871,0.8874163627624512,0.7822372913360596,-1.4596881866455078,-0.6709873676300049,2.0676333904266357,-1.523150086402893
-1.2521592378616333,0.8890569806098938,0.7825348377227783,-1.4569830894470215,-0.671721339225769,2.0663232803344727,-1.544941782951355
-1.2506139278411865,0.8907070755958557,0.782843828201294,-1.454267978668213,-0.6724665760993958,2.0650057792663574,-1.566733717918396
-1.2490729093551636,0.8923643231391907,0.7831640839576721,-1.4515438079833984,-0.6732219457626343,2.0636820793151855,-1.588525414466858
-1.247534155845642,0.8940317630767822,0.7834958434104919,-1.4488091468811035,-0.6739891171455383,2.0623505115509033,-1.610317349433899
-1.245999813079834,0.8957074880599976,0.7838403582572937,-1.4460644721984863,-0.6747673749923706,2.06101131439209,-1.6321090459823608
-1.244468092918396,0.897392213344574,0.7841960191726685,-1.443310260772705,-0.6755569577217102,2.0596654415130615,-1.6539008617401123
-1.2429399490356445,0.8990859389305115,0.7845641374588013,-1.4405455589294434,-0.6763579249382019,2.058311700820923,-1.6756926774978638
-1.2414157390594482,0.9007881879806519,0.7849448919296265,-1.4377710819244385,-0.6771705746650696,2.056950330734253,-1.6974844932556152
-1.2398943901062012,0.9025002717971802,0.7853378057479858,-1.434985876083374,-0.6779955625534058,2.0555813312530518,-1.7192761898040771
-1.2383761405944824,0.9042208790779114,0.7857426404953003,-1.4321904182434082,-0.6788311004638672,2.0542051792144775,-1.7410681247711182
-1.2368618249893188,0.9059514403343201,0.7861611843109131,-1.429384708404541,-0.6796804070472717,2.0528204441070557,-1.76285982131958
-1.2353503704071045,0.9076914191246033,0.7865921854972839,-1.4265682697296143,-0.6805411577224731,2.0514280796051025,-1.784651517868042
-1.233842372894287,0.9094402194023132,0.7870357632637024,-1.4237418174743652,-0.6814141273498535,2.0500285625457764,-1.8064433336257935
-1.2323379516601562,0.9111989140510559,0.7874932289123535,-1.4209041595458984,-0.6822999119758606,2.0486197471618652,-1.828235149383545
-1.2308363914489746,0.9129675626754761,0.7879633903503418,-1.418055534362793,-0.683198869228363,2.047203779220581,-1.8500268459320068
-1.2293376922607422,0.9147449731826782,0.7884461879730225,-1.4151966571807861,-0.6841088533401489,2.0457801818847656,-1.8718187808990479
-1.2278432846069336,0.9165337681770325,0.7889445424079895,-1.4123258590698242,-0.6850342750549316,2.044346809387207,-1.8936104774475098
-1.2263517379760742,0.9183313846588135,0.7894554734230042,-1.40944504737854,-0.685971736907959,2.0429062843322754,-1.9154024124145508
-1.2248632907867432,0.920139491558075,0.7899805903434753,-1.4065525531768799,-0.6869233250617981,2.041457176208496,-1.9371941089630127
-1.2233787775039673,0.9219576120376587,0.790520429611206,-1.403649091720581,-0.6878884434700012,2.03999924659729,-1.9589858055114746
-1.2218965291976929,0.9237858653068542,0.7910735011100769,-1.4007344245910645,-0.688866913318634,2.0385332107543945,-1.9807777404785156
-1.2204172611236572,0.9256248474121094,0.7916410565376282,-1.3978075981140137,-0.6898590326309204,2.0370583534240723,-2.0025696754455566
-1.2189433574676514,0.927474319934845,0.7922256588935852,-1.3948698043823242,-0.6908671259880066,2.035573959350586,-2.0243611335754395
-1.2174702882766724,0.9293338656425476,0.7928221821784973,-1.3919203281402588,-0.691887617111206,2.0340821743011475,-2.0461530685424805
-1.2160017490386963,0.9312037229537964,0.7934349179267883,-1.3889594078063965,-0.6929229497909546,2.032580852508545,-2.0679450035095215
-1.2145363092422485,0.9330855011940002,0.7940636277198792,-1.385986089706421,-0.6939744353294373,2.0310699939727783,-2.0897367000579834
-1.21307373046875,0.9349770545959473,0.7947064638137817,-1.3830013275146484,-0.6950394511222839,2.0295512676239014,-2.1115283966064453
-1.2116146087646484,0.9368807077407837,0.7953664064407349,-1.3800039291381836,-0.6961207389831543,2.0280213356018066,-2.1333200931549072
-1.210158348083496,0.9387943744659424,0.796040952205658,-1.3769946098327637,-0.6972165703773499,2.0264835357666016,-2.1551120281219482
-1.2087055444717407,0.9407209157943726,0.796733021736145,-1.3739731311798096,-0.6983296275138855,2.024935483932495,-2.17690372467041
-1.207256555557251,0.942657470703125,0.7974414825439453,-1.3709392547607422,-0.6994580030441284,2.0233778953552246,-2.198695421218872
-1.2058099508285522,0.9446054697036743,0.7981653809547424,-1.3678932189941406,-0.7006018757820129,2.0218114852905273,-2.220487356185913
-1.2043659687042236,0.946565568447113,0.7989057302474976,-1.3648338317871094,-0.7017620205879211,2.020235061645508,-2.242279291152954
-1.2029262781143188,0.9485377669334412,0.799665093421936,-1.3617620468139648,-0.7029405832290649,2.0186479091644287,-2.264070987701416
-1.201488971710205,0.9505221247673035,0.8004406690597534,-1.3586771488189697,-0.7041348218917847,2.0170512199401855,-2.285862684249878
-1.2000553607940674,0.9525177478790283,0.8012340664863586,-1.3555793762207031,-0.7053467631340027,2.01544451713562,-2.307654619216919
-1.1986244916915894,0.9545259475708008,0.8020454049110413,-1.352468729019165,-0.7065759897232056,2.0138275623321533,-2.329446315765381
-1.197196125984192,0.9565464854240417,0.8028738498687744,-1.349344253540039,-0.7078221440315247,2.012200355529785,-2.351238250732422
-1.1957714557647705,0.9585796594619751,0.8037216663360596,-1.3462069034576416,-0.7090875506401062,2.0105624198913574,-2.373029947280884
-1.194350242614746,0.9606252312660217,0.8045881390571594,-1.3430559635162354,-0.7103710770606995,2.008913993835449,-2.3948216438293457
-1.1929316520690918,0.9626836776733398,0.8054735064506531,-1.339890956878662,-0.7116727828979492,2.0072546005249023,-2.4166135787963867
-1.1915161609649658,0.9647557139396667,0.8063783049583435,-1.3367128372192383,-0.7129939198493958,2.0055840015411377,-2.4384055137634277
-1.190104603767395,0.9668406844139099,0.8073038458824158,-1.3335199356079102,-0.7143357396125793,2.0039021968841553,-2.4601969718933105
-1.1886951923370361,0.9689386487007141,0.8082476258277893,-1.3303136825561523,-0.7156952023506165,2.0022096633911133,-2.4819886684417725
-1.1872889995574951,0.9710507392883301,0.8092126846313477,-1.3270924091339111,-0.7170754671096802,2.000504970550537,-2.5037806034088135
-1.1858851909637451,0.9731754660606384,0.8101962804794312,-1.3238575458526611,-0.7184749245643616,1.9987906217575073,-2.5255725383758545
-1.1844853162765503,0.9753150939941406,0.8112031817436218,-1.3206074237823486,-0.7198966145515442,1.9970629215240479,-2.5473642349243164
-1.1830880641937256,0.9774683713912964,0.8122302889823914,-1.317342758178711,-0.7213388085365295,1.9953240156173706,-2.5691559314727783
-1.1816937923431396,0.9796357750892639,0.8132792711257935,-1.314063549041748,-0.7228023409843445,1.9935728311538696,-2.5909478664398193
-1.1803021430969238,0.9818181395530701,0.8143497705459595,-1.3107686042785645,-0.7242874503135681,1.991809368133545,-2.6127398014068604
-1.1789140701293945,0.9840150475502014,0.8154433965682983,-1.3074591159820557,-0.725795567035675,1.9900339841842651,-2.634531259536743
-1.177528977394104,0.9862260818481445,0.8165594339370728,-1.3041338920593262,-0.7273256182670593,1.9882458448410034,-2.656323194503784
