1.9380652904510498,0.779275119304657,-1.2464385032653809,-2.132279396057129,0.9434797167778015,2.175325870513916,-2.2122995853424072
1.9275749921798706,0.7610512375831604,-1.2316385507583618,-2.131545066833496,0.9239629507064819,2.1888017654418945,-2.184938669204712
1.916788101196289,0.7435605525970459,-1.2167699337005615,-2.1307740211486816,0.9047142267227173,2.201608657836914,-2.1575775146484375
1.9057000875473022,0.7267559766769409,-1.2018098831176758,-2.129965305328369,0.8857102394104004,2.2137908935546875,-2.130216598510742
1.8943060636520386,0.7105932831764221,-1.1867365837097168,-2.1291189193725586,0.8669299483299255,2.2253897190093994,-2.102855682373047
1.8826005458831787,0.6950348019599915,-1.1715298891067505,-2.1282336711883545,0.8483541011810303,2.2364399433135986,-2.0754947662353516
1.870575189590454,0.6800442337989807,-1.156167984008789,-2.127309799194336,0.8299642205238342,2.246976852416992,-2.048133611679077
1.8582266569137573,0.6655940413475037,-1.1406360864639282,-2.1263465881347656,0.811748206615448,2.2570266723632812,-2.020772695541382
1.8455464839935303,0.6516545414924622,-1.1249144077301025,-2.1253433227539062,0.7936906218528748,2.266617774963379,-1.9934117794036865
1.8325272798538208,0.6382022500038147,-1.1089861392974854,-2.124300003051758,0.775779128074646,2.275773525238037,-1.9660507440567017
1.8191627264022827,0.6252149343490601,-1.092835783958435,-2.123216152191162,0.7580035328865051,2.284515857696533,-1.9386897087097168
1.805443286895752,0.6126720905303955,-1.0764460563659668,-2.1220908164978027,0.7403537631034851,2.292865753173828,-1.9113287925720215
1.7913638353347778,0.600555956363678,-1.0598034858703613,-2.120924234390259,0.7228195071220398,2.3008406162261963,-1.8839677572250366
1.7769150733947754,0.5888503193855286,-1.0428922176361084,-2.119715452194214,0.7053936123847961,2.308457851409912,-1.8566068410873413
1.7620899677276611,0.5775408148765564,-1.0256986618041992,-2.118464231491089,0.6880683302879333,2.315732479095459,-1.8292458057403564
1.746880054473877,0.5666136145591736,-1.0082087516784668,-2.1171703338623047,0.6708348989486694,2.3226797580718994,-1.8018847703933716
1.7312771081924438,0.556057333946228,-0.9904080629348755,-2.115833044052124,0.6536881923675537,2.329312324523926,-1.7745238542556763
1.7152738571166992,0.5458614826202393,-0.9722844362258911,-2.1144518852233887,0.6366219520568848,2.3356428146362305,-1.7471628189086914
1.6988637447357178,0.5360164046287537,-0.9538259506225586,-2.1130268573760986,0.6196308135986328,2.341681957244873,-1.719801902770996
1.6820383071899414,0.5265135169029236,-0.9350200891494751,-2.1115574836730957,0.6027077436447144,2.3474411964416504,-1.6924408674240112
1.6647908687591553,0.5173454284667969,-0.915854811668396,-2.1100425720214844,0.5858500003814697,2.3529300689697266,-1.665079951286316
1.6471152305603027,0.5085054636001587,-0.8963209390640259,-2.108482837677002,0.5690515637397766,2.3581573963165283,-1.637718915939331
1.629004716873169,0.49998804926872253,-0.876406729221344,-2.106876850128174,0.5523083209991455,2.363131523132324,-1.6103579998016357
1.6104553937911987,0.49178797006607056,-0.8561053276062012,-2.105225086212158,0.5356166362762451,2.3678605556488037,-1.5829969644546509
1.5914610624313354,0.48390084505081177,-0.8354063034057617,-2.1035268306732178,0.5189722180366516,2.372352123260498,-1.555635929107666
1.5720187425613403,0.47632351517677307,-0.8143035173416138,-2.1017813682556152,0.5023717880249023,2.3766121864318848,-1.5282750129699707
1.5521249771118164,0.4690525233745575,-0.7927901744842529,-2.0999884605407715,0.485811710357666,2.380647897720337,-1.5009139776229858
1.5317766666412354,0.46208542585372925,-0.7708593010902405,-2.0981483459472656,0.4692882001399994,2.3844656944274902,-1.4735530614852905
1.5109753608703613,0.4554205536842346,-0.7485105395317078,-2.096259832382202,0.4527992308139801,2.3880696296691895,-1.4461920261383057
1.4897204637527466,0.449057012796402,-0.7257394194602966,-2.094322681427002,0.43634113669395447,2.391465425491333,-1.4188311100006104
1.4680132865905762,0.4429934322834015,-0.702544629573822,-2.092336654663086,0.41991105675697327,2.394658327102661,-1.3914700746536255
1.4458577632904053,0.4372292160987854,-0.678926944732666,-2.090301752090454,0.403506338596344,2.3976521492004395,-1.3641091585159302
1.4232592582702637,0.43176424503326416,-0.654889702796936,-2.088217258453369,0.3871243894100189,2.400451183319092,-1.3367481231689453
1.4002233743667603,0.4265989661216736,-0.6304349899291992,-2.0860824584960938,0.3707621991634369,2.403059482574463,-1.3093870878219604
1.3767584562301636,0.4217339754104614,-0.6055689454078674,-2.083897590637207,0.3544183671474457,2.4054808616638184,-1.2820261716842651
1.3528776168823242,0.4171697497367859,-0.5803021788597107,-2.081662178039551,0.3380897641181946,2.40771746635437,-1.2546651363372803
1.3285913467407227,0.4129074811935425,-0.5546422600746155,-2.0793752670288086,0.32177433371543884,2.4097726345062256,-1.227304220199585
1.3039127588272095,0.4089490473270416,-0.5285998582839966,-2.0770373344421387,0.30546891689300537,2.4116504192352295,-1.1999431848526
1.2788575887680054,0.4052935838699341,-0.5021883845329285,-2.074647903442383,0.2891700267791748,2.4133520126342773,-1.1725822687149048
1.2534499168395996,0.4019452631473541,-0.4754296839237213,-2.0722062587738037,0.27287963032722473,2.41487979888916,-1.14522123336792
1.227707862854004,0.3989046514034271,-0.44833904504776,-2.069711923599243,0.2565934956073761,2.4162352085113525,-1.117860198020935
1.2016528844833374,0.39617347717285156,-0.42093563079833984,-2.0671651363372803,0.24030911922454834,2.41742205619812,-1.0904992818832397
1.1753120422363281,0.39375290274620056,-0.3932441473007202,-2.0645651817321777,0.22402448952198029,2.418440341949463,-1.0631383657455444
1.148710012435913,0.39164507389068604,-0.3652855455875397,-2.0619118213653564,0.2077386975288391,2.4192922115325928,-1.0357773303985596
1.121876835823059,0.3898504078388214,-0.33709028363227844,-2.0592048168182373,0.19144771993160248,2.419978380203247,-1.0084162950515747
1.0948420763015747,0.3883713483810425,-0.30868402123451233,-2.056443691253662,0.17515122890472412,2.4205000400543213,-0.9810553789138794
1.0676367282867432,0.3872081935405731,-0.2800951600074768,-2.053628444671631,0.15884585678577423,2.42085862159729,-0.9536944031715393
1.0402944087982178,0.38636285066604614,-0.2513551712036133,-2.0507583618164062,0.14253021776676178,2.4210543632507324,-0.9263333678245544
1.012847661972046,0.3858359158039093,-0.22249437868595123,-2.0478334426879883,0.12620249390602112,2.4210877418518066,-0.8989723920822144
0.9853323698043823,0.38562729954719543,-0.19354577362537384,-2.0448532104492188,0.10986001789569855,2.420958995819092,-0.8716114163398743
0.9577813148498535,0.38573867082595825,-0.16453993320465088,-2.0418171882629395,0.09350071102380753,2.420668601989746,-0.8442503809928894
0.9302307963371277,0.3861696422100067,-0.1355103999376297,-2.0387253761291504,0.07712318748235703,2.4202165603637695,-0.8168894052505493
0.9027156829833984,0.3869205415248871,-0.10649001598358154,-2.0355775356292725,0.06072431430220604,2.4196019172668457,-0.7895284295082092
0.8752697706222534,0.38799116015434265,-0.07750950008630753,-2.0323729515075684,0.04430254548788071,2.418825149536133,-0.7621675133705139
0.8479272723197937,0.3893812298774719,-0.04860057681798935,-2.029111623764038,0.027854733169078827,2.4178855419158936,-0.734806478023529
0.8207195401191711,0.3910905122756958,-0.0197922233492136,-2.0257933139801025,0.011379268951714039,2.4167823791503906,-0.707445502281189
0.7936807870864868,0.3931173086166382,0.008884470909833908,-2.0224175453186035,-0.005126190837472677,2.4155139923095703,-0.6800845265388489
0.7668396830558777,0.39546146988868713,0.037403397262096405,-2.018984079360962,-0.021663488820195198,2.4140801429748535,-0.6527236104011536
0.7402247190475464,0.39812177419662476,0.06573878228664398,-2.0154929161071777,-0.038236938416957855,2.4124789237976074,-0.6253626346588135
0.7138632535934448,0.40109726786613464,0.09386640787124634,-2.0119431018829346,-0.05484800785779953,2.4107089042663574,-0.5980014801025391
0.687780499458313,0.4043879210948944,0.12176380306482315,-2.0083348751068115,-0.0714993104338646,2.408769369125366,-0.5706405639648438
0.6619985699653625,0.4079909026622772,0.14941197633743286,-2.0046679973602295,-0.08819431811571121,2.4066574573516846,-0.5432795882225037
0.6365397572517395,0.4119061231613159,0.17679187655448914,-2.000941753387451,-0.10493510961532593,2.4043707847595215,-0.5159186124801636
0.6114225387573242,0.4161323010921478,0.20388823747634888,-1.9971563816070557,-0.12172497063875198,2.4019079208374023,-0.4885576665401459
0.5866638422012329,0.4206685721874237,0.23068737983703613,-1.9933111667633057,-0.13856716454029083,2.3992655277252197,-0.4611967206001282
0.5622780323028564,0.4255138635635376,0.25717851519584656,-1.9894059896469116,-0.15546472370624542,2.3964412212371826,-0.4338357448577881
0.5382778644561768,0.43066760897636414,0.28335243463516235,-1.9854406118392944,-0.17242112755775452,2.3934319019317627,-0.40647462010383606
0.5146740674972534,0.43612968921661377,0.30920207500457764,-1.981414794921875,-0.1894407719373703,2.3902344703674316,-0.37911367416381836
0.4914761185646057,0.441899836063385,0.33472201228141785,-1.9773283004760742,-0.20652610063552856,2.386845111846924,-0.35175269842147827
0.4686906039714813,0.44797801971435547,0.3599094748497009,-1.9731804132461548,-0.22368158400058746,2.3832600116729736,-0.32439175248146057
0.4463218152523041,0.4543639123439789,0.38476455211639404,-1.9689714908599854,-0.24091103672981262,2.379474639892578,-0.2970307767391205
0.4243736267089844,0.46105945110321045,0.40928778052330017,-1.9647009372711182,-0.25821974873542786,2.3754849433898926,-0.2696698009967804
0.4028492271900177,0.46806594729423523,0.43348050117492676,-1.960368275642395,-0.275611013174057,2.371286630630493,-0.24230889976024628
0.381747305393219,0.4753842055797577,0.4573511481285095,-1.9559733867645264,-0.29309090971946716,2.366872787475586,-0.21494773030281067
0.36106881499290466,0.4830172657966614,0.48089978098869324,-1.9515159130096436,-0.31066372990608215,2.3622398376464844,-0.18758676946163177
0.340811163187027,0.49096688628196716,0.5041361451148987,-1.9469959735870361,-0.32833489775657654,2.3573808670043945,-0.1602257937192917
0.3209715485572815,0.4992371201515198,0.5270687937736511,-1.9424128532409668,-0.34611058235168457,2.3522891998291016,-0.13286487758159637
0.3015453815460205,0.5078316926956177,0.5497081875801086,-1.9377663135528564,-0.36399686336517334,2.3469581604003906,-0.10550390928983688
0.28252917528152466,0.5167549252510071,0.5720640420913696,-1.9330562353134155,-0.38199982047080994,2.3413803577423096,-0.0781429335474968
0.26391687989234924,0.5260128974914551,0.5941494107246399,-1.9282820224761963,-0.4001277983188629,2.33554744720459,-0.050781965255737305
0.24570313096046448,0.535611093044281,0.6159762740135193,-1.9234436750411987,-0.41838616132736206,2.3294517993927,-0.02342086099088192
0.22788240015506744,0.5455569624900818,0.637558102607727,-1.918540596961975,-0.4367835819721222,2.3230841159820557,0.003940111491829157
0.21044540405273438,0.5558580756187439,0.6589124202728271,-1.9135726690292358,-0.45532965660095215,2.3164331912994385,0.03130108490586281
0.19338645040988922,0.5665231347084045,0.6800526976585388,-1.9085397720336914,-0.47403189539909363,2.3094897270202637,0.058661993592977524
0.1766968071460724,0.5775629878044128,0.7009979486465454,-1.9034411907196045,-0.49290215969085693,2.3022403717041016,0.08602296561002731
0.1603701412677765,0.5889879465103149,0.7217636704444885,-1.8982770442962646,-0.5119491219520569,2.294674873352051,0.1133839413523674
0.14439842104911804,0.6008111238479614,0.7423691749572754,-1.8930463790893555,-0.5311859846115112,2.286777973175049,0.14074504375457764
0.12877316772937775,0.6130460500717163,0.7628343105316162,-1.887749433517456,-0.550623893737793,2.2785353660583496,0.16810601949691772
0.11348684132099152,0.6257087588310242,0.7831793427467346,-1.882385492324829,-0.5702775120735168,2.2699313163757324,0.19546698033809662
0.09853139519691467,0.638815701007843,0.8034257292747498,-1.8769545555114746,-0.5901612043380737,2.2609481811523438,0.2228279560804367
0.08389926701784134,0.652386486530304,0.823596179485321,-1.8714559078216553,-0.6102911829948425,2.2515664100646973,0.2501888573169708
0.06958235055208206,0.6664421558380127,0.8437149524688721,-1.865889549255371,-0.6306856274604797,2.2417659759521484,0.2775498330593109
0.05557370185852051,0.6810072064399719,0.8638072609901428,-1.8602546453475952,-0.6513641476631165,2.231523275375366,0.304910808801651
0.04186588525772095,0.6961076855659485,0.8839000463485718,-1.8545511960983276,-0.6723493933677673,2.220813274383545,0.3322719633579254
0.028452835977077484,0.7117730975151062,0.9040215015411377,-1.8487788438796997,-0.693664014339447,2.209608316421509,0.3596328794956207
0.015327204950153828,0.7280369400978088,0.9242033958435059,-1.8429367542266846,-0.7153359055519104,2.1978766918182373,0.3869938552379608
0.0024812964256852865,0.7449374794960022,0.9444810748100281,-1.8370250463485718,-0.7373960018157959,2.1855833530426025,0.4143548309803009
-0.01008796039968729,0.7625158429145813,0.9648879170417786,-1.831042766571045,-0.7598774433135986,2.1726903915405273,0.441715806722641
-0.022388067096471786,0.780820906162262,0.9854663610458374,-1.824990153312683,-0.7828194499015808,2.1591532230377197,0.4690767228603363
-0.03442253917455673,0.7999075651168823,1.0062601566314697,-1.8188658952713013,-0.8062661290168762,2.1449217796325684,0.4964376986026764
-0.04619577154517174,0.8198384046554565,1.0273187160491943,-1.8126702308654785,-0.830268383026123,2.1299405097961426,0.5237988233566284
-0.057710547000169754,0.8406866192817688,1.048697590827942,-1.806402564048767,-0.8548847436904907,2.1141433715820312,0.5511597394943237
-0.06897026300430298,0.8625373244285583,1.0704619884490967,-1.8000620603561401,-0.8801842331886292,2.09745454788208,0.5785207152366638
-0.07997623085975647,0.8854917883872986,1.0926868915557861,-1.7936484813690186,-0.9062491655349731,2.0797836780548096,0.6058816909790039
-0.09072811156511307,0.9096671938896179,1.115457534790039,-1.7871614694595337,-0.933175802230835,2.0610268115997314,0.633242666721344
-0.101224884390831,0.9352097511291504,1.1388797760009766,-1.78059983253479,-0.9610832929611206,2.0410549640655518,0.6606035828590393
-0.11146104335784912,0.962293267250061,1.1630760431289673,-1.7739639282226562,-0.9901144504547119,2.0197157859802246,0.6879645586013794
-0.12143147736787796,0.9911390542984009,1.1882052421569824,-1.7672524452209473,-1.0204546451568604,1.996814489364624,0.7153257131576538
-0.13112518191337585,1.0220274925231934,1.2144651412963867,-1.7604650259017944,-1.0523366928100586,1.9721050262451172,0.7426866292953491
-0.14053255319595337,1.0553271770477295,1.2421199083328247,-1.75360107421875,-1.0860707759857178,1.9452664852142334,0.7700476050376892
-0.14961649477481842,1.091535210609436,1.2715120315551758,-1.7466601133346558,-1.1220784187316895,1.9158649444580078,0.7974085807800293
-0.12437399476766586,1.0036815404891968,1.1922988891601562,-1.7528570890426636,-1.0288422107696533,1.986449122428894,0.7714602947235107
-0.0963326171040535,0.9321598410606384,1.1203382015228271,-1.7583004236221313,-0.9467164278030396,2.0426721572875977,0.7455119490623474
-0.06566214561462402,0.8719122409820557,1.0522587299346924,-1.7629855871200562,-0.8716867566108704,2.089000701904297,0.7195636630058289
-0.032401010394096375,0.8201712369918823,0.9861860871315002,-1.7669068574905396,-0.8015902042388916,2.12791109085083,0.6936153769493103
0.003466733731329441,0.775236189365387,0.9209294319152832,-1.7700591087341309,-0.7351035475730896,2.1609528064727783,0.667667031288147
0.04197382554411888,0.7359861731529236,0.8556706309318542,-1.7724353075027466,-0.67134690284729,2.1891703605651855,0.6417187452316284
0.08315042406320572,0.7016506195068359,0.7898198962211609,-1.7740296125411987,-0.6096981763839722,2.213306188583374,0.6157704591751099
0.12700282037258148,0.6716841459274292,0.7229512333869934,-1.774834394454956,-0.5496978163719177,2.2339048385620117,0.5898221135139465
0.17350785434246063,0.6456988453865051,0.6547609567642212,-1.7748420238494873,-0.4909895062446594,2.2513792514801025,0.563873827457428
0.2225942760705948,0.6234160661697388,0.5850548148155212,-1.774044394493103,-0.433289498090744,2.2660443782806396,0.5379255414009094
0.2741332948207855,0.604638934135437,0.5137402415275574,-1.7724332809448242,-0.37636539340019226,2.2781426906585693,0.5119771957397461
0.32793277502059937,0.5892310738563538,0.4408181309700012,-1.7699998617172241,-0.3200203776359558,2.2878620624542236,0.48602890968322754
0.3837329149246216,0.57710200548172,0.3663780391216278,-1.766734004020691,-0.2640799880027771,2.2953433990478516,0.4600805938243866
0.44120585918426514,0.5681951642036438,0.2905908226966858,-1.76262629032135,-0.20838984847068787,2.3006935119628906,0.43413230776786804
0.49996083974838257,0.5624779462814331,0.2137041538953781,-1.7576658725738525,-0.15280504524707794,2.303983688354492,0.4081839919090271
0.45189616084098816,0.5287877917289734,0.2344144880771637,-1.8173229694366455,-0.16187196969985962,2.3275434970855713,0.41522517800331116
0.3989596664905548,0.49765506386756897,0.2590887248516083,-1.8729243278503418,-0.1725834459066391,2.348989486694336,0.4222663640975952
0.34072622656822205,0.4690175950527191,0.28805187344551086,-1.924780249595642,-0.1849176585674286,2.36845326423645,0.4293075501918793
0.27679285407066345,0.4428768754005432,0.3216237425804138,-1.9731197357177734,-0.1988648772239685,2.386028289794922,0.43634873628616333
0.20681682229042053,0.4192894995212555,0.3600904941558838,-2.0181095600128174,-0.21442385017871857,2.4017770290374756,0.443389892578125
0.1305752992630005,0.3983585238456726,0.4036366045475006,-2.059868574142456,-0.2315942496061325,2.4157402515411377,0.45043107867240906
0.04803004488348961,0.38022124767303467,0.4522799849510193,-2.098477840423584,-0.25037476420402527,2.427938461303711,0.4574722647666931
-0.04058726131916046,0.3650411069393158,0.5057938694953918,-2.1339879035949707,-0.27075913548469543,2.438377857208252,0.4645134508609772
-0.13470624387264252,0.3529888689517975,0.5636308789253235,-2.166426658630371,-0.29273372888565063,2.447050094604492,0.47155463695526123
-0.2333625853061676,0.34422656893730164,0.6248745918273926,-2.1958014965057373,-0.31627437472343445,2.4539380073547363,0.4785958230495453
-0.33521541953086853,0.3388868272304535,0.6882571578025818,-2.22210693359375,-0.34134411811828613,2.4590134620666504,0.48563700914382935
-0.4386191964149475,0.33705592155456543,0.7522327303886414,-2.245326042175293,-0.36789315938949585,2.46224045753479,0.492678165435791
-0.5417744517326355,0.3387625515460968,0.8151282668113708,-2.2654359340667725,-0.39585763216018677,2.463576555252075,0.49971938133239746
-0.6429211497306824,0.343974769115448,0.8753392696380615,-2.282410144805908,-0.42515915632247925,2.462970733642578,0.5067605376243591
-0.7405106425285339,0.35261228680610657,0.9314993023872375,-2.2962212562561035,-0.45570680499076843,2.460367202758789,0.5138017535209656
-0.8333398699760437,0.3645600974559784,0.9826141595840454,-2.306844472885132,-0.4874003231525421,2.4557037353515625,0.5208429098129272
-0.9206089377403259,0.3796881437301636,1.0281174182891846,-2.314260482788086,-0.5201307535171509,2.448911190032959,0.5278840661048889
-1.0019004344940186,0.3978731036186218,1.0678480863571167,-2.3184542655944824,-0.5537888407707214,2.4399147033691406,0.5349252820014954
-1.0222704410552979,0.3968569040298462,1.0856287479400635,-2.328589916229248,-0.5594687461853027,2.4415783882141113,0.5143797993659973
-1.0427619218826294,0.39599302411079407,1.1034972667694092,-2.338679075241089,-0.5651733875274658,2.4431748390197754,0.49383431673049927
-1.0633642673492432,0.3952842354774475,1.1214427947998047,-2.348721981048584,-0.5709046125411987,2.4447033405303955,0.4732888340950012
-1.084067463874817,0.3947320580482483,1.1394541263580322,-2.3587193489074707,-0.5766627788543701,2.446162700653076,0.4527433514595032
-1.1048582792282104,0.3943382203578949,1.1575183868408203,-2.3686723709106445,-0.5824481844902039,2.4475526809692383,0.4321978688240051
-1.1257256269454956,0.39410510659217834,1.1756235361099243,-2.3785805702209473,-0.5882620811462402,2.44887113571167,0.4116523861885071
-1.1466565132141113,0.3940337002277374,1.1937559843063354,-2.3884458541870117,-0.594105064868927,2.450118064880371,0.3911069333553314
-1.1676383018493652,0.3941273093223572,1.2119027376174927,-2.398267984390259,-0.599979043006897,2.451291561126709,0.3705614507198334
-1.1886589527130127,0.39438673853874207,1.2300512790679932,-2.408047914505005,-0.6058841943740845,2.452390670776367,0.3500159680843353
-1.2097043991088867,0.3948141932487488,1.2481865882873535,-2.417786121368408,-0.6118212342262268,2.453413963317871,0.3294704854488373
-1.230760097503662,0.3954109847545624,1.2662935256958008,-2.427483081817627,-0.6177912354469299,2.4543607234954834,0.30892500281333923
-1.2518125772476196,0.39617905020713806,1.284358024597168,-2.4371392726898193,-0.623795211315155,2.455228805541992,0.2883795201778412
-1.2728490829467773,0.39712032675743103,1.3023666143417358,-2.4467554092407227,-0.6298341155052185,2.456017017364502,0.26783403754234314
-1.293855905532837,0.3982356786727905,1.3203048706054688,-2.456331729888916,-0.6359085440635681,2.456723690032959,0.2472885549068451
-1.3148200511932373,0.399526983499527,1.3381588459014893,-2.465869188308716,-0.6420204043388367,2.4573469161987305,0.22674307227134705
-1.335726261138916,0.40099605917930603,1.355912685394287,-2.475367546081543,-0.6481700539588928,2.4578850269317627,0.2061976045370102
-1.3565622568130493,0.4026438593864441,1.3735531568527222,-2.484827995300293,-0.6543586254119873,2.458336591720581,0.18565212190151215
-1.377314567565918,0.4044722616672516,1.3910659551620483,-2.494250535964966,-0.6605873703956604,2.4586989879608154,0.1651066392660141
-1.3979700803756714,0.40648210048675537,1.4084370136260986,-2.503635883331299,-0.6668577790260315,2.458970785140991,0.14456117153167725
-1.418515682220459,0.4086757004261017,1.425652265548706,-2.512983798980713,-0.673170804977417,2.459149122238159,0.12401566654443741
-1.4389406442642212,0.4110535681247711,1.4427001476287842,-2.5222954750061035,-0.6795267462730408,2.4592320919036865,0.10347019135951996
-1.4592314958572388,0.4136178195476532,1.4595657587051392,-2.5315709114074707,-0.6859279274940491,2.4592173099517822,0.08292471617460251
-1.479377031326294,0.41636934876441956,1.476237416267395,-2.5408105850219727,-0.6923748850822449,2.459101915359497,0.06237922981381416
-1.4993674755096436,0.41931015253067017,1.4927035570144653,-2.5500149726867676,-0.6988693475723267,2.458883285522461,0.04183375835418701
-1.5191893577575684,0.42244094610214233,1.508949875831604,-2.5591840744018555,-0.7054125666618347,2.458559513092041,0.021288270130753517
-1.538835883140564,0.425763875246048,1.5249683856964111,-2.5683183670043945,-0.712006151676178,2.4581260681152344,0.0007427973323501647
-1.5582948923110962,0.42928075790405273,1.5407456159591675,-2.577418327331543,-0.7186509966850281,2.457580804824829,-0.019802674651145935
-1.5775593519210815,0.43299293518066406,1.5562732219696045,-2.586483955383301,-0.7253487706184387,2.4569199085235596,-0.04034816101193428
-1.5966194868087769,0.43690183758735657,1.5715397596359253,-2.5955159664154053,-0.7321014404296875,2.4561405181884766,-0.06089363619685173
-1.6154674291610718,0.4410097002983093,1.586536169052124,-2.6045141220092773,-0.7389097213745117,2.4552388191223145,-0.08143912255764008
-1.6340968608856201,0.44531893730163574,1.6012547016143799,-2.6134793758392334,-0.7457760572433472,2.4542102813720703,-0.10198459774255753
-1.6525006294250488,0.4498317837715149,1.615686297416687,-2.6224112510681152,-0.752701997756958,2.4530508518218994,-0.12253006547689438
-1.670670986175537,0.4545496702194214,1.62982177734375,-2.63131046295166,-0.7596889734268188,2.4517571926116943,-0.14307555556297302
-1.6886038780212402,0.45947545766830444,1.6436554193496704,-2.6401772499084473,-0.7667384147644043,2.450324058532715,-0.16362102329730988
-1.7062931060791016,0.4646124541759491,1.6571791172027588,-2.6490116119384766,-0.7738528847694397,2.448746681213379,-0.18416650593280792
-1.7237352132797241,0.4699632227420807,1.6703872680664062,-2.6578140258789062,-0.7810342311859131,2.4470198154449463,-0.20471198856830597
-1.740925669670105,0.4755309224128723,1.6832737922668457,-2.6665842533111572,-0.78828364610672,2.4451379776000977,-0.22525747120380402
-1.7578587532043457,0.4813186824321747,1.6958305835723877,-2.6753227710723877,-0.7956047058105469,2.443096399307251,-0.24580295383930206
-1.7745338678359985,0.4873308837413788,1.7080551385879517,-2.6840295791625977,-0.8029986619949341,2.440887928009033,-0.2663484215736389
-1.8132855892181396,0.5062150359153748,1.7138750553131104,-2.690797805786133,-0.8250700831413269,2.4296488761901855,-0.29336363077163696
-1.849776029586792,0.5263766050338745,1.7172619104385376,-2.696399211883545,-0.8478583693504333,2.41701602935791,-0.320378839969635
-1.8841277360916138,0.5478696823120117,1.7184326648712158,-2.700822353363037,-0.871319591999054,2.402914524078369,-0.34739404916763306
-1.916462779045105,0.5707603096961975,1.7176116704940796,-2.7040586471557617,-0.8954070806503296,2.3872666358947754,-0.3744092285633087
-1.9469079971313477,0.5951337218284607,1.7150347232818604,-2.7061028480529785,-0.9200788736343384,2.369983673095703,-0.40142443776130676
-1.9755849838256836,0.6210930347442627,1.7109403610229492,-2.7069528102874756,-0.9452965259552002,2.3509671688079834,-0.4284396469593048
-2.0026140213012695,0.6487582921981812,1.7055668830871582,-2.7066094875335693,-0.9710261821746826,2.3301069736480713,-0.45545485615730286
-2.0281097888946533,0.6782702803611755,1.699157476425171,-2.7050771713256836,-0.99724280834198,2.3072800636291504,-0.4824700653553009
-2.052180528640747,0.7097944021224976,1.6919527053833008,-2.7023632526397705,-1.023935317993164,2.2823433876037598,-0.5094853043556213
-2.07492733001709,0.743524432182312,1.684190273284912,-2.6984786987304688,-1.0511057376861572,2.255131721496582,-0.5365004539489746
-2.0964412689208984,0.7796878814697266,1.6761058568954468,-2.693437337875366,-1.0787768363952637,2.2254507541656494,-0.5635157227516174
-2.1168019771575928,0.818557858467102,1.6679308414459229,-2.6872551441192627,-1.1069995164871216,2.193065643310547,-0.5905308723449707
-2.1360769271850586,0.8604702949523926,1.659896731376648,-2.6799511909484863,-1.1358567476272583,2.1576857566833496,-0.6175460815429688
-2.1440696716308594,0.8551996350288391,1.6552618741989136,-2.6732845306396484,-1.1319758892059326,2.161194086074829,-0.6467157602310181
-2.1515285968780518,0.8496435880661011,1.650376558303833,-2.6663472652435303,-1.1278131008148193,2.1648964881896973,-0.6758854389190674
-2.158447742462158,0.8438162207603455,1.64523184299469,-2.6591439247131348,-1.1233676671981812,2.168781042098999,-0.7050551176071167
-2.1648221015930176,0.8377293944358826,1.6398192644119263,-2.651679039001465,-1.1186366081237793,2.1728365421295166,-0.734224796295166
-2.1706459522247314,0.8314010500907898,1.6341290473937988,-2.6439566612243652,-1.1136219501495361,2.1770472526550293,-0.7633944749832153
-2.175912857055664,0.8248457908630371,1.6281510591506958,-2.6359806060791016,-1.108323335647583,2.1814002990722656,-0.7925641536712646
-2.180617332458496,0.8180826306343079,1.621875524520874,-2.627755641937256,-1.1027414798736572,2.1858792304992676,-0.8217337727546692
-2.1847543716430664,0.8111294507980347,1.6152923107147217,-2.6192848682403564,-1.0968785285949707,2.1904685497283936,-0.8509034514427185
-2.188316583633423,0.804003894329071,1.608390212059021,-2.610572338104248,-1.0907354354858398,2.195152759552002,-0.8800731301307678
-2.1912992000579834,0.7967265844345093,1.6011593341827393,-2.601621627807617,-1.0843160152435303,2.1999144554138184,-0.9092428088188171
-2.1936957836151123,0.7893169522285461,1.5935884714126587,-2.592435836791992,-1.0776222944259644,2.2047371864318848,-0.9384124875068665
-2.1954994201660156,0.7817931175231934,1.5856660604476929,-2.5830178260803223,-1.0706572532653809,2.2096056938171387,-0.9675821661949158
-2.196704864501953,0.7741762399673462,1.5773817300796509,-2.573370933532715,-1.0634257793426514,2.2145028114318848,-0.9967518448829651
-2.197305917739868,0.7664856910705566,1.568724513053894,-2.563497543334961,-1.0559303760528564,2.2194125652313232,-1.0259214639663696
-2.1972970962524414,0.7587398886680603,1.5596834421157837,-2.553400993347168,-1.048174500465393,2.22432017326355,-1.055091142654419
-2.196671962738037,0.7509583234786987,1.5502475500106812,-2.5430827140808105,-1.0401628017425537,2.2292098999023438,-1.0842608213424683
-2.1954245567321777,0.7431600689888,1.5404056310653687,-2.5325450897216797,-1.0318999290466309,2.234067916870117,-1.1134305000305176
-2.1935505867004395,0.7353641986846924,1.5301486253738403,-2.521790027618408,-1.023390293121338,2.2388784885406494,-1.142600178718567
-2.1910438537597656,0.7275865077972412,1.5194650888442993,-2.510819435119629,-1.0146361589431763,2.2436304092407227,-1.1717698574066162
-2.187899351119995,0.7198442220687866,1.5083448886871338,-2.4996347427368164,-1.0056416988372803,2.2483110427856445,-1.2009395360946655
-2.184112787246704,0.7121589779853821,1.4967793226242065,-2.488236904144287,-0.9964152574539185,2.2529044151306152,-1.2301092147827148
-2.179680347442627,0.7045455574989319,1.4847593307495117,-2.4766268730163574,-0.9869596362113953,2.2574005126953125,-1.2592788934707642
-2.1745965480804443,0.6970183253288269,1.4722741842269897,-2.464806079864502,-0.9772775173187256,2.2617897987365723,-1.2884485721588135
-2.1688578128814697,0.689593493938446,1.4593158960342407,-2.4527745246887207,-0.9673740863800049,2.266061782836914,-1.3176182508468628
-2.1624624729156494,0.6822866201400757,1.4458776712417603,-2.440532684326172,-0.957252562046051,2.270205497741699,-1.346787929534912
-2.1554055213928223,0.6751116514205933,1.4319493770599365,-2.4280810356140137,-0.9469178915023804,2.274214029312134,-1.3759576082229614
-2.1476871967315674,0.6680841445922852,1.4175262451171875,-2.415419101715088,-0.9363735914230347,2.278076171875,-1.4051272869110107
-2.1393048763275146,0.6612175107002258,1.4026012420654297,-2.4025468826293945,-0.9256238341331482,2.281785726547241,-1.43429696559906
-2.1302590370178223,0.6545248627662659,1.387169599533081,-2.3894636631011963,-0.9146718978881836,2.285334348678589,-1.4634666442871094
-2.1205477714538574,0.648019552230835,1.3712244033813477,-2.3761682510375977,-0.9035214185714722,2.2887160778045654,-1.4926363229751587
-2.1101725101470947,0.6417142748832703,1.3547621965408325,-2.3626604080200195,-0.8921758532524109,2.291924238204956,-1.521806001663208
-2.099137306213379,0.635622501373291,1.3377822637557983,-2.34893798828125,-0.8806388974189758,2.2949509620666504,-1.5509756803512573
-2.0874414443969727,0.6297550201416016,1.3202786445617676,-2.3349995613098145,-0.868912935256958,2.297793388366699,-1.5801453590393066
-2.075092315673828,0.6241254210472107,1.3022537231445312,-2.3208436965942383,-0.8570017218589783,2.300443649291992,-1.609315037727356
-2.0620920658111572,0.6187438368797302,1.2837047576904297,-2.3064680099487305,-0.8449068665504456,2.302898406982422,-1.6384847164154053
-2.0484495162963867,0.6136235594749451,1.2646353244781494,-2.2918701171875,-0.8326325416564941,2.3051514625549316,-1.667654275894165
-2.034170150756836,0.6087745428085327,1.2450461387634277,-2.2770471572875977,-0.8201799988746643,2.307199478149414,-1.6968239545822144
-2.0192644596099854,0.6042085289955139,1.2249417304992676,-2.261996269226074,-0.8075507283210754,2.309037685394287,-1.7259937524795532
-2.0037426948547363,0.5999364852905273,1.2043277025222778,-2.2467145919799805,-0.7947481274604797,2.310661792755127,-1.7551634311676025
-1.9876165390014648,0.5959703326225281,1.1832103729248047,-2.2311978340148926,-0.7817739248275757,2.3120672702789307,-1.7843329906463623
-1.9709006547927856,0.5923194289207458,1.1615984439849854,-2.215442657470703,-0.7686289548873901,2.313250780105591,-1.8135026693344116
-1.9536079168319702,0.5889950394630432,1.1394984722137451,-2.19944429397583,-0.7553138732910156,2.314208507537842,-1.842672348022461
-1.9357572793960571,0.5860078930854797,1.1169260740280151,-2.1831984519958496,-0.741831362247467,2.3149361610412598,-1.8718420267105103
-1.9173656702041626,0.5833679437637329,1.0938913822174072,-2.1666998863220215,-0.7281808257102966,2.3154304027557373,-1.9010117053985596
-1.8984544277191162,0.5810866355895996,1.0704095363616943,-2.1499431133270264,-0.7143633961677551,2.3156864643096924,-1.9301813840866089
-1.879043698310852,0.5791733860969543,1.046494722366333,-2.132922410964966,-0.7003787755966187,2.3157010078430176,-1.9593510627746582
-1.8591586351394653,0.5776388049125671,1.0221657752990723,-2.115631580352783,-0.6862276792526245,2.315469264984131,-1.9885207414627075
-1.838821530342102,0.576492965221405,0.9974389672279358,-2.0980632305145264,-0.671908438205719,2.314987897872925,-2.017690420150757
-1.8180608749389648,0.5757461190223694,0.9723358154296875,-2.0802106857299805,-0.6574220657348633,2.31425142288208,-2.0468599796295166
-1.7969015836715698,0.5754081010818481,0.9468743205070496,-2.062065601348877,-0.64276522397995,2.313255786895752,-2.0760297775268555
-1.7739715576171875,0.586925208568573,0.9393336176872253,-2.0426511764526367,-0.6458864212036133,2.30456280708313,-2.092597246170044
-1.7517560720443726,0.5990060567855835,0.932586133480072,-2.022768497467041,-0.6495302319526672,2.2954490184783936,-2.1091644763946533
-1.7302500009536743,0.6116601228713989,0.9266527891159058,-2.0024073123931885,-0.6537155508995056,2.2859013080596924,-2.125731945037842
-1.709445834159851,0.6248990893363953,0.9215545058250427,-1.9815577268600464,-0.6584648489952087,2.275904655456543,-2.142299175262451
-1.6893361806869507,0.6387375593185425,0.917315661907196,-1.9602077007293701,-0.6638049483299255,2.2654407024383545,-2.1588666439056396
-1.669908046722412,0.6531922817230225,0.9139585494995117,-1.9383440017700195,-0.6697658896446228,2.254490613937378,-2.175433874130249
-1.651150107383728,0.6682831048965454,0.9115109443664551,-1.9159517288208008,-0.6763796210289001,2.2430317401885986,-2.1920013427734375
-1.633048415184021,0.6840335130691528,0.9100028276443481,-1.893014669418335,-0.6836856603622437,2.2310397624969482,-2.208568572998047
-1.6155877113342285,0.7004715204238892,0.9094682335853577,-1.869513988494873,-0.6917266249656677,2.2184863090515137,-2.2251360416412354
-1.5987526178359985,0.7176304459571838,0.909948468208313,-1.8454289436340332,-0.7005544900894165,2.2053380012512207,-2.241703510284424
-1.5825262069702148,0.7355486750602722,0.9114900827407837,-1.8207364082336426,-0.7102282643318176,2.191558837890625,-2.258270740509033
-1.5668911933898926,0.754270613193512,0.9141490459442139,-1.7954102754592896,-0.7208161354064941,2.1771059036254883,-2.2748382091522217
-1.5518288612365723,0.7738508582115173,0.9179913401603699,-1.7694213390350342,-0.7323986887931824,2.1619300842285156,-2.291405439376831
-1.5373220443725586,0.7943516969680786,0.923098623752594,-1.742736577987671,-0.7450698018074036,2.1459734439849854,-2.3079729080200195
-1.5233501195907593,0.815846860408783,0.9295652508735657,-1.7153195142745972,-0.7589418888092041,2.1291704177856445,-2.324540376663208
-1.5098944902420044,0.8384274244308472,0.9375113248825073,-1.6871273517608643,-0.7741520404815674,2.1114397048950195,-2.3411076068878174
-1.4969342947006226,0.8622003793716431,0.947080135345459,-1.658113718032837,-0.7908621430397034,2.0926876068115234,-2.3576748371124268
-1.4844474792480469,0.887296199798584,0.9584502577781677,-1.6282236576080322,-0.8092718720436096,2.0727996826171875,-2.3742425441741943
-1.472414255142212,0.9138786196708679,0.9718502163887024,-1.597395420074463,-0.8296340703964233,2.051633358001709,-2.3908097743988037
-1.4608091115951538,0.942151665687561,0.9875661730766296,-1.5655560493469238,-0.8522619605064392,2.029012680053711,-2.407377004623413
-1.44960618019104,0.9723734855651855,1.005969524383545,-1.5326240062713623,-0.8775602579116821,2.00471568107605,-2.4239444732666016
-1.4387763738632202,1.0048871040344238,1.0275557041168213,-1.4985003471374512,-0.9060643315315247,1.9784475564956665,-2.44051194190979
-1.4282934665679932,1.0401532649993896,1.0530059337615967,-1.4630708694458008,-0.938502848148346,1.9498134851455688,-2.4570791721343994
-1.4181050062179565,1.078823208808899,1.083267092704773,-1.4261977672576904,-0.9759005904197693,1.9182592630386353,-2.473646402359009
-1.4081603288650513,1.121857762336731,1.119761347770691,-1.3877148628234863,-1.0197776556015015,1.88296639919281,-2.4902141094207764
-1.3983826637268066,1.1708019971847534,1.1647617816925049,-1.3474183082580566,-1.072564721107483,1.8426202535629272,-2.5067813396453857
-1.3886395692825317,1.2284196615219116,1.2222954034805298,-1.3050541877746582,-1.1385705471038818,1.794874906539917,-2.523348569869995
-1.378658413887024,1.3007583618164062,1.3010172843933105,-1.260298490524292,-1.227065920829773,1.734599232673645,-2.5399160385131836
