0.8574822545051575,1.1212170124053955,-0.10721156746149063,-0.7544870376586914,0.10108795017004013,1.8719935417175293,-1.5755329132080078
0.852389395236969,1.09633207321167,-0.08296793699264526,-0.7983026504516602,0.0777784138917923,1.8923243284225464,-1.5493217706680298
0.847252368927002,1.0745558738708496,-0.06139550730586052,-0.8368122577667236,0.05724911764264107,1.9100630283355713,-1.5231105089187622
0.8420820236206055,1.055011510848999,-0.04169492796063423,-0.8715319633483887,0.038683295249938965,1.9259450435638428,-1.4968993663787842
0.8368837833404541,1.0371966361999512,-0.02339215576648712,-0.9033665657043457,0.021598555147647858,1.9403798580169678,-1.4706881046295166
0.8316629528999329,1.0207613706588745,-0.006179438903927803,-0.9329051971435547,0.005679219029843807,1.9536654949188232,-1.4444769620895386
0.826423168182373,1.0054689645767212,0.010155373252928257,-0.9605617523193359,-0.009291578084230423,1.9660001993179321,-1.4182658195495605
0.8211663961410522,0.9911422729492188,0.025768248364329338,-0.9866323471069336,-0.023473626002669334,1.977529525756836,-1.392054557800293
0.8158953785896301,0.9776496887207031,0.040774155408144,-1.0113472938537598,-0.03698578476905823,1.9883639812469482,-1.365843415260315
0.8106122016906738,0.9648904204368591,0.055262625217437744,-1.0348806381225586,-0.049919456243515015,1.9985904693603516,-1.3396321535110474
0.8053190112113953,0.9527808427810669,0.06930381804704666,-1.0573735237121582,-0.06234772130846977,2.008277177810669,-1.3134210109710693
0.8000165224075317,0.941253662109375,0.08295603096485138,-1.0789408683776855,-0.07433075457811356,2.0174810886383057,-1.2872098684310913
0.7947068810462952,0.9302555918693542,0.09626530110836029,-1.0996737480163574,-0.08591713011264801,2.02624773979187,-1.2609986066818237
0.7893921136856079,0.9197392463684082,0.10926972329616547,-1.1196520328521729,-0.09714548289775848,2.034616470336914,-1.2347874641418457
0.7840716242790222,0.9096638560295105,0.12200414389371872,-1.1389436721801758,-0.10805164277553558,2.042621374130249,-1.2085762023925781
0.7787485718727112,0.8999983668327332,0.13449397683143616,-1.1576032638549805,-0.11866416037082672,2.050290822982788,-1.1823650598526
0.7734197974205017,0.8907108306884766,0.14676925539970398,-1.1756811141967773,-0.12901265919208527,2.0576484203338623,-1.156153917312622
0.768094003200531,0.8817822337150574,0.1588398963212967,-1.1932199001312256,-0.13911078870296478,2.064716339111328,-1.1299426555633545
0.7627673745155334,0.8731809258460999,0.17072975635528564,-1.210256576538086,-0.14898072183132172,2.0715136528015137,-1.103731393814087
0.7574427723884583,0.8648906946182251,0.1824522167444229,-1.2268240451812744,-0.1586388647556305,2.0780587196350098,-1.0775202512741089
0.7521210312843323,0.8568941354751587,0.1940218210220337,-1.2429518699645996,-0.16810020804405212,2.0843636989593506,-1.0513091087341309
0.746802806854248,0.8491759300231934,0.20545095205307007,-1.2586660385131836,-0.17737779021263123,2.0904440879821777,-1.0250979661941528
0.741489827632904,0.8417211174964905,0.21674951910972595,-1.2739903926849365,-0.18648414313793182,2.096311569213867,-0.9988867044448853
0.7361826300621033,0.834517240524292,0.22792759537696838,-1.2889456748962402,-0.19542847573757172,2.1019763946533203,-0.9726755023002625
0.7308828830718994,0.8275524377822876,0.23899297416210175,-1.303551197052002,-0.20422065258026123,2.107450008392334,-0.9464643597602844
0.7255922555923462,0.8208178877830505,0.2499529868364334,-1.3178229331970215,-0.21286985278129578,2.112739086151123,-0.9202531576156616
0.7203110456466675,0.8143015503883362,0.260814905166626,-1.3317787647247314,-0.22138354182243347,2.117854118347168,-0.8940419554710388
0.7150406837463379,0.807995080947876,0.2715844511985779,-1.3454320430755615,-0.22976844012737274,2.122802257537842,-0.8678306937217712
0.7097830176353455,0.8018918037414551,0.282266765832901,-1.358795404434204,-0.23803095519542694,2.127589702606201,-0.8416195511817932
0.7045382857322693,0.7959824800491333,0.2928672134876251,-1.3718819618225098,-0.24617737531661987,2.132223129272461,-0.8154084086418152
0.6993086338043213,0.7902617454528809,0.3033897280693054,-1.384702444076538,-0.25421372056007385,2.136709451675415,-0.7891971468925476
0.6940950155258179,0.7847214937210083,0.3138379156589508,-1.3972673416137695,-0.26214370131492615,2.1410531997680664,-0.7629859447479248
0.6888983249664307,0.7793579697608948,0.3242166042327881,-1.4095854759216309,-0.269974023103714,2.145259141921997,-0.7367748022079468
0.6837205290794373,0.7741631865501404,0.33452728390693665,-1.4216668605804443,-0.2777066230773926,2.1493330001831055,-0.7105635404586792
0.678563117980957,0.769133448600769,0.3447728157043457,-1.4335193634033203,-0.28534603118896484,2.1532797813415527,-0.6843523979187012
0.67342609167099,0.7642638087272644,0.354957640171051,-1.445150375366211,-0.29289722442626953,2.157102108001709,-0.6581412553787231
0.668312132358551,0.7595503330230713,0.365082323551178,-1.456566572189331,-0.30036336183547974,2.160804510116577,-0.6319299936294556
0.6632221937179565,0.7549871802330017,0.375149130821228,-1.467775821685791,-0.30774644017219543,2.164390802383423,-0.6057188510894775
0.6581575870513916,0.7505723834037781,0.38516032695770264,-1.478783130645752,-0.3150506913661957,2.1678645610809326,-0.5795076489448547
0.653119683265686,0.7463009357452393,0.3951171934604645,-1.4895949363708496,-0.3222793638706207,2.1712284088134766,-0.5532965064048767
0.6481102705001831,0.742169201374054,0.40502071380615234,-1.5002169609069824,-0.3294333219528198,2.1744861602783203,-0.5270852446556091
0.643130362033844,0.7381742596626282,0.4148726463317871,-1.5106544494628906,-0.33651623129844666,2.177640676498413,-0.5008741021156311
0.6381812691688538,0.7343131303787231,0.4246741831302643,-1.520911693572998,-0.34353023767471313,2.1806936264038086,-0.4746628999710083
0.6332648396492004,0.7305829524993896,0.4344260096549988,-1.5309932231903076,-0.3504782021045685,2.183648109436035,-0.4484516680240631
0.6283826231956482,0.726980984210968,0.44412854313850403,-1.5409038066864014,-0.35736122727394104,2.186506986618042,-0.4222404956817627
0.6235352158546448,0.7235039472579956,0.4537833631038666,-1.550647258758545,-0.3641827404499054,2.189271926879883,-0.3960293233394623
0.6187252402305603,0.7201497554779053,0.4633901119232178,-1.5602271556854248,-0.3709433972835541,2.191945791244507,-0.3698180913925171
0.6139540672302246,0.7169156074523926,0.4729485809803009,-1.569648027420044,-0.37764468789100647,2.194530487060547,-0.3436069190502167
0.6092223525047302,0.7137998342514038,0.4824606776237488,-1.5789127349853516,-0.3842889070510864,2.1970272064208984,-0.31739577651023865
0.60453200340271,0.710800051689148,0.4919261932373047,-1.5880239009857178,-0.3908783197402954,2.1994380950927734,-0.29118451476097107
0.5998848080635071,0.7079144716262817,0.501344621181488,-1.5969855785369873,-0.3974137306213379,2.2017650604248047,-0.26497334241867065
0.6150515079498291,0.6859666705131531,0.4718206524848938,-1.6215429306030273,-0.369125097990036,2.217726707458496,-0.25268951058387756
0.6306000351905823,0.6650201082229614,0.44290053844451904,-1.6455100774765015,-0.3419075012207031,2.232823371887207,-0.24040569365024567
0.646546483039856,0.6449978947639465,0.41445791721343994,-1.6689200401306152,-0.3156473636627197,2.2471251487731934,-0.22812187671661377
0.6629064679145813,0.6258339881896973,0.38638296723365784,-1.6918046474456787,-0.29024985432624817,2.2606916427612305,-0.21583804488182068
0.6796979904174805,0.6074721217155457,0.35857632756233215,-1.7141904830932617,-0.2656322717666626,2.2735755443573,-0.20355422794818878
0.6969391107559204,0.589862048625946,0.3309493362903595,-1.7361035346984863,-0.24172331392765045,2.2858238220214844,-0.19127041101455688
0.714649498462677,0.5729617476463318,0.30342042446136475,-1.7575664520263672,-0.21846134960651398,2.297478437423706,-0.1789865791797638
0.732848584651947,0.5567324161529541,0.27591580152511597,-1.7786006927490234,-0.19579164683818817,2.3085756301879883,-0.1667027622461319
0.7515565752983093,0.5411426424980164,0.2483677715063095,-1.7992244958877563,-0.17366717755794525,2.3191471099853516,-0.1544189304113388
0.7707954049110413,0.5261632204055786,0.22071120142936707,-1.8194565773010254,-0.15204520523548126,2.3292253017425537,-0.1421351134777069
0.7905858159065247,0.5117694139480591,0.1928875595331192,-1.8393124341964722,-0.13088856637477875,2.3388350009918213,-0.12985128164291382
0.8109496831893921,0.4979392886161804,0.1648406684398651,-1.8588075637817383,-0.11016380786895752,2.348001480102539,-0.11756746470928192
0.8319070935249329,0.48465439677238464,0.13651970028877258,-1.877955436706543,-0.08984193205833435,2.356745719909668,-0.10528364777565002
0.8534802794456482,0.4718985855579376,0.10787459462881088,-1.8967697620391846,-0.06989584863185883,2.3650898933410645,-0.09299983084201813
0.8756886720657349,0.4596576988697052,0.07886061072349548,-1.9152617454528809,-0.05030185356736183,2.3730506896972656,-0.08071599155664444
0.8985518217086792,0.4479198157787323,0.049435265362262726,-1.933443546295166,-0.03103867545723915,2.380645513534546,-0.06843217462301254
0.9220879673957825,0.43667569756507874,0.019559253007173538,-1.9513245820999146,-0.012087148614227772,2.387890577316284,-0.05614835023880005
0.946313202381134,0.4259167015552521,-0.010802815668284893,-1.9689152240753174,0.006570263300091028,2.39479923248291,-0.04386452957987785
0.9712414741516113,0.41563668847084045,-0.041682835668325424,-1.9862245321273804,0.02494971826672554,2.4013853073120117,-0.03158070892095566
0.9968844056129456,0.40583065152168274,-0.07310843467712402,-2.003260850906372,0.0430653914809227,2.407660961151123,-0.019296890124678612
1.023249626159668,0.3964952230453491,-0.1051027923822403,-2.0200326442718506,0.06093041971325874,2.41363787651062,-0.007013054098933935
1.0503405332565308,0.3876267969608307,-0.1376824676990509,-2.0365471839904785,0.07855565845966339,2.4193263053894043,0.00527076655998826
1.0781584978103638,0.37922438979148865,-0.17086295783519745,-2.052811622619629,0.09595277905464172,2.4247355461120605,0.01755458675324917
0.9728394150733948,0.3996853828430176,-0.08028583228588104,-2.0135598182678223,0.046811942011117935,2.4115447998046875,0.045818135142326355
0.8755981922149658,0.42377084493637085,0.00408233143389225,-1.9724035263061523,-0.00247453642077744,2.396169900894165,0.07408168166875839
0.7861517667770386,0.4512990117073059,0.08269969373941422,-1.929256558418274,-0.052151158452034,2.3785336017608643,0.10234522074460983
0.7039756774902344,0.48216739296913147,0.15631003677845,-1.8840086460113525,-0.10250473022460938,2.358522653579712,0.13060876727104187
0.6284273862838745,0.5163634419441223,0.2258327454328537,-1.836521863937378,-0.15388454496860504,2.3359756469726562,0.1588723212480545
0.5588352084159851,0.5539785623550415,0.29229721426963806,-1.7866225242614746,-0.20672279596328735,2.310675621032715,0.18713586032390594
0.4945490062236786,0.5952193737030029,0.3568246066570282,-1.7340928316116333,-0.26156777143478394,2.2823309898376465,0.21539939939975739
0.43497204780578613,0.6404370665550232,0.42064785957336426,-1.6786566972732544,-0.31913742423057556,2.25055193901062,0.24366295337677002
0.3795757293701172,0.6901698708534241,0.48518070578575134,-1.6199593544006348,-0.3804016709327698,2.2148053646087646,0.27192649245262146
0.3279045820236206,0.7452225089073181,0.552145779132843,-1.5575382709503174,-0.44673097133636475,2.1743481159210205,0.3001900315284729
0.2795814573764801,0.8068075180053711,0.6238337755203247,-1.490776538848877,-0.5201507210731506,2.1280999183654785,0.32845360040664673
0.2343115359544754,0.876837432384491,0.7036030888557434,-1.4188246726989746,-0.603872537612915,2.0743939876556396,0.35671713948249817
0.19190388917922974,0.9585607647895813,0.7969961762428284,-1.340466022491455,-0.703456699848175,2.010435104370117,0.3849806785583496
0.15232723951339722,1.058293342590332,0.9147607088088989,-1.2538557052612305,-0.82998126745224,1.9308314323425293,0.41324421763420105
0.1787809580564499,0.9556975364685059,0.7871742844581604,-1.3376128673553467,-0.6944587230682373,2.012561559677124,0.3954605162143707
0.20705270767211914,0.8730942606925964,0.6861196160316467,-1.413417100906372,-0.5885079503059387,2.0770325660705566,0.377676784992218
0.23701167106628418,0.803361713886261,0.6000880599021912,-1.4830257892608643,-0.5001516342163086,2.1303486824035645,0.3598930835723877
0.26868167519569397,0.7428587079048157,0.5232924222946167,-1.547611951828003,-0.4234679341316223,2.175657033920288,0.342109352350235
0.30216142535209656,0.6894318461418152,0.45233818888664246,-1.608006477355957,-0.35508039593696594,2.214839220046997,0.32432565093040466
0.33759805560112,0.6416934728622437,0.3850133419036865,-1.6648218631744385,-0.2928844094276428,2.249129056930542,0.30654191970825195
0.375173419713974,0.5986971855163574,0.3197546601295471,-1.7185252904891968,-0.2354809045791626,2.2793874740600586,0.28875821828842163
0.4150906503200531,0.5597721338272095,0.2553872764110565,-1.7694820165634155,-0.18189774453639984,2.306243419647217,0.2709744870662689
0.45757171511650085,0.5244343280792236,0.19098395109176636,-1.817982792854309,-0.13143429160118103,2.330173969268799,0.2531907856464386
0.5028417706489563,0.49232983589172363,0.12578271329402924,-1.8642652034759521,-0.0835714116692543,2.3515498638153076,0.23540708422660828
0.5511197447776794,0.4632008969783783,0.059151310473680496,-1.9085243940353394,-0.03791748732328415,2.37066650390625,0.21762335300445557
0.6025983691215515,0.4368647634983063,-0.009431167505681515,-1.950923204421997,0.005830125417560339,2.3877623081207275,0.19983965158462524
0.6574220061302185,0.41319409012794495,-0.08037424087524414,-1.9915984869003296,0.04790494590997696,2.4030332565307617,0.18205593526363373
0.6710157990455627,0.403049498796463,-0.10584069043397903,-2.009462833404541,0.062031958252191544,2.409534454345703,0.15296263992786407
0.6848310828208923,0.39338424801826477,-0.1315169781446457,-2.0268163681030273,0.07579974085092545,2.4157118797302246,0.12386934459209442
0.6988560557365417,0.3841888904571533,-0.15740706026554108,-2.043668270111084,0.08922131359577179,2.4215784072875977,0.09477604925632477
0.7130743861198425,0.375455766916275,-0.18351078033447266,-2.0600268840789795,0.10230884701013565,2.427147388458252,0.06568275392055511
0.727467954158783,0.3671762943267822,-0.20982341468334198,-2.075900077819824,0.11507443338632584,2.432429075241089,0.03658946603536606
0.7420123815536499,0.3593423068523407,-0.2363332211971283,-2.0912952423095703,0.12752830982208252,2.437434673309326,0.007496163249015808
0.7566806077957153,0.35194841027259827,-0.2630247175693512,-2.106217384338379,0.1396799385547638,2.442174196243286,-0.02159714139997959
0.7714417576789856,0.34498801827430725,-0.28987783193588257,-2.1206724643707275,0.1515393853187561,2.4466562271118164,-0.0506904311478138
0.7862590551376343,0.33845484256744385,-0.31686505675315857,-2.134665012359619,0.16311489045619965,2.4508893489837646,-0.07978373020887375
0.8010912537574768,0.3323432505130768,-0.3439541161060333,-2.1481990814208984,0.17441444098949432,2.4548826217651367,-0.10887700319290161
0.8158955574035645,0.3266462981700897,-0.37111037969589233,-2.161278247833252,0.18544714152812958,2.4586422443389893,-0.13797031342983246
0.8306207656860352,0.3213600516319275,-0.39828968048095703,-2.173905372619629,0.1962195485830307,2.4621758460998535,-0.1670636087656021
0.8452163934707642,0.31647729873657227,-0.42544791102409363,-2.1860833168029785,0.20674002170562744,2.465489625930786,-0.19615691900253296
0.8596231937408447,0.3119924068450928,-0.4525316655635834,-2.1978135108947754,0.21701578795909882,2.4685897827148438,-0.2252502143383026
0.8737856149673462,0.30789873003959656,-0.47949057817459106,-2.2090983390808105,0.22705385088920593,2.4714818000793457,-0.2543434798717499
0.8876391649246216,0.30419060587882996,-0.5062644481658936,-2.219938278198242,0.2368619740009308,2.474170684814453,-0.2834368050098419
0.9011198878288269,0.3008609712123871,-0.5327931046485901,-2.230334758758545,0.24644717574119568,2.4766616821289062,-0.3125301003456116
0.9141659140586853,0.29790204763412476,-0.5590178966522217,-2.240288257598877,0.2558170557022095,2.4789581298828125,-0.3416233956813812
0.9267086982727051,0.2953070104122162,-0.5848729610443115,-2.2497992515563965,0.26497918367385864,2.481065511703491,-0.3707166612148285
0.9386852383613586,0.29306888580322266,-0.6102969646453857,-2.2588672637939453,0.2739410400390625,2.4829869270324707,-0.39980992674827576
0.950035035610199,0.29117920994758606,-0.6352309584617615,-2.2674927711486816,0.282710462808609,2.484724521636963,-0.4289032816886902
0.960692286491394,0.2896309196949005,-0.6596102118492126,-2.275674819946289,0.29129597544670105,2.4862828254699707,-0.45799654722213745
0.970600426197052,0.2884161174297333,-0.6833782196044922,-2.2834131717681885,0.29970499873161316,2.487663745880127,-0.4870898723602295
0.9797042012214661,0.28752627968788147,-0.7064794898033142,-2.2907071113586426,0.3079458177089691,2.48887038230896,-0.5161831378936768
0.9879551529884338,0.28695377707481384,-0.7288652658462524,-2.2975549697875977,0.31602784991264343,2.489902973175049,-0.5452765226364136
0.9953054785728455,0.28669166564941406,-0.7504860162734985,-2.3039565086364746,0.3239603340625763,2.4907643795013428,-0.5743697881698608
1.0017168521881104,0.28673234581947327,-0.7713022828102112,-2.3099100589752197,0.331752210855484,2.491455078125,-0.6034630537033081
1.0071524381637573,0.2870691418647766,-0.7912749648094177,-2.3154144287109375,0.3394129276275635,2.491976261138916,-0.6325563788414001
1.0115854740142822,0.28769543766975403,-0.8103745579719543,-2.3204684257507324,0.34695303440093994,2.49232816696167,-0.6616496443748474
1.0149915218353271,0.28860506415367126,-0.8285739421844482,-2.325070381164551,0.3543822169303894,2.49251127243042,-0.6907429099082947
1.0173556804656982,0.2897930145263672,-0.8458548188209534,-2.329218864440918,0.3617112338542938,2.4925243854522705,-0.7198361754417419
1.0186686515808105,0.29125523567199707,-0.8622046709060669,-2.3329129219055176,0.3689516484737396,2.4923675060272217,-0.748929500579834
1.0189212560653687,0.2929867208003998,-0.8776095509529114,-2.336150884628296,0.3761131167411804,2.4920406341552734,-0.7780228853225708
1.0181217193603516,0.29498571157455444,-0.8920743465423584,-2.33893084526062,0.38320907950401306,2.49153995513916,-0.8071161508560181
1.01627516746521,0.2972497045993805,-0.9055991172790527,-2.3412513732910156,0.390251100063324,2.4908649921417236,-0.8362094163894653
1.0133917331695557,0.29977697134017944,-0.9181896448135376,-2.343111991882324,0.3972497284412384,2.4900145530700684,-0.8653027415275574
1.0094932317733765,0.30256831645965576,-0.9298630356788635,-2.344510078430176,0.404219388961792,2.4889841079711914,-0.8943960070610046
1.055480718612671,0.2973182797431946,-0.9701117873191833,-2.3637099266052246,0.4119967520236969,2.493680000305176,-0.8735881447792053
1.1030702590942383,0.29264745116233826,-1.0118223428726196,-2.3827462196350098,0.41990986466407776,2.498173475265503,-0.8527802228927612
1.1521763801574707,0.28858765959739685,-1.0549037456512451,-2.4016222953796387,0.42796429991722107,2.502460479736328,-0.8319723606109619
1.2026876211166382,0.2851690649986267,-1.0992389917373657,-2.420341968536377,0.43616557121276855,2.5065364837646484,-0.8111644983291626
1.2544605731964111,0.2824234366416931,-1.1446787118911743,-2.438908100128174,0.44452163577079773,2.5103960037231445,-0.7903566360473633
1.3073190450668335,0.2803777754306793,-1.1910409927368164,-2.4573240280151367,0.4530370533466339,2.514033555984497,-0.7695487141609192
1.3610657453536987,0.27905887365341187,-1.2381212711334229,-2.475592613220215,0.46172183752059937,2.517441511154175,-0.7487408518791199
1.415467619895935,0.27848896384239197,-1.285679578781128,-2.4937164783477783,0.47058120369911194,2.5206141471862793,-0.7279329299926758
1.4702829122543335,0.2786879539489746,-1.33346688747406,-2.511697769165039,0.4796237349510193,2.5235419273376465,-0.7071250677108765
1.525252342224121,0.27967211604118347,-1.3812158107757568,-2.529538869857788,0.488858699798584,2.526216506958008,-0.6863172054290771
1.5801060199737549,0.2814508378505707,-1.428647756576538,-2.547241687774658,0.49829286336898804,2.528630018234253,-0.6655093431472778
1.634590744972229,0.28403228521347046,-1.4755011796951294,-2.564807415008545,0.5079370737075806,2.5307693481445312,-0.6447014212608337
1.6884541511535645,0.28741905093193054,-1.521513819694519,-2.5822384357452393,0.5178008079528809,2.5326244831085205,-0.6238935589790344
1.7414650917053223,0.29160991311073303,-1.5664440393447876,-2.5995352268218994,0.5278936624526978,2.53418231010437,-0.6030856966972351
1.7934153079986572,0.2966010868549347,-1.6100729703903198,-2.61669921875,0.5382267236709595,2.5354294776916504,-0.582277774810791
1.8441269397735596,0.30238622426986694,-1.652211308479309,-2.6337311267852783,0.5488117933273315,2.536349296569824,-0.5614699125289917
1.893446922302246,0.308956503868103,-1.6926937103271484,-2.650631904602051,0.5596602559089661,2.5369277000427246,-0.5406620502471924
1.9008805751800537,0.3062085509300232,-1.7148574590682983,-2.6590373516082764,0.5553432703018188,2.5401577949523926,-0.5256062746047974
1.9077730178833008,0.30349868535995483,-1.7367908954620361,-2.667118549346924,0.5507766008377075,2.5433337688446045,-0.5105504393577576
1.9140980243682861,0.30081814527511597,-1.7584640979766846,-2.674870729446411,0.5459637641906738,2.546454429626465,-0.49549466371536255
1.9198310375213623,0.29816022515296936,-1.7798490524291992,-2.68228816986084,0.5409102439880371,2.54951810836792,-0.48043888807296753
1.9249463081359863,0.2955176532268524,-1.8009153604507446,-2.689366579055786,0.535620927810669,2.552523612976074,-0.4653830826282501
1.9294155836105347,0.29288044571876526,-1.8216285705566406,-2.6961002349853516,0.5301014184951782,2.5554704666137695,-0.4503273069858551
1.9332170486450195,0.2902415990829468,-1.8419609069824219,-2.702484130859375,0.5243586301803589,2.558356761932373,-0.4352715015411377
1.936326265335083,0.2875916361808777,-1.8618799448013306,-2.7085132598876953,0.5184001326560974,2.561180830001831,-0.4202157258987427
1.9387167692184448,0.28492236137390137,-1.881351351737976,-2.7141828536987305,0.5122339129447937,2.563941717147827,-0.40515992045402527
1.94036865234375,0.28222447633743286,-1.900345802307129,-2.7194876670837402,0.5058690309524536,2.5666375160217285,-0.39010414481163025
1.941256046295166,0.2794915735721588,-1.918826699256897,-2.724423408508301,0.4993177056312561,2.569265604019165,-0.37504833936691284
1.9413588047027588,0.276714026927948,-1.936762809753418,-2.72898530960083,0.49258890748023987,2.571824312210083,-0.35999253392219543
1.9406518936157227,0.27388280630111694,-1.9541174173355103,-2.733168601989746,0.4856947958469391,2.574312210083008,-0.3449367582798004
1.9329473972320557,0.2693640887737274,-1.9584802389144897,-2.732470750808716,0.4778187870979309,2.576176404953003,-0.3255484998226166
1.9248802661895752,0.264855295419693,-1.9624768495559692,-2.731621742248535,0.46997496485710144,2.5779647827148438,-0.30616024136543274
1.9164366722106934,0.26035645604133606,-1.9660887718200684,-2.730621576309204,0.4621667265892029,2.579676866531372,-0.2867719829082489
1.9075983762741089,0.25586557388305664,-1.9692931175231934,-2.729470729827881,0.4543977677822113,2.5813136100769043,-0.26738372445106506
1.8983522653579712,0.2513839602470398,-1.9720728397369385,-2.7281696796417236,0.44667112827301025,2.582874059677124,-0.24799546599388123
1.888676643371582,0.24690981209278107,-1.9744019508361816,-2.7267184257507324,0.43899062275886536,2.5843594074249268,-0.2286072075366974
1.8785547018051147,0.24244466423988342,-1.9762589931488037,-2.7251176834106445,0.43135952949523926,2.585768461227417,-0.20921896398067474
1.8679627180099487,0.2379869520664215,-1.977616786956787,-2.723367929458618,0.4237808883190155,2.5871028900146484,-0.1898306906223297
1.8568822145462036,0.23353825509548187,-1.978452444076538,-2.7214694023132324,0.41625815629959106,2.5883612632751465,-0.17044244706630707
1.8452839851379395,0.2290971428155899,-1.978732943534851,-2.7194228172302246,0.40879419445991516,2.589545249938965,-0.15105418860912323
1.8331453800201416,0.22466668486595154,-1.9784318208694458,-2.717228889465332,0.40139251947402954,2.590654134750366,-0.1316659301519394
1.8204386234283447,0.22024576365947723,-1.9775176048278809,-2.714887857437134,0.39405563473701477,2.5916881561279297,-0.11227766424417496
1.8071342706680298,0.21583709120750427,-1.9759573936462402,-2.7124009132385254,0.3867871165275574,2.5926473140716553,-0.09288942068815231
1.7932007312774658,0.21144162118434906,-1.9737155437469482,-2.709768772125244,0.3795890212059021,2.593531608581543,-0.07350116223096848
1.7786000967025757,0.2070600688457489,-1.9707515239715576,-2.706991672515869,0.3724648356437683,2.5943422317504883,-0.054112885147333145
1.7633010149002075,0.20269596576690674,-1.9670301675796509,-2.704071044921875,0.3654167652130127,2.5950777530670166,-0.03472462669014931
1.7472566366195679,0.19835057854652405,-1.9625017642974854,-2.701007127761841,0.35844749212265015,2.5957400798797607,-0.01533636637032032
1.7304288148880005,0.19402699172496796,-1.957124948501587,-2.697801351547241,0.35155951976776123,2.5963282585144043,0.004051862750202417
1.712768316268921,0.18972843885421753,-1.9508476257324219,-2.6944541931152344,0.34475523233413696,2.5968427658081055,0.023440122604370117
1.694225788116455,0.18545788526535034,-1.9436180591583252,-2.690966844558716,0.33803606033325195,2.5972843170166016,0.042828381061553955
1.6747491359710693,0.18122048676013947,-1.9353806972503662,-2.687340259552002,0.33140528202056885,2.5976524353027344,0.06221664696931839
1.654279112815857,0.17701953649520874,-1.926074743270874,-2.683574914932251,0.3248649537563324,2.597947359085083,0.08160490542650223
1.632757306098938,0.17286035418510437,-1.91563880443573,-2.6796724796295166,0.31841620802879333,2.5981695652008057,0.10099316388368607
1.610113501548767,0.16874843835830688,-1.9040005207061768,-2.675633668899536,0.31206101179122925,2.5983200073242188,0.1203814223408699
1.5862839221954346,0.16469083726406097,-1.8910940885543823,-2.671459436416626,0.3058016896247864,2.5983972549438477,0.13976968824863434
1.5611947774887085,0.16069339215755463,-1.8768439292907715,-2.6671509742736816,0.29963916540145874,2.598402738571167,0.1591579169034958
1.5347647666931152,0.15676292777061462,-1.8611667156219482,-2.6627089977264404,0.29357537627220154,2.598336935043335,0.17854617536067963
1.5069212913513184,0.15290994942188263,-1.8439881801605225,-2.658134937286377,0.287611722946167,2.5981996059417725,0.19793443381786346
1.4775820970535278,0.14914199709892273,-1.8252241611480713,-2.6534297466278076,0.28174924850463867,2.5979905128479004,0.2173227220773697
1.4466630220413208,0.14547045528888702,-1.804789423942566,-2.648594379425049,0.2759893238544464,2.5977108478546143,0.23671099543571472
1.4140857458114624,0.14190569519996643,-1.7826043367385864,-2.643630027770996,0.2703326642513275,2.597360372543335,0.25609925389289856
1.3797688484191895,0.13846014440059662,-1.7585861682891846,-2.638537883758545,0.26478105783462524,2.5969398021698,0.2754875123500824
1.3436402082443237,0.13514591753482819,-1.732661485671997,-2.6333184242248535,0.2593348026275635,2.5964486598968506,0.29487577080726624
1.3056309223175049,0.13197734951972961,-1.7047606706619263,-2.6279735565185547,0.25399431586265564,2.595888137817383,0.3142640292644501
1.2656923532485962,0.1289706528186798,-1.6748344898223877,-2.6225035190582275,0.24876168370246887,2.595257043838501,0.33365222811698914
1.2237787246704102,0.12613916397094727,-1.6428358554840088,-2.616909980773926,0.2436358779668808,2.594557523727417,0.353040486574173
1.1798732280731201,0.12350261956453323,-1.6087474822998047,-2.6111936569213867,0.23861873149871826,2.5937888622283936,0.3724287450313568
1.1339887380599976,0.12107560783624649,-1.5725820064544678,-2.605355739593506,0.23371009528636932,2.5929512977600098,0.39181700348854065
1.0861539840698242,0.11887694150209427,-1.5343677997589111,-2.5993969440460205,0.22891004383563995,2.592045545578003,0.4112052619457245
1.0364489555358887,0.11692403256893158,-1.4941840171813965,-2.5933187007904053,0.22421935200691223,2.591071605682373,0.4305935204029083
0.9849812388420105,0.11523500084877014,-1.4521381855010986,-2.5871217250823975,0.21963845193386078,2.5900299549102783,0.44998183846473694
0.9319117665290833,0.1138257309794426,-1.4083914756774902,-2.5808069705963135,0.2151668667793274,2.5889205932617188,0.469370037317276
0.8774394392967224,0.11271090805530548,-1.3631422519683838,-2.5743753910064697,0.2108055055141449,2.5877435207366943,0.48875829577445984
0.8217995762825012,0.11190783977508545,-1.3166261911392212,-2.5678281784057617,0.2065536230802536,2.5864996910095215,0.5081465840339661
0.7652726769447327,0.11142376065254211,-1.269123911857605,-2.5611658096313477,0.20241118967533112,2.5851893424987793,0.5275348424911499
0.7081649899482727,0.11127141863107681,-1.2209416627883911,-2.554389476776123,0.19837893545627594,2.5838122367858887,0.5469231009483337
0.650803804397583,0.11145646125078201,-1.1724071502685547,-2.547499895095825,0.19445574283599854,2.582369327545166,0.5663113594055176
0.5935315489768982,0.11198147386312485,-1.1238633394241333,-2.5404977798461914,0.19064150750637054,2.580860137939453,0.5856996178627014
0.5366802215576172,0.11284755915403366,-1.0756428241729736,-2.533384323120117,0.18693672120571136,2.5792856216430664,0.6050878763198853
0.4805784821510315,0.11405325680971146,-1.0280742645263672,-2.52616024017334,0.18334080278873444,2.5776450634002686,0.6244761347770691
0.42550474405288696,0.11559059470891953,-0.981437087059021,-2.5188257694244385,0.17985256016254425,2.5759401321411133,0.6438643336296082
0.37174364924430847,0.11745268851518631,-0.9360142946243286,-2.5113821029663086,0.17647305130958557,2.574169158935547,0.663252592086792
0.3194953203201294,0.11962994933128357,-0.892009973526001,-2.5038299560546875,0.17320053279399872,2.5723347663879395,0.6826408505439758
0.26895081996917725,0.1221095398068428,-0.8496147394180298,-2.4961698055267334,0.17003479599952698,2.5704352855682373,0.7020291090011597
0.22024977207183838,0.12487830221652985,-0.8089689016342163,-2.4884023666381836,0.16697673499584198,2.5684709548950195,0.7214173674583435
0.1734737902879715,0.12792274355888367,-0.7701548933982849,-2.480527877807617,0.16402381658554077,2.56644344329834,0.7408056259155273
0.12868991494178772,0.13122741878032684,-0.73324054479599,-2.4725475311279297,0.16117680072784424,2.5643515586853027,0.7601938843727112
0.08591677248477936,0.1347782462835312,-0.6982457637786865,-2.464461088180542,0.15843527019023895,2.5621962547302246,0.7795822024345398
0.045151837170124054,0.1385607123374939,-0.6651686429977417,-2.4562697410583496,0.1557973027229309,2.5599770545959473,0.7989704608917236
0.006358487997204065,0.14256206154823303,-0.6339737176895142,-2.4479737281799316,0.15326350927352905,2.557695150375366,0.8183587193489075
-0.030501440167427063,0.14676573872566223,-0.6046237945556641,-2.439573287963867,0.15083351731300354,2.555349349975586,0.8377469778060913
-0.06549666076898575,0.15116217732429504,-0.5770515203475952,-2.4310688972473145,0.14850535988807678,2.552940845489502,0.8571352362632751
-0.09869595617055893,0.15573754906654358,-0.5511890053749084,-2.4224610328674316,0.1462799459695816,2.550469398498535,0.876523494720459
-0.1301777958869934,0.16048015654087067,-0.5269590020179749,-2.4137496948242188,0.1441551148891449,2.5479352474212646,0.8959117531776428
-0.16002340614795685,0.16538198292255402,-0.5042816400527954,-2.404935359954834,0.1421315222978592,2.5453379154205322,0.9153000116348267
-0.18831682205200195,0.1704312115907669,-0.4830739200115204,-2.3960182666778564,0.14020827412605286,2.542677879333496,0.9346882700920105
-0.2151426523923874,0.17561987042427063,-0.46325257420539856,-2.386998414993286,0.1383841633796692,2.5399553775787354,0.9540765285491943
-0.24058343470096588,0.18093980848789215,-0.4447363317012787,-2.377876043319702,0.13665871322155,2.537170648574829,0.9734647870063782
-0.2647155821323395,0.18638329207897186,-0.42744991183280945,-2.3686509132385254,0.13503195345401764,2.534322738647461,0.992853045463562
-0.2876178026199341,0.1919444352388382,-0.41131630539894104,-2.3593239784240723,0.13350284099578857,2.531412124633789,1.012241244316101
-0.30936503410339355,0.19761662185192108,-0.39626193046569824,-2.3498940467834473,0.1320706307888031,2.5284390449523926,1.0316294431686401
-0.3300267159938812,0.20339441299438477,-0.3822183907032013,-2.340362071990967,0.13073419034481049,2.5254034996032715,1.0510177612304688
-0.34966522455215454,0.2092733234167099,-0.3691249489784241,-2.3307271003723145,0.12949447333812714,2.5223050117492676,1.0704059600830078
-0.3683479130268097,0.21524932980537415,-0.3569156229496002,-2.3209896087646484,0.1283491849899292,2.519144296646118,1.0897942781448364
-0.38612741231918335,0.22131678462028503,-0.34553930163383484,-2.3111495971679688,0.12729881703853607,2.515920400619507,1.1091824769973755
-0.40305987000465393,0.22747288644313812,-0.33494099974632263,-2.301205635070801,0.1263425201177597,2.5126330852508545,1.128570795059204
-0.41919535398483276,0.23371484875679016,-0.325072705745697,-2.291158676147461,0.1254803091287613,2.5092825889587402,1.1479589939117432
-0.43458208441734314,0.24003860354423523,-0.3158874809741974,-2.281007766723633,0.12471046298742294,2.505868434906006,1.1673473119735718
-0.4492708444595337,0.24644356966018677,-0.30733609199523926,-2.2707529067993164,0.12403162568807602,2.502391815185547,1.1867355108261108
-0.4632866680622101,0.2529256045818329,-0.2993948757648468,-2.2603931427001953,0.1234469935297966,2.498850107192993,1.2061238288879395
-0.47667691111564636,0.2594844400882721,-0.29201826453208923,-2.2499279975891113,0.12295503914356232,2.4952445030212402,1.225512146949768
-0.4894777834415436,0.26611676812171936,-0.2851717174053192,-2.2393569946289062,0.12255381792783737,2.491574287414551,1.2449004650115967
-0.5017204880714417,0.2728228271007538,-0.2788253426551819,-2.228679656982422,0.12224385142326355,2.487839937210083,1.2642885446548462
-0.5134384632110596,0.2795995771884918,-0.27294766902923584,-2.217895030975342,0.12202399224042892,2.4840404987335205,1.2836768627166748
-0.5246567726135254,0.2864468991756439,-0.26751524209976196,-2.207002639770508,0.12189504504203796,2.480175018310547,1.3030650615692139
-0.5354037284851074,0.2933635711669922,-0.2625012993812561,-2.1960015296936035,0.12185557186603546,2.476243734359741,1.3224533796310425
-0.5457037687301636,0.30034905672073364,-0.2578831613063812,-2.1848907470703125,0.12190727144479752,2.472245693206787,1.3418415784835815
-0.5555806756019592,0.30740272998809814,-0.2536388635635376,-2.1736693382263184,0.12204714864492416,2.4681806564331055,1.3612298965454102
-0.5650556087493896,0.3145242929458618,-0.24974918365478516,-2.1623361110687256,0.12227752804756165,2.464048385620117,1.3806180953979492
-0.5741492509841919,0.3217138946056366,-0.2461950182914734,-2.1508898735046387,0.12259742617607117,2.459848165512085,1.4000064134597778
-0.582879900932312,0.3289714753627777,-0.2429599165916443,-2.1393299102783203,0.12300634384155273,2.4555792808532715,1.419394612312317
-0.5912647247314453,0.3362957835197449,-0.24002866446971893,-2.127654552459717,0.12350501865148544,2.4512405395507812,1.4387829303741455
-0.5480877757072449,0.35791343450546265,-0.286842405796051,-2.1002912521362305,0.1539648026227951,2.438868999481201,1.4473528861999512
-0.5082405209541321,0.3805856704711914,-0.3309805989265442,-2.0724098682403564,0.1849725842475891,2.4256277084350586,1.4559228420257568
-0.4712975323200226,0.4043351411819458,-0.3729340136051178,-2.0439844131469727,0.21659906208515167,2.4114627838134766,1.4644927978515625
-0.43689480423927307,0.4292028546333313,-0.4131380617618561,-2.014986276626587,0.24892301857471466,2.3963122367858887,1.4730627536773682
-0.4047151803970337,0.4552457332611084,-0.45199713110923767,-1.9853847026824951,0.28203850984573364,2.3801019191741943,1.4816327095031738
-0.3744887411594391,0.4825388789176941,-0.4898819625377655,-1.9551454782485962,0.3160521388053894,2.3627471923828125,1.4902026653289795
-0.345986008644104,0.511178731918335,-0.5271399617195129,-1.9242310523986816,0.35109126567840576,2.3441505432128906,1.4987726211547852
-0.31900882720947266,0.5412836074829102,-0.5641101598739624,-1.8925989866256714,0.38730549812316895,2.324195623397827,1.5073425769805908
-0.2933881878852844,0.5729997754096985,-0.6011306643486023,-1.8602033853530884,0.424874484539032,2.302746057510376,1.5159125328063965
-0.2689809203147888,0.6065049767494202,-0.6385499238967896,-1.8269914388656616,0.46401673555374146,2.2796382904052734,1.5244824886322021
-0.24566452205181122,0.6420212984085083,-0.676742672920227,-1.7929043769836426,0.5049986839294434,2.254673480987549,1.5330525636672974
-0.22333504259586334,0.6798226237297058,-0.7161290645599365,-1.757875680923462,0.5481554865837097,2.227607250213623,1.5416224002838135
-0.20191024243831635,0.7202562689781189,-0.7571926712989807,-1.721828818321228,0.593910813331604,2.1981353759765625,1.5501923561096191
-0.2046385109424591,0.7300965785980225,-0.7628313899040222,-1.7102456092834473,0.6019011735916138,2.1907637119293213,1.569013237953186
-0.20729988813400269,0.7401278018951416,-0.7687079310417175,-1.6985177993774414,0.6101245284080505,2.183223009109497,1.587834119796753
-0.2098967581987381,0.750359058380127,-0.7748316526412964,-1.686641812324524,0.6185923218727112,2.175506591796875,1.6066550016403198
-0.21242943406105042,0.760797917842865,-0.7812142968177795,-1.6746141910552979,0.6273177266120911,2.167607545852661,1.6254757642745972
-0.214899942278862,0.7714537978172302,-0.7878671884536743,-1.6624304056167603,0.6363123059272766,2.1595170497894287,1.644296646118164
-0.217308908700943,0.7823371291160583,-0.7948047518730164,-1.6500861644744873,0.6455919146537781,2.151226043701172,1.663117527961731
-0.2196582406759262,0.7934582829475403,-0.8020402193069458,-1.6375775337219238,0.6551732420921326,2.142726421356201,1.6819384098052979
-0.22195012867450714,0.8048293590545654,-0.8095892071723938,-1.624898910522461,0.6650712490081787,2.134007453918457,1.7007592916488647
-0.22418388724327087,0.8164633512496948,-0.8174713253974915,-1.6120457649230957,0.6753081679344177,2.1250569820404053,1.719580054283142
-0.22636325657367706,0.8283731341362,-0.8257027268409729,-1.599013090133667,0.6859017610549927,2.1158649921417236,1.738400936126709
-0.22848817706108093,0.8405747413635254,-0.8343067765235901,-1.58579421043396,0.6968770623207092,2.106417179107666,1.7572218179702759
-0.23056034743785858,0.853085458278656,-0.8433068990707397,-1.5723834037780762,0.7082587480545044,2.09669828414917,1.7760426998138428
-0.23258280754089355,0.8659240007400513,-0.8527282476425171,-1.5587737560272217,0.7200761437416077,2.086693525314331,1.7948635816574097
-0.23455500602722168,0.8791101574897766,-0.8626018762588501,-1.5449590682983398,0.7323602437973022,2.0763843059539795,1.813684344291687
-0.2364814579486847,0.892665684223175,-0.8729568123817444,-1.5309317111968994,0.7451447248458862,2.065753221511841,1.8325053453445435
-0.23836082220077515,0.9066182971000671,-0.8838348388671875,-1.5166831016540527,0.7584721446037292,2.0547752380371094,1.8513261079788208
-0.24019691348075867,0.9209954142570496,-0.8952749371528625,-1.5022048950195312,0.7723855376243591,2.0434274673461914,1.8701471090316772
-0.24199126660823822,0.9358298778533936,-0.9073253870010376,-1.4874882698059082,0.7869361042976379,2.031682252883911,1.8889678716659546
-0.24374724924564362,0.9511576890945435,-0.920038104057312,-1.4725234508514404,0.8021804094314575,2.0195088386535645,1.9077887535095215
-0.2454666644334793,0.9670208692550659,-0.9334767460823059,-1.457298994064331,0.8181857466697693,2.0068705081939697,1.9266096353530884
-0.24715280532836914,0.9834676384925842,-0.9477125406265259,-1.4418034553527832,0.8350287675857544,1.9937269687652588,1.9454305171966553
-0.2488064169883728,1.0005549192428589,-0.9628319144248962,-1.4260241985321045,0.8527994751930237,1.9800281524658203,1.9642512798309326
-0.2504333555698395,1.018347978591919,-0.978930652141571,-1.4099481105804443,0.8716029524803162,1.965720295906067,1.983072280883789
-0.2520313262939453,1.0369218587875366,-0.9961305260658264,-1.3935599327087402,0.8915619850158691,1.9507371187210083,2.0018930435180664
-0.2536160945892334,1.056374192237854,-1.0145641565322876,-1.376842975616455,0.9128284454345703,1.9349981546401978,2.020714044570923
-0.2551861107349396,1.0768163204193115,-1.034408688545227,-1.3597800731658936,0.9355857372283936,1.9184069633483887,2.0395348072052
-0.26482000946998596,1.066746711730957,-1.0212061405181885,-1.363600254058838,0.9215603470802307,1.9264875650405884,2.0610549449920654
-0.2745196223258972,1.0570409297943115,-1.0083332061767578,-1.3672747611999512,0.9079282879829407,1.9342578649520874,2.0825753211975098
-0.284286230802536,1.0476782321929932,-0.9957610368728638,-1.3708038330078125,0.8946607112884521,1.9417372941970825,2.104095458984375
-0.2941170930862427,1.0386394262313843,-0.9834662675857544,-1.3741908073425293,0.881732165813446,1.9489414691925049,2.1256158351898193
-0.304010272026062,1.0299111604690552,-0.9714308381080627,-1.3774347305297852,0.8691209554672241,1.9558823108673096,2.1471359729766846
-0.3139653503894806,1.0214781761169434,-0.9596348404884338,-1.3805370330810547,0.8568076491355896,1.9625728130340576,2.16865611076355
-0.3239869475364685,1.0133267641067505,-0.9480540752410889,-1.3834996223449707,0.8447710871696472,1.9690269231796265,2.190176486968994
-0.33406269550323486,1.0054447650909424,-0.9366846680641174,-1.3863224983215332,0.8329968452453613,1.975252389907837,2.2116966247558594
-0.3441983163356781,0.9978200197219849,-0.925504207611084,-1.389007568359375,0.8214665055274963,1.981261134147644,2.2332170009613037
-0.35439127683639526,0.9904458522796631,-0.9145038723945618,-1.391554594039917,0.8101701736450195,1.987059473991394,2.254737138748169
-0.36464056372642517,0.9833119511604309,-0.9036704897880554,-1.393965482711792,0.7990936040878296,1.992655873298645,2.276257276535034
-0.37494590878486633,0.9764090180397034,-0.8929919600486755,-1.396240234375,0.7882233262062073,1.9980589151382446,2.2977776527404785
-0.385305255651474,0.9697306752204895,-0.8824598789215088,-1.3983798027038574,0.7775513529777527,2.0032742023468018,2.3192977905273438
-0.39571839570999146,0.9632691144943237,-0.8720636367797852,-1.4003851413726807,0.7670652866363525,2.0083084106445312,2.340817928314209
-0.40618497133255005,0.957018256187439,-0.8617944717407227,-1.4022560119628906,0.756755530834198,2.0131676197052,2.3623383045196533
-0.4167022407054901,0.9509723782539368,-0.8516460061073303,-1.403993844985962,0.7466158270835876,2.0178568363189697,2.3838584423065186
-0.42726951837539673,0.9451249837875366,-0.8416104912757874,-1.4055991172790527,0.7366368770599365,2.022380828857422,2.405378818511963
-0.4378858208656311,0.9394726157188416,-0.8316819667816162,-1.4070713520050049,0.7268120646476746,2.0267438888549805,2.426898956298828
-0.4485507607460022,0.9340085983276367,-0.8218520879745483,-1.408411979675293,0.7171335220336914,2.030951976776123,2.4484190940856934
-0.4592626094818115,0.9287298917770386,-0.8121166229248047,-1.409620761871338,0.7075954079627991,2.0350077152252197,2.4699392318725586
-0.4700206220149994,0.9236313104629517,-0.8024691939353943,-1.410698652267456,0.6981905698776245,2.0389153957366943,2.491459608078003
-0.4808228611946106,0.9187101125717163,-0.7929061651229858,-1.4116451740264893,0.6889144778251648,2.042678117752075,2.5129799842834473
-0.4916681945323944,0.9139619469642639,-0.783422589302063,-1.412461280822754,0.6797619462013245,2.046299457550049,2.5345001220703125
