1.8072360754013062,1.2147873640060425,-1.2515277862548828,-1.4107844829559326,1.1568652391433716,1.8079125881195068,-1.8518149852752686
1.7864454984664917,1.1019684076309204,-1.1358588933944702,-1.4602670669555664,1.0257353782653809,1.9004921913146973,-1.8219183683395386
1.7638212442398071,1.0143095254898071,-1.0476669073104858,-1.5073375701904297,0.9252296090126038,1.9712748527526855,-1.7920217514038086
1.7398314476013184,0.9409288763999939,-0.9744852185249329,-1.5523016452789307,0.8416654467582703,2.029576301574707,-1.7621251344680786
1.7146142721176147,0.8771184682846069,-0.9108275771141052,-1.5954039096832275,0.7690948247909546,2.079441547393799,-1.7322286367416382
1.6881979703903198,0.820318877696991,-0.8536661267280579,-1.6368424892425537,0.7042826414108276,2.1230781078338623,-1.7023320198059082
1.6605554819107056,0.7689515948295593,-0.8010973930358887,-1.6767807006835938,0.6452422738075256,2.1618499755859375,-1.6724354028701782
1.6316152811050415,0.7219634652137756,-0.751805305480957,-1.715355634689331,0.5906503200531006,2.1966755390167236,-1.6425387859344482
1.6012797355651855,0.6786097288131714,-0.704818844795227,-1.7526822090148926,0.5395767092704773,2.2282047271728516,-1.6126421689987183
1.569420576095581,0.638344943523407,-0.6593723893165588,-1.7888585329055786,0.4913395345211029,2.2569212913513184,-1.5827455520629883
1.5358833074569702,0.6007553935050964,-0.614831805229187,-1.8239694833755493,0.4454217553138733,2.283194065093994,-1.5528490543365479
1.5004816055297852,0.5655239224433899,-0.5706395506858826,-1.8580880165100098,0.4014197587966919,2.3073134422302246,-1.5229524374008179
1.4630005359649658,0.5324034094810486,-0.5262888073921204,-1.8912783861160278,0.3590155839920044,2.329509973526001,-1.493055820465088
1.4231857061386108,0.5012021064758301,-0.48129159212112427,-1.9235960245132446,0.3179483413696289,2.349972724914551,-1.463159203529358
1.3523160219192505,0.4864078462123871,-0.41518697142601013,-1.9265978336334229,0.270619660615921,2.358718156814575,-1.433690071105957
1.2790913581848145,0.47406598925590515,-0.3471430838108063,-1.9289495944976807,0.22366005182266235,2.365882396697998,-1.4042209386825562
1.2037880420684814,0.4641649127006531,-0.2773464322090149,-1.930651307106018,0.17699241638183594,2.371534824371338,-1.3747518062591553
1.1267566680908203,0.456704705953598,-0.20606499910354614,-1.931701421737671,0.13054437935352325,2.375729560852051,-1.3452826738357544
1.0484259128570557,0.4516885280609131,-0.13364776968955994,-1.93209969997406,0.08425093442201614,2.3785057067871094,-1.315813422203064
0.9692830443382263,0.4491213262081146,-0.06050650030374527,-1.9318451881408691,0.03805027902126312,2.3798885345458984,-1.286344289779663
0.8898524641990662,0.44900447130203247,0.012909086421132088,-1.9309377670288086,-0.008118991740047932,2.3798933029174805,-1.2568751573562622
0.8106749057769775,0.45133745670318604,0.08613255620002747,-1.9293763637542725,-0.05431646853685379,2.3785204887390137,-1.2274060249328613
0.732276439666748,0.45611488819122314,0.15871186554431915,-1.9271609783172607,-0.10060222446918488,2.3757615089416504,-1.1979368925094604
0.6551425457000732,0.46332883834838867,0.23023869097232819,-1.9242908954620361,-0.14704298973083496,2.3715925216674805,-1.1684677600860596
0.5797116160392761,0.47297224402427673,0.3003528416156769,-1.9207664728164673,-0.1936998963356018,2.365980863571167,-1.1389985084533691
0.5063398480415344,0.48504140973091125,0.36878225207328796,-1.9165866374969482,-0.24064600467681885,2.3588767051696777,-1.1095294952392578
0.4353036880493164,0.4995420277118683,0.43534013628959656,-1.9117515087127686,-0.28796085715293884,2.3502159118652344,-1.0800602436065674
0.366802841424942,0.516494870185852,0.49992647767066956,-1.9062607288360596,-0.33573299646377563,2.3399178981781006,-1.0505911111831665
0.3009607493877411,0.5359392762184143,0.5625224709510803,-1.900113821029663,-0.3840625286102295,2.327881336212158,-1.0211219787597656
0.23783361911773682,0.5579438805580139,0.6231945753097534,-1.8933104276657104,-0.4330660104751587,2.313981056213379,-0.9916528463363647
0.1774241179227829,0.5826095342636108,0.6820788383483887,-1.885849952697754,-0.48288044333457947,2.298063039779663,-0.9621836543083191
0.11969221383333206,0.6100826859474182,0.7393775582313538,-1.877731442451477,-0.5336692333221436,2.2799384593963623,-0.932714581489563
0.06456460803747177,0.6405657529830933,0.7953563928604126,-1.868953824043274,-0.58563232421875,2.259371280670166,-0.9032454490661621
0.011948378756642342,0.6743320226669312,0.8503429293632507,-1.8595162630081177,-0.6390170454978943,2.236067533493042,-0.8737762570381165
-0.03826117515563965,0.711750864982605,0.9047336578369141,-1.8494163751602173,-0.6941359639167786,2.209652900695801,-0.8443071246147156
-0.01314345933496952,0.7004632353782654,0.8722565174102783,-1.8388265371322632,-0.6665530204772949,2.2170493602752686,-0.874993085861206
0.012632893398404121,0.6901649236679077,0.839232861995697,-1.828001618385315,-0.6390436291694641,2.2236859798431396,-0.9056789875030518
0.03904329240322113,0.6808306574821472,0.8056634664535522,-1.8169351816177368,-0.61158287525177,2.2295939922332764,-0.9363649487495422
0.066061832010746,0.6724385619163513,0.7715510129928589,-1.8056209087371826,-0.58414626121521,2.23480224609375,-0.9670509099960327
0.09365786612033844,0.6649723052978516,0.7369045615196228,-1.7940515279769897,-0.5567113161087036,2.2393338680267334,-0.9977368712425232
0.12179689109325409,0.6584179997444153,0.7017367482185364,-1.7822195291519165,-0.5292559266090393,2.24320912361145,-1.0284227132797241
0.15044137835502625,0.6527643799781799,0.6660635471343994,-1.770117998123169,-0.5017590522766113,2.2464447021484375,-1.0591087341308594
0.17955055832862854,0.6480042338371277,0.6299045085906982,-1.7577383518218994,-0.4741986095905304,2.249055862426758,-1.089794635772705
0.20908001065254211,0.6441314220428467,0.5932825803756714,-1.745072603225708,-0.44655486941337585,2.2510533332824707,-1.1204806566238403
0.23898224532604218,0.6411436200141907,0.5562232732772827,-1.7321114540100098,-0.41880592703819275,2.252446174621582,-1.151166558265686
0.2692124843597412,0.6390368342399597,0.5187479257583618,-1.7188457250595093,-0.39092493057250977,2.253242015838623,-1.1818525791168213
0.29971030354499817,0.6378154158592224,0.480895459651947,-1.7052652835845947,-0.36289894580841064,2.2534427642822266,-1.2125383615493774
0.33042821288108826,0.6374788880348206,0.44268786907196045,-1.6913596391677856,-0.33469778299331665,2.253051519393921,-1.2432243824005127
0.25246697664260864,0.6476815938949585,0.5215036273002625,-1.7059155702590942,-0.39559632539749146,2.246950149536133,-1.2119823694229126
0.17584939301013947,0.6619396805763245,0.5990614295005798,-1.7193987369537354,-0.4569343328475952,2.2380216121673584,-1.180740475654602
0.10094784200191498,0.680436909198761,0.67522794008255,-1.7318366765975952,-0.518957257270813,2.2260499000549316,-1.149498462677002
0.02808324247598648,0.7034267783164978,0.7499487996101379,-1.743255853652954,-0.581937849521637,2.2107460498809814,-1.1182564496994019
-0.042494695633649826,0.7312685251235962,0.8232880234718323,-1.7536803483963013,-0.6462088823318481,2.1917195320129395,-1.0870144367218018
-0.11059492826461792,0.7644671201705933,0.8954389691352844,-1.763132929801941,-0.7121862769126892,2.168447732925415,-1.0557725429534912
-0.17607922852039337,0.803737461566925,0.9667558670043945,-1.7716354131698608,-0.7804123759269714,2.1402194499969482,-1.0245305299758911
-0.23884712159633636,0.8501193523406982,1.0378090143203735,-1.7792083024978638,-0.8516383171081543,2.106034755706787,-0.993288516998291
-0.29881417751312256,0.9051751494407654,1.109485149383545,-1.7858721017837524,-0.9269662499427795,2.0644359588623047,-0.9620465636253357
-0.3558770716190338,0.971397876739502,1.183210849761963,-1.7916457653045654,-1.0081493854522705,2.013148784637451,-0.9308045506477356
-0.4098467528820038,1.0531612634658813,1.2615017890930176,-1.7965483665466309,-1.0983110666275024,1.9482554197311401,-0.8995625972747803
-0.4602303206920624,1.1595720052719116,1.3496525287628174,-1.8005985021591187,-1.2041490077972412,1.8617091178894043,-0.8683205842971802
-0.5052832365036011,1.318565011024475,1.4644383192062378,-1.8038145303726196,-1.3470780849456787,1.7291054725646973,-0.8370786309242249
-0.4851316213607788,1.2113817930221558,1.386953353881836,-1.7961927652359009,-1.2511909008026123,1.8187369108200073,-0.8689507842063904
-0.46208351850509644,1.132317066192627,1.3236470222473145,-1.7882707118988037,-1.1750489473342896,1.8837661743164062,-0.9008229374885559
-0.43698668479919434,1.0684521198272705,1.2668167352676392,-1.7800378799438477,-1.1087278127670288,1.9354556798934937,-0.9326950907707214
-0.4101499021053314,1.0146807432174683,1.2135027647018433,-1.7714825868606567,-1.048422932624817,1.978285312652588,-0.964567244052887
-0.3817335367202759,0.9683437943458557,1.1622028350830078,-1.7625926733016968,-0.9922013282775879,2.0146076679229736,-0.9964393377304077
-0.35181504487991333,0.9278420805931091,1.1120175123214722,-1.7533555030822754,-0.9389212131500244,2.045849323272705,-1.0283114910125732
-0.32044750452041626,0.8921304941177368,1.0623655319213867,-1.7437591552734375,-0.8878475427627563,2.0729546546936035,-1.0601836442947388
-0.2876712381839752,0.8604821562767029,1.0128448009490967,-1.7337899208068848,-0.8384681344032288,2.096588611602783,-1.0920557975769043
-0.2535221576690674,0.8323736786842346,0.963168203830719,-1.7234344482421875,-0.7904124855995178,2.1172380447387695,-1.1239279508590698
-0.21803498268127441,0.8074139952659607,0.913122832775116,-1.7126785516738892,-0.7433961033821106,2.1352741718292236,-1.1558001041412354
-0.18125087022781372,0.7853072285652161,0.8625527024269104,-1.701507329940796,-0.6971965432167053,2.1509828567504883,-1.1876722574234009
-0.1432245969772339,0.7658307552337646,0.8113530874252319,-1.6899057626724243,-0.6516407132148743,2.1645870208740234,-1.2195444107055664
-0.10401297360658646,0.7488077282905579,0.7594437003135681,-1.6778573989868164,-0.6065747737884521,2.1762681007385254,-1.251416563987732
-0.06368569284677505,0.7341018319129944,0.7067747116088867,-1.6653456687927246,-0.5618690252304077,2.186170816421509,-1.2832887172698975
-0.022327637299895287,0.7216092944145203,0.6533250212669373,-1.6523529291152954,-0.5174106359481812,2.1944096088409424,-1.315160870552063
0.019965268671512604,0.711249589920044,0.5990926623344421,-1.6388604640960693,-0.47309768199920654,2.2010765075683594,-1.3470330238342285
0.06308529525995255,0.7029633522033691,0.544093668460846,-1.624848484992981,-0.42883339524269104,2.2062435150146484,-1.3789050579071045
0.10691241174936295,0.6967078447341919,0.48835816979408264,-1.6102956533432007,-0.3845274746417999,2.209965944290161,-1.4107773303985596
0.15131676197052002,0.6924541592597961,0.43192818760871887,-1.595179796218872,-0.34009039402008057,2.2122840881347656,-1.4426493644714355
0.19616079330444336,0.6901853680610657,0.37485140562057495,-1.5794763565063477,-0.295432984828949,2.2132246494293213,-1.474521517753601
0.24130107462406158,0.6898953914642334,0.3171781301498413,-1.5631592273712158,-0.2504603862762451,2.2128002643585205,-1.5063936710357666
0.28659024834632874,0.6915895938873291,0.25895822048187256,-1.5462007522583008,-0.20507696270942688,2.211012363433838,-1.5382658243179321
0.33188188076019287,0.6952831745147705,0.20023202896118164,-1.528569221496582,-0.1591753363609314,2.2078490257263184,-1.5701379776000977
0.37703022360801697,0.7010027766227722,0.1410297453403473,-1.5102314949035645,-0.11264246702194214,2.2032861709594727,-1.6020101308822632
0.4218973219394684,0.7087860703468323,0.08135858923196793,-1.4911508560180664,-0.06534726917743683,2.1972851753234863,-1.6338822841644287
0.46634963154792786,0.7186856269836426,0.021209122613072395,-1.4712867736816406,-0.01714506186544895,2.189791202545166,-1.6657544374465942
0.3874567449092865,0.7046107649803162,0.112900011241436,-1.5009794235229492,-0.09041479974985123,2.200490713119507,-1.6343077421188354
0.30732572078704834,0.6954558491706848,0.20385709404945374,-1.5288801193237305,-0.16206330060958862,2.2077438831329346,-1.602860927581787
0.2264474630355835,0.691129207611084,0.2940586805343628,-1.555112361907959,-0.23256760835647583,2.2116596698760986,-1.5714142322540283
0.14535164833068848,0.6916090846061707,0.3833792507648468,-1.5797815322875977,-0.30233827233314514,2.2122678756713867,-1.53996741771698
0.06458603590726852,0.696938693523407,0.471636563539505,-1.6029794216156006,-0.3717471957206726,2.2095251083374023,-1.5085207223892212
-0.015313808806240559,0.7072267532348633,0.5586424469947815,-1.6247854232788086,-0.44115039706230164,2.2033066749572754,-1.4770739078521729
-0.09384529292583466,0.7226592898368835,0.6442419290542603,-1.6452733278274536,-0.5109093189239502,2.1934030055999756,-1.445627212524414
-0.17055761814117432,0.7435243725776672,0.7283551096916199,-1.6645063161849976,-0.5814147591590881,2.1794967651367188,-1.4141803979873657
-0.24506345391273499,0.7702495455741882,0.8110129833221436,-1.6825435161590576,-0.6531158685684204,2.1611361503601074,-1.382733702659607
-0.3170466721057892,0.8034594655036926,0.8924055099487305,-1.6994389295578003,-0.7265669703483582,2.1376819610595703,-1.3512870073318481
-0.3862522542476654,0.8440762162208557,0.972930371761322,-1.7152423858642578,-0.8024963140487671,2.108227014541626,-1.3198401927947998
-0.45247358083724976,0.8935000896453857,1.05329167842865,-1.730000376701355,-0.8819352388381958,2.0714385509490967,-1.288393497467041
-0.5155224204063416,0.9539504051208496,1.1346845626831055,-1.7437567710876465,-0.9664680361747742,2.0252597332000732,-1.2569466829299927
-0.5437153577804565,0.9424846172332764,1.1303961277008057,-1.7562350034713745,-0.9583892226219177,2.0345916748046875,-1.2548956871032715
-0.5717266201972961,0.9331555366516113,1.1272436380386353,-1.76673424243927,-0.9520215392112732,2.042182445526123,-1.2528448104858398
-0.5994705557823181,0.9258174300193787,1.1250331401824951,-1.7752832174301147,-0.94717937707901,2.048153877258301,-1.2507938146591187
-0.6268585920333862,0.9203442931175232,1.1235976219177246,-1.7819061279296875,-0.9437037110328674,2.052612066268921,-1.248742938041687
-0.7593691349029541,1.2315939664840698,1.369429588317871,-1.689725399017334,-1.2490286827087402,1.7995446920394897,-1.2482671737670898
-0.7237083911895752,1.1432918310165405,1.2865623235702515,-1.674142837524414,-1.1546339988708496,1.8719217777252197,-1.2800819873809814
-0.6853083372116089,1.0753633975982666,1.213007926940918,-1.6579668521881104,-1.0739761590957642,1.926569938659668,-1.311896800994873
-0.6446408629417419,1.0203362703323364,1.1439883708953857,-1.6411633491516113,-1.0010724067687988,1.9700366258621216,-1.3437116146087646
-0.6019554734230042,0.9746442437171936,1.0773115158081055,-1.6236937046051025,-0.933139979839325,2.0054779052734375,-1.3755263090133667
-0.5574018955230713,0.9362584948539734,1.011753797531128,-1.6055183410644531,-0.86861252784729,2.0347139835357666,-1.4073411226272583
-0.5111104249954224,0.903904378414154,0.9465720653533936,-1.5865938663482666,-0.8064993619918823,2.058906078338623,-1.43915593624115
-0.4632053077220917,0.8767300844192505,0.881284236907959,-1.566873550415039,-0.7461169958114624,2.078843593597412,-1.4709707498550415
-0.4138174057006836,0.8541470170021057,0.8155702948570251,-1.5463051795959473,-0.6869641542434692,2.095085382461548,-1.502785563468933
-0.3630935251712799,0.8357343077659607,0.7492170929908752,-1.524834156036377,-0.6286454200744629,2.108037233352661,-1.5346002578735352
-0.31119289994239807,0.821196436882019,0.6820834279060364,-1.502397060394287,-0.5708339810371399,2.117994785308838,-1.5664151906967163
-0.25829458236694336,0.8103240132331848,0.6140797734260559,-1.4789247512817383,-0.5132446885108948,2.1251726150512695,-1.5982298851013184
-0.20458947122097015,0.8029769659042358,0.5451443195343018,-1.454338788986206,-0.45561134815216064,2.1297218799591064,-1.63004469871521
-0.15028637647628784,0.7990674376487732,0.47523584961891174,-1.4285516738891602,-0.39767518639564514,2.1317379474639893,-1.6618595123291016
-0.09559860080480576,0.798559308052063,0.4043075442314148,-1.401460886001587,-0.339167982339859,2.131270408630371,-1.6936743259429932
-0.04074694961309433,0.8014600276947021,0.3322971761226654,-1.3729479312896729,-0.27980148792266846,2.128322124481201,-1.7254890203475952
0.014048964716494083,0.8078219890594482,0.25910311937332153,-1.3428750038146973,-0.21924901008605957,2.122851848602295,-1.7573039531707764
0.0685739815235138,0.8177491426467896,0.184562548995018,-1.3110747337341309,-0.15712758898735046,2.114767551422119,-1.789118766784668
0.12262320518493652,0.8314033150672913,0.10841737687587738,-1.2773473262786865,-0.09296758472919464,2.10392165184021,-1.82093346118927
0.17600476741790771,0.849023699760437,0.030273787677288055,-1.2414450645446777,-0.026174340397119522,2.090094566345215,-1.8527482748031616
0.2285425215959549,0.8709550499916077,-0.05046134814620018,-1.203054666519165,0.04403273016214371,2.0729737281799316,-1.8845630884170532
0.2800769507884979,0.8976841568946838,-0.1346806138753891,-1.1617703437805176,0.11872272193431854,2.052116870880127,-1.9163779020309448
0.3304625451564789,0.9299370646476746,-0.2237473428249359,-1.1170501708984375,0.19942934811115265,2.0268871784210205,-1.9481925964355469
0.37956494092941284,0.9687891602516174,-0.3198162615299225,-1.0681383609771729,0.2884801924228668,1.996338129043579,-1.9800074100494385
0.4272533655166626,1.0159637928009033,-0.4265024960041046,-1.0139265060424805,0.38968324661254883,1.9589757919311523,-2.01182222366333
0.4733678698539734,1.0744879245758057,-0.5504642724990845,-0.9526591300964355,0.5099651217460632,1.9122161865234375,-2.0436370372772217
0.517673134803772,1.150521159172058,-0.7061297297477722,-0.8812389373779297,0.6642112135887146,1.8508332967758179,-2.0754518508911133
0.4394298791885376,1.0888030529022217,-0.5372517704963684,-0.918546199798584,0.49981454014778137,1.9003533124923706,-2.081178903579712
0.35896673798561096,1.0446133613586426,-0.3917441964149475,-0.9484925270080566,0.3611980378627777,1.9354772567749023,-2.0869059562683105
0.2767406702041626,1.0133037567138672,-0.25914162397384644,-0.9723250865936279,0.2372669130563736,1.9601987600326538,-2.09263277053833
0.1931888610124588,0.9925515055656433,-0.1340402066707611,-0.9908242225646973,0.12210513651371002,1.9765348434448242,-2.0983598232269287
0.10876026749610901,0.9811252951622009,-0.01319117285311222,-1.0045018196105957,0.011979269795119762,1.9855666160583496,-2.1040868759155273
0.02391933463513851,0.9784238338470459,0.10564703494310379,-1.01369047164917,-0.095830999314785,1.987822413444519,-2.109813928604126
-0.060859739780426025,0.9843001365661621,0.22428792715072632,-1.01859712600708,-0.20362113416194916,1.9834308624267578,-2.1155407428741455
-0.14510196447372437,0.9990135431289673,0.3445053696632385,-1.0193281173706055,-0.31364816427230835,1.9721581935882568,-2.1212680339813232
-0.22835226356983185,1.0232865810394287,0.4684233069419861,-1.0159058570861816,-0.4285145699977875,1.9533487558364868,-2.1269948482513428
-0.31016212701797485,1.0585386753082275,0.59902423620224,-1.0082669258117676,-0.5517005324363708,1.925750494003296,-2.1327219009399414
