-1.0821505784988403,1.065248727798462,1.080238938331604,-1.4506635665893555,-0.9688358902931213,1.9296226501464844,-2.2292912006378174
-1.0743719339370728,1.028114676475525,1.0414247512817383,-1.471303939819336,-0.9251371026039124,1.9595143795013428,-2.2140870094299316
-1.0663633346557617,0.9939185380935669,1.005794882774353,-1.491499900817871,-0.8850275874137878,1.9868501424789429,-2.198882579803467
-1.0581542253494263,0.9621434807777405,0.9727434515953064,-1.5112762451171875,-0.8478397130966187,2.012071371078491,-2.183678388595581
-1.0497524738311768,0.9324106574058533,0.9418129920959473,-1.5306551456451416,-0.813082218170166,2.0355045795440674,-2.168473958969116
-1.0411641597747803,0.9044310450553894,0.91265469789505,-1.5496580600738525,-0.7803817987442017,2.057399272918701,-2.1532697677612305
-1.0323970317840576,0.8779796957969666,0.885000467300415,-1.5683043003082275,-0.7494493126869202,2.077948570251465,-2.1380653381347656
-1.0234501361846924,0.8528756499290466,0.8586281538009644,-1.5866105556488037,-0.7200514078140259,2.0973103046417236,-2.12286114692688
-1.014326810836792,0.8289731740951538,0.8333626389503479,-1.60459303855896,-0.6920017600059509,2.1156089305877686,-2.107656717300415
-1.0050244331359863,0.8061492443084717,0.8090522289276123,-1.622266411781311,-0.6651423573493958,2.1329522132873535,-2.0924525260925293
-0.995541512966156,0.7843025922775269,0.7855721116065979,-1.6396443843841553,-0.6393448114395142,2.149428367614746,-2.0772483348846436
-0.9858744740486145,0.763346254825592,0.7628141045570374,-1.6567389965057373,-0.6144996285438538,2.1651129722595215,-2.0620439052581787
-0.9760191440582275,0.7432063221931458,0.7406846284866333,-1.6735620498657227,-0.5905123353004456,2.1800708770751953,-2.046839714050293
-0.965971052646637,0.7238186597824097,0.7191025614738464,-1.690124273300171,-0.5673041939735413,2.1943581104278564,-2.031635284423828
-0.9557240009307861,0.7051262259483337,0.6979938745498657,-1.7064357995986938,-0.544802188873291,2.208024501800537,-2.0164310932159424
-0.9452716112136841,0.6870810985565186,0.6772946119308472,-1.7225061655044556,-0.5229479670524597,2.2211132049560547,-2.0012266635894775
-0.9346060752868652,0.6696390509605408,0.6569451689720154,-1.7383434772491455,-0.501685619354248,2.2336630821228027,-1.9860224723815918
-0.9237195253372192,0.6527632474899292,0.6368924379348755,-1.7539563179016113,-0.4809698462486267,2.2457082271575928,-1.9708181619644165
-0.9126043319702148,0.6364172697067261,0.6170880794525146,-1.769352674484253,-0.4607568085193634,2.2572786808013916,-1.9556138515472412
-0.9012504816055298,0.6205720901489258,0.5974860787391663,-1.7845392227172852,-0.44101017713546753,2.2684030532836914,-1.940409541130066
-0.8896476030349731,0.6051995754241943,0.5780434012413025,-1.7995232343673706,-0.4216949939727783,2.279106616973877,-1.9252052307128906
-0.8777858018875122,0.5902760624885559,0.5587213635444641,-1.814310908317566,-0.40278172492980957,2.2894113063812256,-1.9100010395050049
-0.8656544089317322,0.5757779479026794,0.539482593536377,-1.828908085823059,-0.3842437267303467,2.2993369102478027,-1.8947967290878296
-0.8532407283782959,0.5616860389709473,0.520290732383728,-1.8433207273483276,-0.3660544753074646,2.308903694152832,-1.8795924186706543
-0.8405318260192871,0.5479822158813477,0.501110851764679,-1.857554316520691,-0.3481934368610382,2.3181285858154297,-1.864388108253479
-0.8275144100189209,0.534649133682251,0.48190954327583313,-1.871613621711731,-0.3306382894515991,2.3270275592803955,-1.8491837978363037
-0.8141745328903198,0.5216732025146484,0.46265512704849243,-1.8855037689208984,-0.3133722245693207,2.3356151580810547,-1.8339794874191284
-0.8004969954490662,0.5090402364730835,0.443315327167511,-1.8992292881011963,-0.296376496553421,2.343904733657837,-1.8187751770019531
-0.786467432975769,0.496738076210022,0.42386043071746826,-1.912794589996338,-0.2796366512775421,2.3519084453582764,-1.8035708665847778
-0.7720677256584167,0.4847557246685028,0.40425819158554077,-1.926203727722168,-0.2631371319293976,2.359638214111328,-1.788366675376892
-0.7572805285453796,0.47308385372161865,0.38447806239128113,-1.9394608736038208,-0.24686506390571594,2.3671059608459473,-1.7731623649597168
-0.7420904040336609,0.46171265840530396,0.3644925653934479,-1.9525694847106934,-0.23080900311470032,2.374319553375244,-1.7579580545425415
-0.726474940776825,0.4506351947784424,0.34426775574684143,-1.96553373336792,-0.21495625376701355,2.3812901973724365,-1.7427537441253662
-0.7104176878929138,0.43984395265579224,0.3237770199775696,-1.9783565998077393,-0.19929739832878113,2.3880252838134766,-1.727549433708191
-0.7026702165603638,0.4368220865726471,0.3150208294391632,-1.9814280271530151,-0.19314341247081757,2.3898637294769287,-1.70753812789917
-0.6948558688163757,0.43384024500846863,0.30621522665023804,-1.9844878911972046,-0.18700547516345978,2.3916735649108887,-1.687526822090149
-0.6869726777076721,0.43089815974235535,0.2973581552505493,-1.9875359535217285,-0.1808832734823227,2.3934555053710938,-1.667515516281128
-0.679020881652832,0.42799654603004456,0.28844934701919556,-1.9905728101730347,-0.17477528750896454,2.3952107429504395,-1.647504210472107
-0.6710003614425659,0.4251340329647064,0.2794885039329529,-1.9935981035232544,-0.16868244111537933,2.396937370300293,-1.627492904663086
-0.6629101634025574,0.4223124384880066,0.27047428488731384,-1.9966121912002563,-0.16260458528995514,2.3986380100250244,-1.6074814796447754
-0.6547507643699646,0.4195297360420227,0.26140710711479187,-1.9996150732040405,-0.15654079616069794,2.4003119468688965,-1.5874701738357544
-0.6465210914611816,0.41678711771965027,0.2522854804992676,-2.0026066303253174,-0.15049102902412415,2.401958703994751,-1.5674588680267334
-0.6382214426994324,0.4140843152999878,0.24310940504074097,-2.005587100982666,-0.14445513486862183,2.4035792350769043,-1.5474475622177124
-0.6298503279685974,0.41142112016677856,0.2338772714138031,-2.0085558891296387,-0.13843229413032532,2.4051737785339355,-1.5274362564086914
-0.6214092969894409,0.40879762172698975,0.2245902270078659,-2.011514186859131,-0.13242290914058685,2.406742572784424,-1.5074249505996704
-0.6128966808319092,0.4062138497829437,0.21524664759635925,-2.0144615173339844,-0.12642638385295868,2.4082858562469482,-1.4874136447906494
-0.6043135523796082,0.403669536113739,0.20584695041179657,-2.017397880554199,-0.12044278532266617,2.4098033905029297,-1.4674023389816284
-0.5956584215164185,0.4011653959751129,0.19638967514038086,-2.020322799682617,-0.11447177827358246,2.4112958908081055,-1.4473910331726074
-0.5869320034980774,0.3987017571926117,0.18687541782855988,-2.0232369899749756,-0.10851278901100159,2.4127633571624756,-1.4273797273635864
-0.5781339406967163,0.39627665281295776,0.1773032397031784,-2.0261406898498535,-0.10256551206111908,2.4142062664031982,-1.4073684215545654
-0.5692652463912964,0.3938921093940735,0.16767409443855286,-2.029033660888672,-0.09663069993257523,2.4156241416931152,-1.3873569965362549
-0.5603246092796326,0.39154744148254395,0.15798591077327728,-2.0319156646728516,-0.0907074585556984,2.417017698287964,-1.3673456907272339
-0.5513120889663696,0.38924267888069153,0.14823980629444122,-2.0347869396209717,-0.08479513972997665,2.4183871746063232,-1.3473345041275024
-0.5422288179397583,0.38697803020477295,0.13843593001365662,-2.0376477241516113,-0.07889430969953537,2.4197328090667725,-1.327323079109192
-0.5330740213394165,0.38475334644317627,0.1285734325647354,-2.0404977798461914,-0.07300417125225067,2.4210541248321533,-1.307311773300171
-0.5238482356071472,0.38256895542144775,0.11865242570638657,-2.043337821960449,-0.06712507456541061,2.422351837158203,-1.28730046749115
-0.5145515203475952,0.3804246783256531,0.10867305099964142,-2.0461668968200684,-0.06125621125102043,2.423625946044922,-1.267289161682129
-0.5051852464675903,0.37832096219062805,0.09863629937171936,-2.048985481262207,-0.055398356169462204,2.4248764514923096,-1.247277855873108
-0.4957464933395386,0.37625741958618164,0.08853911608457565,-2.0517938137054443,-0.04954960569739342,2.4261035919189453,-1.227266550064087
-0.4862397313117981,0.3742346167564392,0.07838579267263412,-2.0545921325683594,-0.04371146857738495,2.4273083209991455,-1.207255244255066
-0.4766627848148346,0.372252494096756,0.06817380338907242,-2.057379722595215,-0.037883028388023376,2.4284896850585938,-1.187243938446045
-0.46702221035957336,0.37031158804893494,0.057909950613975525,-2.060157299041748,-0.03206724673509598,2.4296483993530273,-1.167232632637024
-0.45730826258659363,0.3684106171131134,0.0475839339196682,-2.062924385070801,-0.026258200407028198,2.4307844638824463,-1.147221326828003
-0.44752761721611023,0.36655133962631226,0.03720231354236603,-2.0656814575195312,-0.02045895718038082,2.4318978786468506,-1.1272099018096924
-0.4376794099807739,0.36473241448402405,0.026763975620269775,-2.0684285163879395,-0.014668487943708897,2.4329886436462402,-1.1071985960006714
-0.42776402831077576,0.3629556894302368,0.016269227489829063,-2.0711655616760254,-0.008886567316949368,2.4340574741363525,-1.0871872901916504
-0.41778334975242615,0.3612191677093506,0.00571988383308053,-2.073892593383789,-0.0031137848272919655,2.4351038932800293,-1.0671759843826294
-0.40773805975914,0.3595251142978668,-0.004883712623268366,-2.0766091346740723,0.002650168025866151,2.436128616333008,-1.0471646785736084
-0.39762869477272034,0.35787224769592285,-0.01554115116596222,-2.0793163776397705,0.00840564165264368,2.43713116645813,-1.0271533727645874
-0.38745513558387756,0.35626107454299927,-0.026252979412674904,-2.0820136070251465,0.014153645373880863,2.438112258911133,-1.0071420669555664
-0.37722083926200867,0.35469165444374084,-0.03701532632112503,-2.084700584411621,0.019892390817403793,2.4390714168548584,-0.9871307015419006
-0.36692431569099426,0.3531641960144043,-0.047830112278461456,-2.0873782634735107,0.025623848661780357,2.440009117126465,-0.9671194553375244
-0.3565690219402313,0.35167840123176575,-0.058693982660770416,-2.090045928955078,0.03134692460298538,2.440924882888794,-0.9471080899238586
-0.3461540639400482,0.350235253572464,-0.06960811465978622,-2.0927038192749023,0.03706274554133415,2.441819667816162,-0.9270967841148376
-0.3356820344924927,0.34883472323417664,-0.08056993782520294,-2.0953519344329834,0.04277079924941063,2.4426932334899902,-0.9070855379104614
-0.32515379786491394,0.3474760055541992,-0.09157879650592804,-2.0979909896850586,0.04847129434347153,2.4435458183288574,-0.8870741724967957
-0.3145710229873657,0.3461604416370392,-0.10263314098119736,-2.1006195545196533,0.05416427180171013,2.4443771839141846,-0.8670628070831299
-0.30393463373184204,0.34488704800605774,-0.11373234540224075,-2.103239059448242,0.05985060706734657,2.4451873302459717,-0.8470515608787537
-0.29324615001678467,0.3436566889286041,-0.12487481534481049,-2.105849266052246,0.06552962213754654,2.445976734161377,-0.8270401954650879
-0.2825077474117279,0.34246960282325745,-0.13605868816375732,-2.1084494590759277,0.07120158523321152,2.4467451572418213,-0.8070288896560669
-0.2717200219631195,0.341325044631958,-0.14728333055973053,-2.1110405921936035,0.0768672451376915,2.4474925994873047,-0.7870175838470459
-0.2608858644962311,0.3402239978313446,-0.15854614973068237,-2.1136221885681152,0.08252564072608948,2.4482195377349854,-0.7670062780380249
-0.25000542402267456,0.33916571736335754,-0.1698470264673233,-2.116194248199463,0.08817830681800842,2.4489259719848633,-0.7469949126243591
-0.2390822172164917,0.33815115690231323,-0.1811826080083847,-2.1187570095062256,0.09382389485836029,2.4496116638183594,-0.7269836664199829
-0.22811685502529144,0.33717992901802063,-0.19255249202251434,-2.1213107109069824,0.09946383535861969,2.4502766132354736,-0.7069723010063171
-0.2171126902103424,0.3362528085708618,-0.20395329594612122,-2.1238551139831543,0.10509682446718216,2.4509217739105225,-0.6869609951972961
-0.20607057213783264,0.3353692293167114,-0.21538445353507996,-2.126389980316162,0.11072403937578201,2.4515464305877686,-0.6669496893882751
-0.19499193131923676,0.33452898263931274,-0.22684456408023834,-2.128915786743164,0.11634575575590134,2.452150821685791,-0.6469383835792542
-0.1838802844285965,0.3337327241897583,-0.23833027482032776,-2.13143253326416,0.12196119129657745,2.4527344703674316,-0.6269270181655884
-0.17273610830307007,0.3329804539680481,-0.24984127283096313,-2.1339404582977295,0.12757137417793274,2.453298330307007,-0.6069157719612122
-0.16156384348869324,0.3322719931602478,-0.2613731920719147,-2.136439323425293,0.13317543268203735,2.4538419246673584,-0.5869044065475464
-0.15036344528198242,0.3316076993942261,-0.2729262113571167,-2.1389288902282715,0.13877464830875397,2.4543654918670654,-0.5668931603431702
-0.13913850486278534,0.3309875726699829,-0.2844967544078827,-2.141409397125244,0.1443680375814438,2.454868793487549,-0.5468817949295044
-0.12789076566696167,0.3304113745689392,-0.29608339071273804,-2.143881320953369,0.1499563306570053,2.455352306365967,-0.5268704891204834
-0.1166226789355278,0.3298794627189636,-0.30768367648124695,-2.14634370803833,0.155539408326149,2.455815315246582,-0.5068591237068176
-0.10533693432807922,0.32939186692237854,-0.3192950487136841,-2.1487979888916016,0.1611175835132599,2.456259250640869,-0.48684781789779663
-0.09403559565544128,0.328948974609375,-0.33091554045677185,-2.151242733001709,0.16669043898582458,2.4566826820373535,-0.46683648228645325
-0.08272120356559753,0.32854965329170227,-0.3425426781177521,-2.1536788940429688,0.1722586303949356,2.4570863246917725,-0.446825236082077
-0.07139517366886139,0.328195184469223,-0.3541753590106964,-2.156106472015381,0.17782233655452728,2.457469940185547,-0.42681390047073364
-0.06006147712469101,0.32788434624671936,-0.36580953001976013,-2.158524990081787,0.18338097631931305,2.457833766937256,-0.40680256485939026
-0.04872258007526398,0.32761847972869873,-0.37744277715682983,-2.160935163497925,0.1889350414276123,2.4581780433654785,-0.3867912292480469
-0.03738081082701683,0.32739633321762085,-0.38907310366630554,-2.1633362770080566,0.1944843828678131,2.4585022926330566,-0.3667799234390259
-0.026036115363240242,0.32721906900405884,-0.4007005989551544,-2.16572904586792,0.20003052055835724,2.4588067531585693,-0.3467685878276825
-0.014694561250507832,0.3270858824253082,-0.41231921315193176,-2.1681132316589355,0.20557159185409546,2.4590916633605957,-0.3267573416233063
-0.00335691892541945,0.32699668407440186,-0.42392826080322266,-2.1704888343811035,0.21110866963863373,2.4593563079833984,-0.3067460060119629
0.007974056527018547,0.3269515633583069,-0.4355252683162689,-2.172855854034424,0.21664145588874817,2.459601402282715,-0.2867346704006195
0.019295765087008476,0.32695096731185913,-0.44710761308670044,-2.1752142906188965,0.2221703976392746,2.459826946258545,-0.2667233347892761
0.03060576505959034,0.32699424028396606,-0.45867297053337097,-2.1775641441345215,0.2276955544948578,2.4600324630737305,-0.24671201407909393
0.04190075770020485,0.3270817995071411,-0.47021809220314026,-2.179905891418457,0.23321670293807983,2.4602184295654297,-0.22670067846775055
0.05317927524447441,0.327212929725647,-0.4817417860031128,-2.182239294052124,0.23873423039913177,2.4603846073150635,-0.2066894769668579
0.0644381120800972,0.32738834619522095,-0.49324074387550354,-2.1845641136169434,0.24424748122692108,2.460530996322632,-0.18667811155319214
0.07567664980888367,0.32760679721832275,-0.5047145485877991,-2.186880588531494,0.24975824356079102,2.4606573581695557,-0.16666679084300995
0.0868898406624794,0.32786938548088074,-0.5161582231521606,-2.1891889572143555,0.25526484847068787,2.460764169692993,-0.14665545523166656
0.09807673841714859,0.32817572355270386,-0.527570903301239,-2.191488742828369,0.26076799631118774,2.4608511924743652,-0.12664411962032318
0.1092357411980629,0.32852524518966675,-0.5389510989189148,-2.1937806606292725,0.2662684917449951,2.4609181880950928,-0.1066327840089798
0.12036139518022537,0.3289181590080261,-0.550293505191803,-2.196063995361328,0.27176469564437866,2.460965633392334,-0.08662158250808716
0.13145534694194794,0.329354465007782,-0.561599850654602,-2.1983394622802734,0.27725857496261597,2.4609928131103516,-0.06661021709442139
0.14251255989074707,0.32983365654945374,-0.5728650093078613,-2.2006068229675293,0.2827490270137787,2.461000442504883,-0.0465988889336586
0.15353229641914368,0.33035585284233093,-0.5840886235237122,-2.2028660774230957,0.2882367670536041,2.4609878063201904,-0.026587555184960365
0.16451120376586914,0.3309210240840912,-0.5952672958374023,-2.2051169872283936,0.293721467256546,2.4609556198120117,-0.006576220970600843
0.1754482239484787,0.33152857422828674,-0.6064000129699707,-2.207360029220581,0.29920312762260437,2.4609031677246094,0.013435112312436104
0.1863410621881485,0.3321788012981415,-0.6174845695495605,-2.209595203399658,0.30468234419822693,2.4608304500579834,0.033446311950683594
0.19718605279922485,0.33287155628204346,-0.6285174489021301,-2.211822509765625,0.3101586401462555,2.46073842048645,0.05345767363905907
0.20798306167125702,0.33360663056373596,-0.6394987106323242,-2.2140414714813232,0.3156321942806244,2.4606258869171143,0.07346900552511215
0.21872970461845398,0.33438315987586975,-0.6504258513450623,-2.2162528038024902,0.3211033344268799,2.460493326187134,0.09348034113645554
0.22942449152469635,0.33520224690437317,-0.6612975597381592,-2.218456268310547,0.3265722095966339,2.4603402614593506,0.11349167674779892
0.24006542563438416,0.3360627293586731,-0.672111988067627,-2.220651626586914,0.3320388197898865,2.460167169570923,0.1335030049085617
0.25064903497695923,0.33696457743644714,-0.6828656792640686,-2.222839593887329,0.33750274777412415,2.4599740505218506,0.15351420640945435
0.26117658615112305,0.3379077911376953,-0.6935599446296692,-2.2250194549560547,0.3429647386074066,2.4597599506378174,0.17352557182312012
0.2716442942619324,0.3388918340206146,-0.7041912078857422,-2.227191925048828,0.3484243154525757,2.4595258235931396,0.1935369074344635
0.282050222158432,0.33991754055023193,-0.71475750207901,-2.229356288909912,0.3538816571235657,2.4592714309692383,0.21354824304580688
0.2923957109451294,0.3409833610057831,-0.725260317325592,-2.231513023376465,0.35933756828308105,2.458995819091797,0.23355956375598907
0.30267584323883057,0.3420904874801636,-0.7356948852539062,-2.2336623668670654,0.3647910952568054,2.458700180053711,0.25357091426849365
0.31289148330688477,0.34323766827583313,-0.7460619807243347,-2.2358038425445557,0.3702431917190552,2.458383560180664,0.2735821008682251
0.32303982973098755,0.3444250226020813,-0.7563590407371521,-2.2379376888275146,0.37569308280944824,2.4580461978912354,0.29359346628189087
0.3331203758716583,0.34565261006355286,-0.7665855884552002,-2.2400641441345215,0.38114142417907715,2.457688331604004,0.31360480189323425
0.3431321680545807,0.34691983461380005,-0.7767409086227417,-2.242182731628418,0.3865881860256195,2.4573092460632324,0.33361613750457764
0.353074312210083,0.34822627902030945,-0.7868238091468811,-2.2442944049835205,0.39203333854675293,2.4569091796875,0.353627473115921
0.3629447817802429,0.3495728075504303,-0.7968327403068542,-2.2463982105255127,0.39747709035873413,2.4564878940582275,0.3736388087272644
0.37274229526519775,0.35095810890197754,-0.8067662119865417,-2.248494863510132,0.40291884541511536,2.456045627593994,0.39365002512931824
0.3824674189090729,0.3523828685283661,-0.8166251182556152,-2.2505836486816406,0.4083597958087921,2.4555821418762207,0.4136613607406616
0.3921176791191101,0.35384631156921387,-0.8264067769050598,-2.2526655197143555,0.4137990176677704,2.455097198486328,0.433672696352005
0.4016937017440796,0.3553484380245209,-0.836113691329956,-2.254739761352539,0.41923752427101135,2.4545905590057373,0.4536840319633484
0.4111918807029724,0.35688894987106323,-0.8457390666007996,-2.2568068504333496,0.4246746003627777,2.4540629386901855,0.4736953675746918
0.4206170439720154,0.358467698097229,-0.8552893996238708,-2.258866548538208,0.4301109313964844,2.4535129070281982,0.49370670318603516
0.42996150255203247,0.36008498072624207,-0.8647572994232178,-2.2609190940856934,0.43554556369781494,2.452941656112671,0.5137179493904114
0.43922993540763855,0.3617401421070099,-0.8741474151611328,-2.2629642486572266,0.44097983837127686,2.452348232269287,0.5337292551994324
0.4484209418296814,0.36343318223953247,-0.883458137512207,-2.2650022506713867,0.4464132785797119,2.4517323970794678,0.5537406206130981
0.4575314521789551,0.36516380310058594,-0.8926869630813599,-2.267033100128174,0.45184576511383057,2.45109486579895,0.5737519264221191
0.44968077540397644,0.37004750967025757,-0.8915480971336365,-2.2613794803619385,0.45581385493278503,2.448087692260742,0.5915141701698303
0.4419322609901428,0.37501922249794006,-0.8905112743377686,-2.2556424140930176,0.45985352993011475,2.445014476776123,0.6092764139175415
0.43428781628608704,0.38007986545562744,-0.8895791172981262,-2.2498221397399902,0.4639667868614197,2.441873073577881,0.6270386576652527
0.42674651741981506,0.38523077964782715,-0.8887521624565125,-2.243917942047119,0.46815481781959534,2.4386630058288574,0.6448009014129639
0.4193078875541687,0.3904725909233093,-0.8880308270454407,-2.2379298210144043,0.4724181592464447,2.4353835582733154,0.662563145160675
0.4119759202003479,0.3958069384098053,-0.8874221444129944,-2.2318577766418457,0.47675901651382446,2.4320316314697266,0.6803253889083862
0.40474966168403625,0.4012346565723419,-0.8869224786758423,-2.2257018089294434,0.48117801547050476,2.4286069869995117,0.6980876922607422
0.39762818813323975,0.40675774216651917,-0.8865343332290649,-2.21946120262146,0.48567745089530945,2.4251081943511963,0.7158499360084534
0.3906126916408539,0.4123765826225281,-0.8862587213516235,-2.2131357192993164,0.49025800824165344,2.4215335845947266,0.7336121797561646
0.38370418548583984,0.4180932343006134,-0.8861007690429688,-2.206725597381592,0.49492207169532776,2.417881488800049,0.7513744235038757
0.37690240144729614,0.4239087998867035,-0.8860606551170349,-2.200230121612549,0.4996706545352936,2.4141502380371094,0.7691366672515869
0.3702043890953064,0.42982518672943115,-0.8861368298530579,-2.1936490535736084,0.5045049786567688,2.410339117050171,0.7868989109992981
0.36361438035964966,0.4358435571193695,-0.886335015296936,-2.1869823932647705,0.509428083896637,2.406445026397705,0.8046611547470093
0.35713058710098267,0.441965788602829,-0.886655330657959,-2.180229425430298,0.5144408345222473,2.4024667739868164,0.8224233984947205
0.3507506847381592,0.4481934607028961,-0.8870972394943237,-2.1733899116516113,0.5195448398590088,2.3984031677246094,0.8401856422424316
0.3444775342941284,0.45452848076820374,-0.8876654505729675,-2.166463613510132,0.5247423648834229,2.3942513465881348,0.8579479455947876
0.33830952644348145,0.4609728753566742,-0.888360321521759,-2.159450054168701,0.5300353169441223,2.390009880065918,0.8757101893424988
0.33224594593048096,0.4675283432006836,-0.8891831040382385,-2.152348756790161,0.5354258418083191,2.385676383972168,0.89347243309021
0.3262868821620941,0.47419723868370056,-0.8901362419128418,-2.1451597213745117,0.5409164428710938,2.381249189376831,0.9112346768379211
0.3204311430454254,0.4809817671775818,-0.8912208080291748,-2.137881278991699,0.5465086102485657,2.376725435256958,0.9289969205856323
0.3146790862083435,0.4878832995891571,-0.8924394845962524,-2.130514621734619,0.5522052049636841,2.372103452682495,0.9467591643333435
0.3090294897556305,0.49490562081336975,-0.8937937021255493,-2.1230578422546387,0.558009147644043,2.367380380630493,0.9645214080810547
0.30348125100135803,0.5020503401756287,-0.8952847123146057,-2.115510940551758,0.5639218688011169,2.3625540733337402,0.9822836518287659
0.29803407192230225,0.5093207955360413,-0.8969153761863708,-2.1078734397888184,0.5699470043182373,2.357621192932129,1.000045895576477
0.2926877439022064,0.5167189836502075,-0.8986880779266357,-2.100144624710083,0.5760869383811951,2.3525800704956055,1.017808198928833
0.2874407470226288,0.5242486000061035,-0.9006046652793884,-2.0923237800598145,0.5823449492454529,2.3474271297454834,1.0355703830718994
0.2822928726673126,0.5319116115570068,-0.9026675820350647,-2.0844101905822754,0.5887239575386047,2.3421597480773926,1.0533326864242554
0.27724334597587585,0.5397127270698547,-0.9048801064491272,-2.0764031410217285,0.5952275991439819,2.3367738723754883,1.0710948705673218
0.2722903788089752,0.5476542711257935,-0.9072437286376953,-2.0683023929595947,0.6018595695495605,2.3312673568725586,1.0888571739196777
0.26743391156196594,0.5557401776313782,-0.9097620248794556,-2.0601062774658203,0.6086225509643555,2.325636386871338,1.1066193580627441
0.2626733183860779,0.5639748573303223,-0.912438690662384,-2.0518150329589844,0.6155214309692383,2.3198766708374023,1.1243816614151
0.2580050230026245,0.5723608732223511,-0.9152737259864807,-2.0434272289276123,0.622559666633606,2.313986301422119,1.142143964767456
0.25343143939971924,0.5809043645858765,-0.9182745814323425,-2.0349416732788086,0.629741907119751,2.3079590797424316,1.1599061489105225
0.24895109236240387,0.5896083116531372,-0.9214441776275635,-2.026358127593994,0.6370733380317688,2.3017914295196533,1.1776684522628784
0.24455884099006653,0.5984762907028198,-0.9247819185256958,-2.0176753997802734,0.6445552706718445,2.295480966567993,1.1954306364059448
0.2402595430612564,0.6075170040130615,-0.9282985925674438,-2.008892059326172,0.6521987318992615,2.289019823074341,1.2131929397583008
0.23604914546012878,0.6167342662811279,-0.931995689868927,-2.000007152557373,0.6600072979927063,2.2824041843414307,1.2309551239013672
0.23192673921585083,0.6261333227157593,-0.935877799987793,-1.9910200834274292,0.6679849028587341,2.275629758834839,1.2487174272537231
0.2278919219970703,0.6357203125953674,-0.9399510025978088,-1.981929063796997,0.6761395931243896,2.2686896324157715,1.2664796113967896
0.22394172847270966,0.6455018520355225,-0.9442188739776611,-1.9727330207824707,0.6844767332077026,2.2615790367126465,1.2842419147491455
0.22007718682289124,0.6554844379425049,-0.9486896395683289,-1.9634312391281128,0.6930054426193237,2.254291296005249,1.302004098892212
0.2162962406873703,0.6656762361526489,-0.9533690810203552,-1.954021692276001,0.7017318606376648,2.246819019317627,1.3197664022445679
0.2125965803861618,0.676084578037262,-0.9582626819610596,-1.9445030689239502,0.7106642723083496,2.239156484603882,1.3375285863876343
0.20897790789604187,0.6867178678512573,-0.9633789658546448,-1.9348740577697754,0.7198113799095154,2.231295108795166,1.3552908897399902
0.2054397463798523,0.6975856423377991,-0.9687269926071167,-1.9251329898834229,0.7291841506958008,2.223226547241211,1.3730530738830566
0.20197872817516327,0.7086974382400513,-0.9743133783340454,-1.9152783155441284,0.7387915253639221,2.2149431705474854,1.3908153772354126
0.1985953152179718,0.7200630903244019,-0.9801491498947144,-1.9053086042404175,0.748645544052124,2.206434965133667,1.408577561378479
0.19528795778751373,0.7316949367523193,-0.9862448573112488,-1.8952215909957886,0.7587571740150452,2.1976912021636963,1.426339864730835
0.19205333292484283,0.7436043620109558,-0.9926096200942993,-1.8850157260894775,0.769139289855957,2.1887025833129883,1.444102168083191
0.18889254331588745,0.7558056116104126,-0.9992582201957703,-1.8746891021728516,0.7798078656196594,2.1794557571411133,1.4618644714355469
0.18580308556556702,0.7683133482933044,-1.0062038898468018,-1.8642393350601196,0.7907782196998596,2.1699378490448,1.4796266555786133
0.18278200924396515,0.7811416387557983,-1.0134587287902832,-1.853664755821228,0.8020652532577515,2.1601366996765137,1.4973889589309692
0.1798294484615326,0.7943094968795776,-1.0210418701171875,-1.8429628610610962,0.8136892318725586,2.1500353813171387,1.5151511430740356
0.17694222927093506,0.8078353404998779,-1.0289690494537354,-1.8321311473846436,0.8256701231002808,2.139618158340454,1.5329134464263916
0.17411936819553375,0.8217390775680542,-1.0372607707977295,-1.8211674690246582,0.8380301594734192,2.1288669109344482,1.550675630569458
0.1713588833808899,0.8360454440116882,-1.0459394454956055,-1.8100688457489014,0.8507950901985168,2.117760419845581,1.568437933921814
0.1686592549085617,0.8507794141769409,-1.0550299882888794,-1.798832893371582,0.8639926314353943,2.106276035308838,1.5862001180648804
0.1660163551568985,0.8659689426422119,-1.0645575523376465,-1.7874565124511719,0.8776529431343079,2.094390392303467,1.6039624214172363
0.16343000531196594,0.8816470503807068,-1.0745551586151123,-1.7759367227554321,0.8918126821517944,2.0820741653442383,1.6217246055603027
0.16089628636837006,0.8978495597839355,-1.0850565433502197,-1.764270305633545,0.9065098166465759,2.069296360015869,1.6394869089126587
0.15841235220432281,0.914617121219635,-1.0961005687713623,-1.7524540424346924,0.9217899441719055,2.0560219287872314,1.657249093055725
0.1559753268957138,0.9319964051246643,-1.107732892036438,-1.7404842376708984,0.937703549861908,2.0422091484069824,1.675011396408081
0.15358179807662964,0.9500420093536377,-1.1200056076049805,-1.7283573150634766,0.9543101191520691,2.0278120040893555,1.6927735805511475
0.13149692118167877,0.8893945217132568,-1.070801019668579,-1.7589569091796875,0.8926435708999634,2.0755703449249268,1.7211905717849731
0.10845459252595901,0.834956169128418,-1.0261476039886475,-1.7887037992477417,0.8365049958229065,2.1177499294281006,1.7496076822280884
0.08445443212985992,0.7853952050209045,-0.9848301410675049,-1.8176449537277222,0.7845659852027893,2.1555094718933105,1.778024673461914
0.059467535465955734,0.7398037910461426,-0.9459937214851379,-1.8458216190338135,0.7359216809272766,2.189640760421753,1.8064417839050293
0.03343515843153,0.6975262761116028,-0.9089869260787964,-1.8732703924179077,0.6899189352989197,2.2207179069519043,1.834858775138855
0.006282147020101547,0.6580756306648254,-0.8732942938804626,-1.9000229835510254,0.6460723876953125,2.2491695880889893,1.8632757663726807
-0.022088997066020966,0.6210753321647644,-0.8384801745414734,-1.9261082410812378,0.6040049195289612,2.275327682495117,1.891692876815796
-0.051796525716781616,0.5862329006195068,-0.8041617274284363,-1.9515507221221924,0.5634199380874634,2.2994539737701416,1.9201099872589111
-0.08298319578170776,0.5533122420310974,-0.7699834704399109,-1.9763730764389038,0.5240781307220459,2.3217620849609375,1.9485269784927368
-0.11581315845251083,0.5221258997917175,-0.7356091141700745,-2.0005953311920166,0.4857824742794037,2.3424251079559326,1.9769439697265625
-0.15048392117023468,0.49252110719680786,-0.70069819688797,-2.0242342948913574,0.44836750626564026,2.3615870475769043,2.0053610801696777
-0.18722179532051086,0.4643761217594147,-0.6649062037467957,-2.0473060607910156,0.4116956293582916,2.379368543624878,2.033777952194214
-0.22629299759864807,0.43759408593177795,-0.6278667449951172,-2.06982421875,0.37564748525619507,2.395871162414551,2.062195062637329
-0.14657212793827057,0.454344242811203,-0.7073915004730225,-2.079233169555664,0.429615318775177,2.387364625930786,2.030155897140503
-0.0712081640958786,0.4744393825531006,-0.7827134132385254,-2.0880846977233887,0.4838922917842865,2.376657009124756,1.9981169700622559
-0.0003665253461804241,0.4979337751865387,-0.8537729382514954,-2.0963921546936035,0.5385847687721252,2.3635671138763428,1.9660779237747192
0.06593884527683258,0.5249415636062622,-0.9206742644309998,-2.1041698455810547,0.5938185453414917,2.347862958908081,1.934038758277893
0.12780213356018066,0.5556535720825195,-0.9836472868919373,-2.11143159866333,0.6497423648834229,2.3292527198791504,1.9019997119903564
0.1853971630334854,0.5903623700141907,-1.0430268049240112,-2.1181912422180176,0.7065392136573792,2.307361364364624,1.8699606657028198
0.23893998563289642,0.6294915676116943,-1.09922456741333,-2.124464988708496,0.7644413709640503,2.281707286834717,1.8379216194152832
0.28866320848464966,0.6736451983451843,-1.1527233123779297,-2.13026762008667,0.8237559199333191,2.251657724380493,1.805882453918457
0.3347930610179901,0.723675549030304,-1.204078197479248,-2.1356148719787598,0.8848952651023865,2.2163660526275635,1.7738434076309204
0.3775290250778198,0.7808113694190979,-1.2539464235305786,-2.1405229568481445,0.9484489560127258,2.174656391143799,1.7418043613433838
0.41702157258987427,0.8468794822692871,-1.3031543493270874,-2.145008087158203,1.0152993202209473,2.124823570251465,1.7097653150558472
0.45332640409469604,0.9247578382492065,-1.3528332710266113,-2.149087429046631,1.0868679285049438,2.0642290115356445,1.6777262687683105
0.48632749915122986,1.0194448232650757,-1.4047966003417969,-2.152778148651123,1.1657172441482544,1.9883480072021484,1.645687222480774
0.5166512727737427,0.9741030335426331,-1.397698163986206,-2.1846675872802734,1.1372044086456299,2.026550769805908,1.6744186878204346
0.5483062267303467,0.9341363310813904,-1.3944337368011475,-2.2156152725219727,1.1126829385757446,2.060181140899658,1.7031501531600952
0.5813554525375366,0.8986668586730957,-1.3944365978240967,-2.2456436157226562,1.091472864151001,2.0900282859802246,1.7318817377090454
0.6158295273780823,0.8670809268951416,-1.3972795009613037,-2.2747724056243896,1.0730931758880615,2.116651773452759,1.760613203048706
0.6517342329025269,0.8389394879341125,-1.4026241302490234,-2.3030145168304443,1.0571954250335693,2.140455484390259,1.7893446683883667
0.6890508532524109,0.8139121532440186,-1.4101811647415161,-2.3303821086883545,1.0435144901275635,2.1617491245269775,1.8180761337280273
0.7277383208274841,0.7917504906654358,-1.4196937084197998,-2.3568825721740723,1.031848430633545,2.18076753616333,1.846807599067688
0.7677329778671265,0.7722644805908203,-1.4309216737747192,-2.3825201988220215,1.0220402479171753,2.197693109512329,1.8755390644073486
0.8089466094970703,0.7553005814552307,-1.4436293840408325,-2.407297134399414,1.0139615535736084,2.2126731872558594,1.9042705297470093
0.8512710928916931,0.740740180015564,-1.457586407661438,-2.4312119483947754,1.007513403892517,2.225821018218994,1.93300199508667
0.8945775628089905,0.7284858226776123,-1.4725595712661743,-2.4542617797851562,1.0026116371154785,2.237227439880371,1.9617335796356201
0.938720166683197,0.7184611558914185,-1.4883147478103638,-2.476440906524658,0.9991921186447144,2.246959924697876,1.9904650449752808
0.9835330247879028,0.7105959057807922,-1.5046119689941406,-2.497741937637329,0.9971954226493835,2.2550764083862305,2.0191965103149414
1.028841257095337,0.704835057258606,-1.5212135314941406,-2.518155097961426,0.9965752959251404,2.261615753173828,2.0479280948638916
1.074460506439209,0.7011311054229736,-1.53788423538208,-2.5376691818237305,0.9972912669181824,2.2666051387786865,2.0766594409942627
1.120200514793396,0.6994381546974182,-1.5543919801712036,-2.556272029876709,0.9993056058883667,2.2700653076171875,2.105391025543213
1.1658729314804077,0.6997198462486267,-1.5705174207687378,-2.573948860168457,1.0025871992111206,2.272003650665283,2.134122371673584
1.21129310131073,0.7019405364990234,-1.586053729057312,-2.5906856060028076,1.0071039199829102,2.2724225521087646,2.162853956222534
1.256284236907959,0.7060717940330505,-1.6008119583129883,-2.6064653396606445,1.0128273963928223,2.271313428878784,2.1915853023529053
1.3006813526153564,0.7120880484580994,-1.6146236658096313,-2.621272087097168,1.0197279453277588,2.2686634063720703,2.2203168869018555
1.3443348407745361,0.7199679613113403,-1.627346396446228,-2.635089159011841,1.0277756452560425,2.2644524574279785,2.2490484714508057
1.3871122598648071,0.7297008037567139,-1.6388633251190186,-2.6478991508483887,1.0369422435760498,2.2586510181427,2.2777798175811768
1.428896427154541,0.741276204586029,-1.6490833759307861,-2.6596860885620117,1.0471947193145752,2.251228094100952,2.306511402130127
1.4695912599563599,0.7546942234039307,-1.657946228981018,-2.6704342365264893,1.0585012435913086,2.2421438694000244,2.335242986679077
1.5091166496276855,0.769967794418335,-1.6654174327850342,-2.6801278591156006,1.0708301067352295,2.2313497066497803,2.363974094390869
1.547412633895874,0.7871124148368835,-1.671492099761963,-2.688754081726074,1.0841434001922607,2.2187955379486084,2.3927056789398193
1.584431767463684,0.80616295337677,-1.6761887073516846,-2.6963000297546387,1.098411202430725,2.2044177055358887,2.4214372634887695
1.5685056447982788,0.7744090557098389,-1.6692187786102295,-2.6849169731140137,1.074439287185669,2.2284722328186035,2.405266284942627
1.551762580871582,0.7449429035186768,-1.6612151861190796,-2.6734211444854736,1.0510354042053223,2.250290870666504,2.3890950679779053
1.5341981649398804,0.7175012826919556,-1.6521811485290527,-2.661813259124756,1.028134822845459,2.270134449005127,2.3729240894317627
1.515804648399353,0.6918691992759705,-1.6421175003051758,-2.6500918865203857,1.0056854486465454,2.288217782974243,2.35675311088562
1.4965705871582031,0.6678624153137207,-1.6310189962387085,-2.6382570266723633,0.9836419224739075,2.3047263622283936,2.3405821323394775
1.4764838218688965,0.6453292965888977,-1.6188801527023315,-2.626307725906372,0.9619672298431396,2.319814682006836,2.324410915374756
1.4555293321609497,0.6241384744644165,-1.6056913137435913,-2.614243984222412,0.9406284093856812,2.3336181640625,2.3082399368286133
1.4336895942687988,0.6041794419288635,-1.591440200805664,-2.602064609527588,0.9195977449417114,2.3462531566619873,2.2920689582824707
1.4109485149383545,0.5853582620620728,-1.5761150121688843,-2.589768409729004,0.8988505601882935,2.3578193187713623,2.275897741317749
1.3872884511947632,0.5675938129425049,-1.5597025156021118,-2.57735538482666,0.8783655762672424,2.3684051036834717,2.2597267627716064
1.3626909255981445,0.5508167147636414,-1.542188286781311,-2.564824104309082,0.8581243753433228,2.3780875205993652,2.2435555458068848
1.337135910987854,0.5349658131599426,-1.5235551595687866,-2.552173614501953,0.8381080031394958,2.386936902999878,2.227384567260742
1.3106086254119873,0.5199915170669556,-1.5037915706634521,-2.539402961730957,0.8183021545410156,2.395012140274048,2.2112135887145996
1.2830909490585327,0.5058498978614807,-1.4828827381134033,-2.526510715484619,0.7986921072006226,2.402367353439331,2.195042610168457
1.25456964969635,0.4925043284893036,-1.4608174562454224,-2.513495922088623,0.7792654633522034,2.4090499877929688,2.1788716316223145
1.225029468536377,0.47992247343063354,-1.4375829696655273,-2.500357151031494,0.7600096464157104,2.415104627609253,2.1627004146575928
1.1944645643234253,0.46807900071144104,-1.413175106048584,-2.487092971801758,0.740913987159729,2.4205679893493652,2.14652943611145
1.149665117263794,0.49380213022232056,-1.3691225051879883,-2.4464175701141357,0.7574393153190613,2.3994369506835938,2.1257102489471436
1.1098841428756714,0.5215521454811096,-1.3313453197479248,-2.4051411151885986,0.774355411529541,2.3770856857299805,2.104891061782837
1.0745983123779297,0.5512261390686035,-1.2993757724761963,-2.363224983215332,0.7918000817298889,2.353471517562866,2.0840721130371094
1.0433001518249512,0.582769513130188,-1.2727830410003662,-2.3206253051757812,0.8099245429039001,2.328530788421631,2.0632529258728027
1.0155115127563477,0.6161748170852661,-1.2511905431747437,-2.2772934436798096,0.8288992643356323,2.302182674407959,2.042433738708496
0.990793764591217,0.6514816284179688,-1.2342910766601562,-2.233173370361328,0.8489201068878174,2.274322509765625,2.0216145515441895
0.9687570333480835,0.6887838244438171,-1.2218644618988037,-2.188203811645508,0.8702182173728943,2.24481201171875,2.000795364379883
0.9490485191345215,0.7282325625419617,-1.213776707649231,-2.1423141956329346,0.8930700421333313,2.2134768962860107,1.9799762964248657
0.9313594698905945,0.7700546979904175,-1.2100032567977905,-2.0954244136810303,0.9178208112716675,2.1800851821899414,1.959157109260559
0.9154131412506104,0.8145700693130493,-1.2106422185897827,-2.047443389892578,0.9449068307876587,2.144333839416504,1.9383379220962524
0.9009561538696289,0.8622254729270935,-1.2159439325332642,-1.9982653856277466,0.9748966693878174,2.1058168411254883,1.9175187349319458
0.8877605199813843,0.9136633276939392,-1.226378321647644,-1.9477688074111938,1.0085678100585938,2.0639636516571045,1.8966996669769287
0.875606119632721,0.9698241353034973,-1.242728590965271,-1.8958103656768799,1.0470197200775146,2.017951011657715,1.875880479812622
0.8758142590522766,0.9629291892051697,-1.2376618385314941,-1.8971279859542847,1.040405035018921,2.023440361022949,1.85641348361969
0.8760048151016235,0.9561524391174316,-1.2326464653015137,-1.898427963256836,1.0338680744171143,2.028824806213379,1.8369466066360474
0.8761774301528931,0.949491024017334,-1.2276794910430908,-1.8997094631195068,1.0274075269699097,2.0341079235076904,1.8174796104431152
0.8763319849967957,0.9429380893707275,-1.2227574586868286,-1.9009733200073242,1.0210175514221191,2.0392942428588867,1.7980127334594727
0.8764684796333313,0.9364930391311646,-1.217879295349121,-1.9022188186645508,1.0146976709365845,2.0443856716156006,1.7785457372665405
0.8765869140625,0.9301506280899048,-1.21304190158844,-1.9034467935562134,1.0084443092346191,2.0493860244750977,1.759078860282898
0.8766875267028809,0.9239088296890259,-1.2082438468933105,-1.9046566486358643,1.0022549629211426,2.05429744720459,1.7396118640899658
0.8767697811126709,0.9177644848823547,-1.2034826278686523,-1.9058488607406616,0.9961279034614563,2.0591232776641846,1.7201448678970337
0.8768343925476074,0.911714494228363,-1.1987571716308594,-1.9070228338241577,0.9900614619255066,2.0638649463653564,1.7006779909133911
0.8768811821937561,0.9057561755180359,-1.1940655708312988,-1.9081792831420898,0.9840521812438965,2.068525552749634,1.681210994720459
0.876909613609314,0.8998878598213196,-1.1894056797027588,-1.9093177318572998,0.9780996441841125,2.0731067657470703,1.6617441177368164
0.8769203424453735,0.8941059708595276,-1.1847765445709229,-1.9104386568069458,0.9722017645835876,2.0776114463806152,1.6422771215438843
0.8769128918647766,0.888408899307251,-1.180176019668579,-1.9115417003631592,0.9663552045822144,2.0820412635803223,1.6228102445602417
0.8768866658210754,0.8827937841415405,-1.1756021976470947,-1.9126272201538086,0.9605595469474792,2.0863988399505615,1.6033432483673096
0.876843273639679,0.8772600293159485,-1.171055555343628,-1.9136948585510254,0.9548137784004211,2.090684175491333,1.583876371383667
0.8767807483673096,0.8718039989471436,-1.1665325164794922,-1.9147446155548096,0.9491152763366699,2.0949013233184814,1.5644093751907349
0.8767005801200867,0.8664240837097168,-1.162033200263977,-1.9157774448394775,0.9434630870819092,2.099050521850586,1.5449424982070923
0.8766011595726013,0.861118495464325,-1.157555103302002,-1.9167919158935547,0.9378552436828613,2.1031346321105957,1.5254755020141602
0.876483678817749,0.855886697769165,-1.153098702430725,-1.9177888631820679,0.9322915077209473,2.1071534156799316,1.506008505821228
0.8763474822044373,0.8507255911827087,-1.1486616134643555,-1.918768286705017,0.926769495010376,2.111109972000122,1.4865416288375854
0.8761923313140869,0.8456336259841919,-1.144242525100708,-1.9197306632995605,0.9212881326675415,2.1150054931640625,1.4670746326446533
0.8760188817977905,0.8406097292900085,-1.1398413181304932,-1.920675277709961,0.9158469438552856,2.1188409328460693,1.4476077556610107
0.8758264780044556,0.8356528282165527,-1.1354565620422363,-1.9216022491455078,0.9104441404342651,2.122617244720459,1.4281407594680786
0.875614583492279,0.8307607769966125,-1.1310865879058838,-1.9225116968154907,0.9050794243812561,2.1263368129730225,1.4086737632751465
0.8753833770751953,0.8259320855140686,-1.1267309188842773,-1.9234040975570679,0.8997501730918884,2.130000352859497,1.389206886291504
0.8751334547996521,0.821166455745697,-1.1223887205123901,-1.9242786169052124,0.8944569230079651,2.13360857963562,1.3697398900985718
0.874863862991333,0.8164613246917725,-1.1180588006973267,-1.9251359701156616,0.889197587966919,2.1371631622314453,1.3502730131149292
0.8745748400688171,0.8118154406547546,-1.1137399673461914,-1.925976276397705,0.8839717507362366,2.1406660079956055,1.330806016921997
0.8742662668228149,0.8072291612625122,-1.1094324588775635,-1.926798701286316,0.8787785172462463,2.1441164016723633,1.3113391399383545
0.8739384412765503,0.8027008771896362,-1.105135202407837,-1.9276037216186523,0.8736178874969482,2.1475157737731934,1.2918721437454224
0.8735895752906799,0.7982283234596252,-1.1008456945419312,-1.9283913373947144,0.8684874773025513,2.1508665084838867,1.2724051475524902
0.8732213377952576,0.7938110828399658,-1.096564531326294,-1.9291622638702393,0.8633870482444763,2.1541686058044434,1.2529382705688477
0.8728336095809937,0.789448618888855,-1.0922915935516357,-1.9299157857894897,0.8583160042762756,2.1574225425720215,1.2334712743759155
0.8724252581596375,0.7851395010948181,-1.0880248546600342,-1.9306520223617554,0.8532732725143433,2.160629987716675,1.214004397392273
0.8719961047172546,0.7808829545974731,-1.083763599395752,-1.9313706159591675,0.8482581973075867,2.1637911796569824,1.1945374011993408
0.8715490698814392,0.7766813039779663,-1.0795111656188965,-1.9320716857910156,0.8432740569114685,2.166904926300049,1.1750705242156982
0.8710792064666748,0.7725274562835693,-1.0752601623535156,-1.9327561855316162,0.8383132815361023,2.1699767112731934,1.1556035280227661
0.8705886006355286,0.7684231996536255,-1.0710128545761108,-1.9334232807159424,0.8333777785301208,2.1730051040649414,1.1361366510391235
0.8700767755508423,0.7643685936927795,-1.0667684078216553,-1.9340732097625732,0.8284673690795898,2.175990581512451,1.1166696548461914
0.8695442080497742,0.7603622078895569,-1.0625269412994385,-1.9347057342529297,0.8235816955566406,2.17893385887146,1.0972026586532593
0.8689908385276794,0.7564027309417725,-1.0582871437072754,-1.9353216886520386,0.8187195658683777,2.181835889816284,1.0777357816696167
0.8684154152870178,0.7524904608726501,-1.0540484189987183,-1.935920000076294,0.8138809204101562,2.184697151184082,1.0582689046859741
0.8678188920021057,0.7486243844032288,-1.0498104095458984,-1.936501383781433,0.8090646862983704,2.18751859664917,1.038801908493042
0.8672009706497192,0.7448034286499023,-1.0455727577209473,-1.937065601348877,0.8042703866958618,2.190300464630127,1.0193349123001099
0.8665608763694763,0.7410269975662231,-1.0413336753845215,-1.937612771987915,0.7994979619979858,2.1930441856384277,0.9998679757118225
0.8658989071846008,0.7372950315475464,-1.0370938777923584,-1.938143014907837,0.7947458624839783,2.195749521255493,0.9804010987281799
0.8652151823043823,0.7336061000823975,-1.0328525304794312,-1.938655972480774,0.7900150418281555,2.1984171867370605,0.9609341025352478
0.8645085692405701,0.7299596667289734,-1.0286083221435547,-1.9391520023345947,0.7853036522865295,2.2010483741760254,0.9414671659469604
0.86378014087677,0.726356029510498,-1.0243618488311768,-1.9396309852600098,0.7806124091148376,2.2036428451538086,0.9220002293586731
0.863029420375824,0.7227941751480103,-1.0201122760772705,-1.9400928020477295,0.7759400606155396,2.2062013149261475,0.9025332927703857
0.8622559309005737,0.7192727327346802,-1.0158586502075195,-1.940537691116333,0.7712857127189636,2.2087247371673584,0.8830662965774536
0.8614600300788879,0.7157920598983765,-1.0116010904312134,-1.9409657716751099,0.7666499614715576,2.2112131118774414,0.8635993599891663
0.8606404662132263,0.7123515009880066,-1.007338047027588,-1.9413766860961914,0.7620317339897156,2.213667392730713,0.8441324234008789
0.8597983121871948,0.7089502811431885,-1.0030701160430908,-1.9417707920074463,0.7574308514595032,2.216088056564331,0.8246654868125916
0.8589321374893188,0.7055878043174744,-0.9987953901290894,-1.942147970199585,0.7528461217880249,2.218475818634033,0.805198609828949
0.8580437898635864,0.7022644281387329,-0.994516134262085,-1.9425077438354492,0.7482784390449524,2.220829486846924,0.7857316136360168
0.857130765914917,0.6989787817001343,-0.9902286529541016,-1.942850947380066,0.7437267303466797,2.223151683807373,0.7662647366523743
0.856194794178009,0.6957306265830994,-0.9859344959259033,-1.943177342414856,0.7391906380653381,2.2254419326782227,0.7467977404594421
0.8552345037460327,0.6925200819969177,-0.9816325902938843,-1.943486213684082,0.7346695065498352,2.2277002334594727,0.72733074426651
0.8542511463165283,0.6893457174301147,-0.9773234128952026,-1.9437791109085083,0.7301635146141052,2.2299277782440186,0.7078638672828674
0.8532429337501526,0.6862077713012695,-0.9730051159858704,-1.9440542459487915,0.7256719470024109,2.2321243286132812,0.6883968710899353
0.8522117733955383,0.6831062436103821,-0.9686793684959412,-1.9443131685256958,0.721194863319397,2.2342898845672607,0.6689298748970032
0.8511548638343811,0.6800397038459778,-0.9643426537513733,-1.9445548057556152,0.716731071472168,2.23642635345459,0.6494630575180054
0.8500742316246033,0.6770084500312805,-0.9599970579147339,-1.944779634475708,0.7122807502746582,2.2385330200195312,0.6299960613250732
0.8489689230918884,0.6740122437477112,-0.9556416273117065,-1.9449877738952637,0.7078437805175781,2.240610361099243,0.6105291843414307
0.8478385210037231,0.6710501909255981,-0.9512750506401062,-1.9451789855957031,0.7034194469451904,2.242659091949463,0.5910621881484985
0.846682608127594,0.6681223511695862,-0.9468972682952881,-1.9453531503677368,0.6990072727203369,2.2446796894073486,0.5715951919555664
0.8455030918121338,0.6652283072471619,-0.942509651184082,-1.9455108642578125,0.6946080923080444,2.246671199798584,0.5521283149719238
0.8442975282669067,0.6623676419258118,-0.9381096959114075,-1.9456514120101929,0.6902201771736145,2.2486352920532227,0.5326613187789917
0.8430671095848083,0.6595402359962463,-0.933698296546936,-1.9457752704620361,0.6858442425727844,2.2505717277526855,0.5131943225860596
0.8418112993240356,0.6567457914352417,-0.9292747378349304,-1.9458820819854736,0.6814795136451721,2.2524807453155518,0.4937274754047394
0.8405292630195618,0.6539836525917053,-0.9248378276824951,-1.9459724426269531,0.6771254539489746,2.2543632984161377,0.47426047921180725
0.8392221331596375,0.6512536406517029,-0.9203884601593018,-1.9460456371307373,0.6727824211120605,2.256218910217285,0.45479363203048706
0.8378898501396179,0.6485559344291687,-0.9159265160560608,-1.9461026191711426,0.6684496402740479,2.2580482959747314,0.43532663583755493
0.8365311622619629,0.6458900570869446,-0.9114506840705872,-1.946142315864563,0.6641274690628052,2.2598512172698975,0.4158596396446228
0.835145890712738,0.6432550549507141,-0.906960129737854,-1.9461652040481567,0.6598142385482788,2.261629104614258,0.3963927626609802
0.8337360620498657,0.6406519412994385,-0.9024571776390076,-1.9461716413497925,0.6555120348930359,2.263380765914917,0.3769257962703705
0.8322984576225281,0.6380792856216431,-0.8979378938674927,-1.946160912513733,0.6512176990509033,2.2651076316833496,0.35745880007743835
0.8308359384536743,0.6355377435684204,-0.8934056758880615,-1.9461334943771362,0.6469337940216064,2.2668087482452393,0.3379919230937958
0.8293456435203552,0.6330262422561646,-0.8888567090034485,-1.946089267730713,0.642657458782196,2.2684860229492188,0.31852492690086365
0.8278293013572693,0.6305449604988098,-0.8842930197715759,-1.9460288286209106,0.6383901834487915,2.270138740539551,0.29905807971954346
0.8262863159179688,0.6280937194824219,-0.8797135949134827,-1.9459514617919922,0.6341313123703003,2.2717671394348145,0.27959108352661133
0.8247164487838745,0.625672459602356,-0.8751181364059448,-1.9458569288253784,0.6298807859420776,2.273371696472168,0.2601240873336792
0.8231203556060791,0.6232813000679016,-0.8705072999000549,-1.9457457065582275,0.6256385445594788,2.274951457977295,0.24065722525119781
0.8214964270591736,0.620918869972229,-0.8658789396286011,-1.945617914199829,0.6214032173156738,2.2765090465545654,0.22119022905826569
0.8198464512825012,0.6185859441757202,-0.8612350225448608,-1.9454731941223145,0.6171762347221375,2.2780418395996094,0.20172324776649475
0.8181697130203247,0.6162824630737305,-0.8565745949745178,-1.9453117847442627,0.6129561066627502,2.2795519828796387,0.18225637078285217
0.8164647817611694,0.614007294178009,-0.8518958687782288,-1.9451336860656738,0.6087431311607361,2.2810397148132324,0.16278937458992004
0.8147327899932861,0.6117610931396484,-0.8471999168395996,-1.9449388980865479,0.6045363545417786,2.2825045585632324,0.14332251250743866
0.8129734992980957,0.60954350233078,-0.8424863219261169,-1.9447270631790161,0.6003366112709045,2.2839467525482178,0.12385551631450653
0.8111863136291504,0.6073538064956665,-0.8377546072006226,-1.944498896598816,0.5961428880691528,2.285367012023926,0.104388527572155
0.8093730807304382,0.6051928997039795,-0.833005964756012,-1.9442538022994995,0.5919559597969055,2.286764144897461,0.08492166548967361
0.8075316548347473,0.6030600070953369,-0.828238844871521,-1.9439918994903564,0.5877749919891357,2.288139820098877,0.06545467674732208
0.8056630492210388,0.6009551286697388,-0.8234532475471497,-1.9437131881713867,0.5836000442504883,2.2894933223724365,0.045987676829099655
0.8037663102149963,0.5988777875900269,-0.8186487555503845,-1.943418025970459,0.5794300436973572,2.290825843811035,0.02652081474661827
0.8018417954444885,0.5968283414840698,-0.813825249671936,-1.9431055784225464,0.5752657651901245,2.2921366691589355,0.007053827401250601
0.7998901009559631,0.5948061347007751,-0.8089832663536072,-1.942777156829834,0.5711067318916321,2.293426275253296,-0.012413048185408115
0.7979103326797485,0.5928115844726562,-0.8041217923164368,-1.9424312114715576,0.5669525861740112,2.294694423675537,-0.03188003599643707
0.7959027290344238,0.5908440947532654,-0.79924076795578,-1.942069172859192,0.5628031492233276,2.2959423065185547,-0.051347024738788605
0.7938674092292786,0.588904082775116,-0.7943405508995056,-1.9416899681091309,0.5586586594581604,2.297168731689453,-0.07081388682126999
0.791804313659668,0.5869910717010498,-0.7894207835197449,-1.9412939548492432,0.5545189380645752,2.298374652862549,-0.09028089046478271
0.7897130846977234,0.5851051211357117,-0.7844807505607605,-1.9408812522888184,0.5503830909729004,2.299560070037842,-0.10974787920713425
0.7875947952270508,0.5832457542419434,-0.7795219421386719,-1.940451979637146,0.5462517142295837,2.300724983215332,-0.12921473383903503
0.7854478359222412,0.5814133286476135,-0.7745417952537537,-1.9400057792663574,0.5421238541603088,2.3018698692321777,-0.14868173003196716
0.7832728028297424,0.5796075463294983,-0.7695415616035461,-1.9395427703857422,0.5379999876022339,2.302994728088379,-0.16814860701560974
0.7810701131820679,0.5778283476829529,-0.7645211219787598,-1.9390630722045898,0.5338798761367798,2.3040997982025146,-0.18761558830738068
0.7908972501754761,0.5807049870491028,-0.7700798511505127,-1.9383219480514526,0.5389189720153809,2.302224636077881,-0.2085513025522232
0.8006640672683716,0.5836489796638489,-0.7756049633026123,-1.9375107288360596,0.5439779162406921,2.300297737121582,-0.22948703169822693
0.8103692531585693,0.5866613984107971,-0.7810964584350586,-1.9366283416748047,0.5490573048591614,2.298318386077881,-0.25042274594306946
0.8200117945671082,0.5897426009178162,-0.7865544557571411,-1.9356745481491089,0.5541573762893677,2.296285390853882,-0.271358460187912
0.829592764377594,0.5928918719291687,-0.7919803261756897,-1.934650182723999,0.5592784285545349,2.2941994667053223,-0.2922941744327545
0.8391104936599731,0.5961096882820129,-0.7973737716674805,-1.9335551261901855,0.5644205808639526,2.2920596599578857,-0.31322988867759705
0.8485661745071411,0.5993970036506653,-0.8027369976043701,-1.9323886632919312,0.5695845484733582,2.2898647785186768,-0.3341656029224396
0.8579572439193726,0.602752685546875,-0.8080679178237915,-1.9311513900756836,0.5747703313827515,2.287616014480591,-0.3551013469696045
0.86728435754776,0.6061768531799316,-0.8133683204650879,-1.929843783378601,0.5799773931503296,2.2853126525878906,-0.376037061214447
0.8765475749969482,0.6096717715263367,-0.8186395764350891,-1.928464412689209,0.5852081775665283,2.2829527854919434,-0.39697277545928955
0.8857451677322388,0.6132358312606812,-0.8238808512687683,-1.9270142316818237,0.5904608964920044,2.2805376052856445,-0.4179084599018097
0.8948774933815002,0.6168702840805054,-0.8290934562683105,-1.925492525100708,0.595736563205719,2.2780661582946777,-0.4388442039489746
0.9039452075958252,0.6205741167068481,-0.8342786431312561,-1.9239004850387573,0.6010361313819885,2.2755379676818848,-0.45977988839149475
0.9129478335380554,0.6243489980697632,-0.83943772315979,-1.9222369194030762,0.6063598394393921,2.272952079772949,-0.48071563243865967
0.9218847751617432,0.6281944513320923,-0.8445706963539124,-1.9205023050308228,0.6117080450057983,2.270308494567871,-0.5016513466835022
0.9307558536529541,0.6321114897727966,-0.8496788144111633,-1.9186961650848389,0.6170814037322998,2.267606258392334,-0.5225870609283447
0.939560055732727,0.6360998153686523,-0.8547619581222534,-1.9168190956115723,0.6224793791770935,2.264845848083496,-0.5435227751731873
0.9482995271682739,0.6401599645614624,-0.8598232865333557,-1.9148706197738647,0.6279040575027466,2.2620253562927246,-0.5644584894180298
0.9569724798202515,0.6442924737930298,-0.8648622035980225,-1.9128507375717163,0.6333547234535217,2.2591452598571777,-0.5853942036628723
0.965579628944397,0.6484982967376709,-0.8698810935020447,-1.9107592105865479,0.6388335824012756,2.2562038898468018,-0.6063299179077148
0.9741196036338806,0.6527764201164246,-0.8748788237571716,-1.9085965156555176,0.6443385481834412,2.253202438354492,-0.6272656321525574
0.9825946688652039,0.6571285724639893,-0.8798596262931824,-1.9063621759414673,0.6498735547065735,2.250138282775879,-0.6482013463973999
0.9910027384757996,0.6615551114082336,-0.8848227858543396,-1.9040560722351074,0.6554366946220398,2.247012138366699,-0.6691370606422424
0.9993460774421692,0.6660562753677368,-0.8897712230682373,-1.9016786813735962,0.661030113697052,2.2438225746154785,-0.6900728344917297
1.0076228380203247,0.6706328392028809,-0.8947046995162964,-1.8992292881011963,0.6666539907455444,2.2405691146850586,-0.7110084891319275
1.0158336162567139,0.6752853393554688,-0.8996250033378601,-1.8967080116271973,0.6723091006278992,2.2372512817382812,-0.73194420337677
1.023979663848877,0.6800147294998169,-0.9045353531837463,-1.8941148519515991,0.6779974699020386,2.2338674068450928,-0.7528799176216125
1.0320589542388916,0.6848211288452148,-0.9094342589378357,-1.8914496898651123,0.6837181448936462,2.2304182052612305,-0.7738156914710999
1.0400733947753906,0.6897060871124268,-0.9143258333206177,-1.888711929321289,0.6894737482070923,2.2269012928009033,-0.7947514057159424
1.0480222702026367,0.6946686506271362,-0.9192099571228027,-1.8859025239944458,0.6952638626098633,2.2233176231384277,-0.8156871199607849
1.055906057357788,0.6997115612030029,-0.9240891337394714,-1.8830205202102661,0.7010900378227234,2.2196645736694336,-0.8366228342056274
1.063725471496582,0.7048346996307373,-0.9289659261703491,-1.8800663948059082,0.7069541811943054,2.215942144393921,-0.85755854845047
1.0714788436889648,0.7100389003753662,-0.933839738368988,-1.8770393133163452,0.7128559947013855,2.2121496200561523,-0.8784942626953125
1.0791685581207275,0.7153252363204956,-0.9387146830558777,-1.8739399909973145,0.7187976837158203,2.2082855701446533,-0.899429976940155
1.0867946147918701,0.720695436000824,-0.94359290599823,-1.8707672357559204,0.7247811555862427,2.204348087310791,-0.9203656911849976
1.0943560600280762,0.7261492609977722,-0.9484745264053345,-1.867522120475769,0.7308060526847839,2.200338125228882,-0.9413014054298401
1.101853609085083,0.7316886186599731,-0.9533624053001404,-1.8642034530639648,0.7368748188018799,2.1962528228759766,-0.9622371196746826
1.1092877388000488,0.7373141646385193,-0.9582589268684387,-1.8608118295669556,0.7429882884025574,2.1920924186706543,-0.9831728339195251
1.116658329963684,0.7430275082588196,-0.9631655812263489,-1.857346534729004,0.7491486668586731,2.187854766845703,-1.0041085481643677
1.1239657402038574,0.7488299608230591,-0.9680852293968201,-1.853808045387268,0.7553572654724121,2.1835391521453857,-1.025044322013855
1.1312103271484375,0.7547225952148438,-0.9730198979377747,-1.8501949310302734,0.7616163492202759,2.1791436672210693,-1.0459799766540527
1.138392686843872,0.7607072591781616,-0.9779723882675171,-1.846508264541626,0.7679271697998047,2.1746671199798584,-1.06691575050354
1.1455127000808716,0.7667844891548157,-0.9829445481300354,-1.8427472114562988,0.7742915749549866,2.1701083183288574,-1.0878514051437378
1.152570366859436,0.7729570269584656,-0.9879390597343445,-1.838912010192871,0.7807111740112305,2.165465831756592,-1.108787178993225
1.159566044807434,0.7792255282402039,-0.9929583072662354,-1.8350021839141846,0.7871884703636169,2.160738468170166,-1.1297229528427124
1.1665014028549194,0.7855932712554932,-0.99800705909729,-1.8310173749923706,0.7937270402908325,2.1559226512908936,-1.1506586074829102
1.1733747720718384,0.792060375213623,-1.0030856132507324,-1.8269574642181396,0.8003273010253906,2.1510188579559326,-1.171594262123108
1.1801894903182983,0.7986317276954651,-1.0082008838653564,-1.8228216171264648,0.806995153427124,2.1460227966308594,-1.1925300359725952
1.1869415044784546,0.8053051233291626,-1.013350248336792,-1.8186107873916626,0.813727617263794,2.1409354209899902,-1.213465690612793
1.1936323642730713,0.8120840191841125,-1.018538236618042,-1.8143240213394165,0.8205283880233765,2.1357545852661133,-1.2344013452529907
1.200263261795044,0.8189721703529358,-1.0237703323364258,-1.8099610805511475,0.827404260635376,2.130476713180542,-1.255337119102478
1.2068350315093994,0.8259716033935547,-1.0290498733520508,-1.8055212497711182,0.8343557119369507,2.1250991821289062,-1.2762728929519653
1.2133469581604004,0.8330848813056946,-1.034379482269287,-1.8010048866271973,0.8413858413696289,2.1196208000183105,-1.2972086668014526
1.2197996377944946,0.8403151035308838,-1.0397639274597168,-1.796411395072937,0.8485004305839539,2.1140382289886475,-1.3181443214416504
1.2261929512023926,0.8476638793945312,-1.04520583152771,-1.7917401790618896,0.8556990623474121,2.1083498001098633,-1.3390799760818481
1.2325283288955688,0.8551367521286011,-1.0507116317749023,-1.7869911193847656,0.86299067735672,2.102550745010376,-1.3600157499313354
1.2388041019439697,0.8627340197563171,-1.0562822818756104,-1.7821638584136963,0.8703743815422058,2.0966410636901855,-1.3809514045715332
1.2450212240219116,0.8704615235328674,-1.061924695968628,-1.7772576808929443,0.8778573870658875,2.090615749359131,-1.4018871784210205
1.25118088722229,0.8783231377601624,-1.0676443576812744,-1.7722723484039307,0.8854443430900574,2.084470748901367,-1.4228229522705078
1.2572822570800781,0.8863212466239929,-1.0734448432922363,-1.7672079801559448,0.8931391835212708,2.0782039165496826,-1.4437586069107056
1.263325810432434,0.8944616317749023,-1.0793317556381226,-1.7620630264282227,0.9009478688240051,2.071810722351074,-1.4646943807601929
1.2693116664886475,0.9027485847473145,-1.0853114128112793,-1.7568378448486328,0.9088757634162903,2.0652871131896973,-1.4856301546096802
1.2752399444580078,0.9111868143081665,-1.0913892984390259,-1.7515316009521484,0.9169285297393799,2.058629035949707,-1.506565809249878
1.281111240386963,0.9197821617126465,-1.097572684288025,-1.7461436986923218,0.9251130819320679,2.0518312454223633,-1.5275015830993652
1.2869246006011963,0.9285396933555603,-1.1038668155670166,-1.7406738996505737,0.9334365725517273,2.044889211654663,-1.548437237739563
1.2926807403564453,0.9374657869338989,-1.1102797985076904,-1.735121488571167,0.9419050216674805,2.0377979278564453,-1.5693728923797607
1.2983801364898682,0.9465681910514832,-1.1168204545974731,-1.729486107826233,0.9505289793014526,2.030550003051758,-1.590308666229248
1.3040215969085693,0.9558531641960144,-1.12349534034729,-1.7237660884857178,0.9593151211738586,2.0231406688690186,-1.6112443208694458
1.3096061944961548,0.9653287529945374,-1.1303147077560425,-1.717962384223938,0.9682729840278625,2.015562057495117,-1.6321799755096436
1.3151339292526245,0.9750034809112549,-1.1372878551483154,-1.7120730876922607,0.9774139523506165,2.0078072547912598,-1.6531158685684204
1.3206030130386353,0.9848874807357788,-1.1444246768951416,-1.7060978412628174,0.9867479801177979,1.9998681545257568,-1.6740515232086182
1.3260159492492676,0.9949909448623657,-1.1517384052276611,-1.7000361680984497,0.9962884187698364,1.991734504699707,-1.6949872970581055
1.3313695192337036,1.0053235292434692,-1.1592378616333008,-1.6938869953155518,1.0060464143753052,1.9833993911743164,-1.7159229516983032
1.3366657495498657,1.0158993005752563,-1.1669397354125977,-1.6876496076583862,1.0160374641418457,1.9748499393463135,-1.736858606338501
1.341903567314148,1.0267305374145508,-1.174857258796692,-1.681323528289795,1.0262775421142578,1.9660753011703491,-1.7577943801879883
1.3470885753631592,1.0378342866897583,-1.1830118894577026,-1.6749070882797241,1.036785364151001,1.9570610523223877,-1.778730034828186
1.3522086143493652,1.0492260456085205,-1.1914124488830566,-1.6683999300003052,1.047579288482666,1.9477941989898682,-1.7996656894683838
1.3572689294815063,1.060925006866455,-1.2000831365585327,-1.6618012189865112,1.0586814880371094,1.9382576942443848,-1.820601463317871
1.3622689247131348,1.0729538202285767,-1.2090473175048828,-1.6551094055175781,1.070117473602295,1.928432583808899,-1.8415372371673584
1.367206335067749,1.0853335857391357,-1.2183274030685425,-1.6483241319656372,1.0819125175476074,1.9183001518249512,-1.8624730110168457
1.3720812797546387,1.0980939865112305,-1.227953553199768,-1.6414438486099243,1.094099760055542,1.907835602760315,-1.883408784866333
1.3768922090530396,1.1112662553787231,-1.2379577159881592,-1.6344671249389648,1.1067147254943848,1.897011399269104,-1.9043444395065308
1.3816379308700562,1.1248859167099,-1.2483769655227661,-1.6273932456970215,1.1197984218597412,1.8857970237731934,-1.925280213356018
1.3863155841827393,1.1389951705932617,-1.2592527866363525,-1.6202210187911987,1.1333980560302734,1.8741570711135864,-1.9462158679962158
1.3909238576889038,1.1536428928375244,-1.2706354856491089,-1.6129493713378906,1.1475688219070435,1.8620487451553345,-1.9671515226364136
1.3954589366912842,1.168889045715332,-1.2825837135314941,-1.6055760383605957,1.1623783111572266,1.8494212627410889,-1.9880872964859009
1.3999181985855103,1.184804081916809,-1.2951682806015015,-1.598100185394287,1.1779041290283203,1.8362137079238892,-2.0090229511260986
1.404297113418579,1.2014751434326172,-1.3084746599197388,-1.5905203819274902,1.1942448616027832,1.8223515748977661,-2.029958724975586
1.4085886478424072,1.2190074920654297,-1.322605848312378,-1.5828347206115723,1.21151602268219,1.8077448606491089,-2.050894260406494
1.4127888679504395,1.2375438213348389,-1.3377009630203247,-1.5750420093536377,1.2298747301101685,1.7922714948654175,-2.0718302726745605
1.4168853759765625,1.2572561502456665,-1.3539270162582397,-1.5671403408050537,1.24951171875,1.7757830619812012,-2.0927658081054688
1.4208663702011108,1.2783896923065186,-1.3715183734893799,-1.5591275691986084,1.270693302154541,1.7580713033676147,-2.113701581954956
1.3837348222732544,1.2457748651504517,-1.3319830894470215,-1.5339484214782715,1.2291878461837769,1.7846717834472656,-2.1319642066955566
1.3462371826171875,1.2201166152954102,-1.2962160110473633,-1.5075156688690186,1.1928021907806396,1.8053478002548218,-2.1502268314361572
1.3085079193115234,1.1999398469924927,-1.2633030414581299,-1.4797496795654297,1.1603444814682007,1.821385383605957,-2.168489456176758
1.2706451416015625,1.1843442916870117,-1.2327449321746826,-1.4505600929260254,1.1311254501342773,1.8335750102996826,-2.1867518424987793
1.2327284812927246,1.172756314277649,-1.2042839527130127,-1.4198360443115234,1.1047484874725342,1.842421054840088,-2.20501446723938
1.1948251724243164,1.164805293083191,-1.1778178215026855,-1.3874456882476807,1.0810000896453857,1.8482531309127808,-2.2232770919799805
1.1569914817810059,1.1602580547332764,-1.1533576250076294,-1.353229284286499,1.0598013401031494,1.8512808084487915,-2.241539716720581
1.1192795038223267,1.1590008735656738,-1.1310334205627441,-1.3169887065887451,1.0412063598632812,1.851609468460083,-2.2598023414611816
1.081735610961914,1.16102135181427,-1.1110954284667969,-1.2784767150878906,1.02540123462677,1.8492567539215088,-2.2780649662017822
1.044398307800293,1.1664165258407593,-1.093949794769287,-1.2373778820037842,1.0127394199371338,1.8441462516784668,-2.296327590942383
1.0073001384735107,1.1754190921783447,-1.0802295207977295,-1.1932783126831055,1.0038139820098877,1.8360872268676758,-2.3145899772644043
0.9704682230949402,1.1884489059448242,-1.0709283351898193,-1.1456191539764404,0.9995900988578796,1.8247292041778564,-2.332852602005005
0.9339104890823364,1.206228256225586,-1.0676636695861816,-1.0936191082000732,1.001680850982666,1.8094688653945923,-2.3511152267456055
