-0.4179126024246216,0.6524993181228638,0.10586190968751907,-1.5907707214355469,-0.08182168006896973,2.2389328479766846,-2.6391165256500244
-0.4276929497718811,0.6482344269752502,0.11641018092632294,-1.599076271057129,-0.08968013525009155,2.2420830726623535,-2.6149251461029053
-0.43753913044929504,0.6440548300743103,0.1269640177488327,-1.6073143482208252,-0.09749138355255127,2.2451701164245605,-2.590733766555786
-0.44745150208473206,0.6399582028388977,0.1375257968902588,-1.615486979484558,-0.10525820404291153,2.248195171356201,-2.566542387008667
-0.45743048191070557,0.6359447836875916,0.14809736609458923,-1.6235955953598022,-0.11298228800296783,2.25115966796875,-2.5423507690429688
-0.4674748480319977,0.6320128440856934,0.15867911279201508,-1.6316412687301636,-0.12066429108381271,2.2540643215179443,-2.5181593894958496
-0.4775853157043457,0.6281626224517822,0.16927331686019897,-1.6396251916885376,-0.1283067762851715,2.256908893585205,-2.4939680099487305
-0.487761527299881,0.6243929862976074,0.1798810362815857,-1.6475480794906616,-0.1359107494354248,2.259695529937744,-2.4697766304016113
-0.4980032444000244,0.6207032203674316,0.19050335884094238,-1.655412197113037,-0.14347802102565765,2.262424945831299,-2.445585250854492
-0.5083107948303223,0.617092490196228,0.20114192366600037,-1.6632176637649536,-0.1510099470615387,2.265097141265869,-2.421393871307373
-0.5186840295791626,0.6135609149932861,0.21179810166358948,-1.6709661483764648,-0.15850870311260223,2.2677133083343506,-2.397202253341675
-0.5291217565536499,0.610107421875,0.22247160971164703,-1.6786584854125977,-0.165973961353302,2.2702741622924805,-2.3730108737945557
-0.5396242737770081,0.606732189655304,0.23316410183906555,-1.686295509338379,-0.17340834438800812,2.272780656814575,-2.3488194942474365
-0.5501916408538818,0.6034334301948547,0.243876650929451,-1.6938787698745728,-0.1808125376701355,2.2752323150634766,-2.3246281147003174
-0.5608227849006653,0.6002122163772583,0.2546093761920929,-1.7014086246490479,-0.18818826973438263,2.2776310443878174,-2.3004367351531982
-0.5715183019638062,0.5970675349235535,0.2653637230396271,-1.7088865041732788,-0.19553610682487488,2.2799768447875977,-2.2762451171875
-0.5822765231132507,0.5939990878105164,0.2761393189430237,-1.7163124084472656,-0.20285741984844208,2.2822699546813965,-2.252053737640381
-0.5930971503257751,0.5910075902938843,0.28693675994873047,-1.7236875295639038,-0.21015335619449615,2.2845113277435303,-2.2278623580932617
-0.6039802432060242,0.5880908370018005,0.29775676131248474,-1.731013298034668,-0.21742500364780426,2.286701202392578,-2.2036709785461426
-0.61492520570755,0.5852494835853577,0.30859994888305664,-1.7382900714874268,-0.22467316687107086,2.2888402938842773,-2.1794795989990234
-0.6259309649467468,0.5824841260910034,0.3194659352302551,-1.7455185651779175,-0.2318984568119049,2.290928840637207,-2.1552882194519043
-0.6369975209236145,0.5797931551933289,0.3303554356098175,-1.7526999711990356,-0.23910251259803772,2.2929673194885254,-2.131096839904785
-0.648123562335968,0.5771777629852295,0.3412683308124542,-1.7598344087600708,-0.24628695845603943,2.2949562072753906,-2.106905221939087
-0.6593087315559387,0.5746367573738098,0.3522048890590668,-1.7669228315353394,-0.25345128774642944,2.2968955039978027,-2.0827138423919678
-0.6705516576766968,0.5721703767776489,0.3631642162799835,-1.7739663124084473,-0.2605961561203003,2.298786163330078,-2.0585224628448486
-0.6818519234657288,0.5697786211967468,0.37414684891700745,-1.7809650897979736,-0.26772361993789673,2.3006279468536377,-2.0343310832977295
-0.6932083964347839,0.5674613118171692,0.3851521909236908,-1.7879198789596558,-0.27483364939689636,2.3024215698242188,-2.0101397037506104
-0.7046205997467041,0.5652185678482056,0.39618077874183655,-1.7948312759399414,-0.2819283604621887,2.3041672706604004,-1.9859482049942017
-0.7160866856575012,0.5630502104759216,0.40723103284835815,-1.8016999959945679,-0.28900623321533203,2.3058652877807617,-1.9617568254470825
-0.7276068329811096,0.5609560012817383,0.41830405592918396,-1.8085267543792725,-0.29607000946998596,2.3075151443481445,-1.9375654458999634
-0.739178478717804,0.5589362382888794,0.42939767241477966,-1.815312147140503,-0.3031197190284729,2.3091185092926025,-1.9133739471435547
-0.7508008480072021,0.5569910407066345,0.44051188230514526,-1.8220560550689697,-0.310155987739563,2.3106744289398193,-1.8891825675964355
-0.7624737620353699,0.5551201105117798,0.451647013425827,-1.828759789466858,-0.317179799079895,2.312183141708374,-1.8649911880493164
-0.7741951942443848,0.5533240437507629,0.46280163526535034,-1.8354235887527466,-0.3241919279098511,2.313645124435425,-1.8407996892929077
-0.7859637141227722,0.5516018867492676,0.47397470474243164,-1.8420482873916626,-0.3311924934387207,2.315061092376709,-1.8166083097457886
-0.7977782487869263,0.5499540567398071,0.48516562581062317,-1.8486343622207642,-0.3381822407245636,2.3164305686950684,-1.7924169301986694
-0.8096370697021484,0.5483813285827637,0.49637359380722046,-1.8551819324493408,-0.34516188502311707,2.317753553390503,-1.7682254314422607
-0.8215384483337402,0.5468835830688477,0.507597029209137,-1.8616914749145508,-0.352132648229599,2.319030523300171,-1.7440340518951416
-0.8334821462631226,0.5454605221748352,0.5188360810279846,-1.868163824081421,-0.35909390449523926,2.320261001586914,-1.7198426723480225
-0.8454657196998596,0.5441123247146606,0.5300889611244202,-1.8745993375778198,-0.36604776978492737,2.321445941925049,-1.6956511735916138
-0.8574873208999634,0.5428394675254822,0.5413544774055481,-1.880998134613037,-0.37299391627311707,2.322584390640259,-1.6714597940444946
-0.8695452213287354,0.5416414737701416,0.5526307821273804,-1.8873612880706787,-0.37993255257606506,2.3236775398254395,-1.647268295288086
-0.8816384077072144,0.5405194759368896,0.563917875289917,-1.8936887979507446,-0.3868648409843445,2.3247244358062744,-1.6230769157409668
-0.8937647938728333,0.5394729971885681,0.5752137303352356,-1.8999807834625244,-0.393791526556015,2.3257253170013428,-1.5988855361938477
-0.9059231877326965,0.5385015606880188,0.5865176916122437,-1.9062384366989136,-0.40071266889572144,2.3266801834106445,-1.5746941566467285
-0.9181110262870789,0.5376067161560059,0.5978273749351501,-1.9124616384506226,-0.40762946009635925,2.327589273452759,-1.5505027770996094
-0.9303262233734131,0.5367880463600159,0.60914146900177,-1.91865074634552,-0.4145416021347046,2.3284525871276855,-1.5263112783432007
-0.9425679445266724,0.5360454320907593,0.6204591989517212,-1.9248063564300537,-0.42144978046417236,2.3292691707611084,-1.5021198987960815
-0.9548333287239075,0.5353795289993286,0.6317781209945679,-1.9309287071228027,-0.42835456132888794,2.3300399780273438,-1.4779284000396729
-0.9671205878257751,0.5347904562950134,0.6430971026420593,-1.9370180368423462,-0.43525683879852295,2.3307645320892334,-1.4537370204925537
-0.9794275164604187,0.5342780351638794,0.6544139385223389,-1.9430750608444214,-0.44215652346611023,2.3314428329467773,-1.4295456409454346
-0.9917529225349426,0.5338433384895325,0.6657277941703796,-1.9490997791290283,-0.4490543305873871,2.3320741653442383,-1.4053542613983154
-1.0040943622589111,0.5334858894348145,0.677036702632904,-1.9550927877426147,-0.4559515118598938,2.3326592445373535,-1.3811627626419067
-1.0164496898651123,0.533206045627594,0.6883387565612793,-1.9610543251037598,-0.4628470838069916,2.3331971168518066,-1.3569713830947876
-1.0288163423538208,0.5330047011375427,0.6996318697929382,-1.9669846296310425,-0.46974313259124756,2.333688497543335,-1.332779884338379
-1.0411927700042725,0.5328804850578308,0.7109143137931824,-1.972884178161621,-0.4766376316547394,2.334132432937622,-1.3085885047912598
-1.0535757541656494,0.5328356623649597,0.7221837639808655,-1.978752851486206,-0.4835336208343506,2.334529161453247,-1.2843971252441406
-1.0659658908843994,0.5328695774078369,0.7334409356117249,-1.9845913648605347,-0.49043068289756775,2.3348774909973145,-1.260205626487732
-1.0783581733703613,0.5329818725585938,0.7446810007095337,-1.990399956703186,-0.4973287582397461,2.3351783752441406,-1.2360143661499023
-1.0907506942749023,0.5331742167472839,0.7559022903442383,-1.996179223060608,-0.504228413105011,2.3354315757751465,-1.2118228673934937
-1.1031426191329956,0.5334457159042358,0.76710444688797,-2.0019288063049316,-0.5111308097839355,2.3356356620788574,-1.187631368637085
-1.1155335903167725,0.5337995290756226,0.7782877683639526,-2.007648468017578,-0.5180389881134033,2.3357903957366943,-1.1634399890899658
-1.1279172897338867,0.534231424331665,0.7894452214241028,-2.013340473175049,-0.5249472260475159,2.3358964920043945,-1.1392486095428467
-1.1402932405471802,0.5347446799278259,0.8005772829055786,-2.019003391265869,-0.5318597555160522,2.3359527587890625,-1.1150572299957275
-1.1526583433151245,0.5353387594223022,0.811680793762207,-2.0246379375457764,-0.538776159286499,2.3359599113464355,-1.0908657312393188
-1.1650117635726929,0.5360138416290283,0.8227554559707642,-2.0302443504333496,-0.5456970930099487,2.33591628074646,-1.0666744709014893
-1.1773512363433838,0.5367711782455444,0.8337990641593933,-2.035823345184326,-0.5526228547096252,2.335822105407715,-1.0424829721450806
-1.1896731853485107,0.5376104116439819,0.8448089957237244,-2.0413742065429688,-0.5595540404319763,2.335676908493042,-1.0182914733886719
-1.2019768953323364,0.5385316610336304,0.8557835221290588,-2.046898126602173,-0.5664909482002258,2.335480213165283,-0.9941001534461975
-1.2142597436904907,0.5395364165306091,0.8667210340499878,-2.0523948669433594,-0.5734341740608215,2.335231304168701,-0.9699086546897888
-1.2265195846557617,0.5406243205070496,0.8776195049285889,-2.0578646659851074,-0.5803841948509216,2.334929943084717,-0.9457173347473145
-1.238754391670227,0.541796088218689,0.8884773254394531,-2.063307523727417,-0.5873412489891052,2.3345751762390137,-0.9215258359909058
-1.2509620189666748,0.5430516600608826,0.8992920517921448,-2.0687241554260254,-0.5943055748939514,2.33416748046875,-0.8973343372344971
-1.2631412744522095,0.5443921685218811,0.9100633859634399,-2.0741145610809326,-0.60127854347229,2.3337042331695557,-0.8731430172920227
-1.275287389755249,0.5458172559738159,0.920786440372467,-2.0794789791107178,-0.6082587838172913,2.3331873416900635,-0.8489515781402588
-1.287401556968689,0.547328531742096,0.9314627051353455,-2.084817409515381,-0.6152482628822327,2.3326144218444824,-0.8247601985931396
-1.2994800806045532,0.5489254593849182,0.9420886039733887,-2.090130090713501,-0.6222470998764038,2.3319854736328125,-0.8005687594413757
-1.3115220069885254,0.5506092309951782,0.9526636004447937,-2.0954177379608154,-0.6292561888694763,2.3312997817993164,-0.776377260684967
-1.3235251903533936,0.5523802638053894,0.963185727596283,-2.100680112838745,-0.6362755298614502,2.3305561542510986,-0.7521859407424927
-1.3354856967926025,0.5542391538619995,0.9736512303352356,-2.105916976928711,-0.6433045268058777,2.3297548294067383,-0.727994441986084
-1.3474048376083374,0.5561861395835876,0.9840617775917053,-2.1111292839050293,-0.6503452658653259,2.3288938999176025,-0.7038031220436096
-1.359278917312622,0.5582221746444702,0.9944136738777161,-2.116316795349121,-0.6573970317840576,2.3279731273651123,-0.6796116232872009
-1.3711069822311401,0.5603479146957397,1.0047063827514648,-2.1214802265167236,-0.6644611358642578,2.3269917964935303,-0.655420184135437
-1.3828870058059692,0.5625640153884888,1.0149379968643188,-2.1266188621520996,-0.671537458896637,2.325948715209961,-0.6312288641929626
-1.3946168422698975,0.5648714303970337,1.02510666847229,-2.1317334175109863,-0.6786273717880249,2.324842929840088,-0.607037365436554
-1.4062955379486084,0.5672703385353088,1.0352118015289307,-2.136824131011963,-0.6857303977012634,2.323673725128174,-0.5828460454940796
-1.4179213047027588,0.5697616338729858,1.045251488685608,-2.141890525817871,-0.6928470730781555,2.3224401473999023,-0.5586545467376709
-1.4294918775558472,0.5723467469215393,1.0552241802215576,-2.1469337940216064,-0.699978232383728,2.321141242980957,-0.5344630479812622
-1.4410077333450317,0.5750259160995483,1.0651302337646484,-2.1519532203674316,-0.7071241736412048,2.319775104522705,-0.5102717280387878
-1.4524656534194946,0.5778002142906189,1.074966549873352,-2.156949758529663,-0.7142860293388367,2.3183417320251465,-0.48608025908470154
-1.4638649225234985,0.5806706547737122,1.084733247756958,-2.1619224548339844,-0.7214637994766235,2.3168387413024902,-0.4618889391422272
-1.4752037525177002,0.5836377739906311,1.0944280624389648,-2.166872978210449,-0.7286579012870789,2.3152666091918945,-0.4376974403858185
-1.4864814281463623,0.586703896522522,1.104051113128662,-2.171799659729004,-0.7358696460723877,2.313621997833252,-0.4135061204433441
-1.4976959228515625,0.5898687839508057,1.1136003732681274,-2.176703929901123,-0.743098795413971,2.3119053840637207,-0.3893146514892578
-1.508846640586853,0.5931340456008911,1.1230756044387817,-2.1815855503082275,-0.7503454685211182,2.3101143836975098,-0.3651231527328491
-1.5199331045150757,0.5965004563331604,1.1324763298034668,-2.1864447593688965,-0.7576113939285278,2.3082475662231445,-0.34093183279037476
-1.5309526920318604,0.5999701023101807,1.1418005228042603,-2.191281318664551,-0.764896810054779,2.3063039779663086,-0.31674036383628845
-1.5419049263000488,0.6035434007644653,1.151047706604004,-2.196096181869507,-0.7722020149230957,2.3042819499969482,-0.2925490438938141
-1.5527876615524292,0.6072217226028442,1.160216212272644,-2.2008886337280273,-0.7795277237892151,2.302180528640747,-0.2683575451374054
-1.563603162765503,0.611007571220398,1.1693084239959717,-2.2056591510772705,-0.7868750095367432,2.2999958992004395,-0.2441660761833191
-1.574346899986267,0.6149015426635742,1.1783204078674316,-2.2104077339172363,-0.7942442297935486,2.2977285385131836,-0.21997474133968353
-1.585019588470459,0.6189053058624268,1.1872528791427612,-2.215134859085083,-0.8016356229782104,2.2953758239746094,-0.19578327238559723
-1.5956214666366577,0.6230210065841675,1.1961065530776978,-2.2198400497436523,-0.809050977230072,2.2929351329803467,-0.17159193754196167
-1.606149673461914,0.6272498369216919,1.2048786878585815,-2.2245240211486816,-0.8164899349212646,2.290405750274658,-0.14740045368671417
-1.5872328281402588,0.5947120785713196,1.167454481124878,-2.2184362411499023,-0.7733159065246582,2.3118951320648193,-0.16972726583480835
-1.5650681257247925,0.5649200081825256,1.1275677680969238,-2.211613655090332,-0.7305542230606079,2.330909490585327,-0.19205407798290253
-1.5394445657730103,0.5376641750335693,1.0849080085754395,-2.2040491104125977,-0.6880826950073242,2.347687244415283,-0.2143808901309967
-1.510149359703064,0.5127952694892883,1.0391769409179688,-2.1957335472106934,-0.6457988619804382,2.3624231815338135,-0.23670770227909088
-1.4769864082336426,0.4902125895023346,0.9901013374328613,-2.1866579055786133,-0.603614091873169,2.375274896621704,-0.25903451442718506
-1.43978750705719,0.46985727548599243,0.9374432563781738,-2.1768131256103516,-0.5614532828330994,2.386371374130249,-0.28136131167411804
-1.3984309434890747,0.4517079293727875,0.881016194820404,-2.166187286376953,-0.5192493200302124,2.3958170413970947,-0.3036881387233734
-1.3528645038604736,0.43577343225479126,0.8207054734230042,-2.154768466949463,-0.47694194316864014,2.4036953449249268,-0.3260149359703064
-1.303123116493225,0.4220900237560272,0.7564859986305237,-2.1425440311431885,-0.43447345495224,2.410073757171631,-0.34834176301956177
-1.2493619918823242,0.41071388125419617,0.6884527206420898,-2.1294991970062256,-0.3917918801307678,2.4150023460388184,-0.37066856026649475
-1.1918681859970093,0.4017165005207062,0.6168324947357178,-2.1156187057495117,-0.34884414076805115,2.418517827987671,-0.3929953873157501
-1.131076455116272,0.3951782286167145,0.5419976711273193,-2.1008858680725098,-0.30557873845100403,2.4206438064575195,-0.4153221845626831
-1.0675644874572754,0.3911801278591156,0.46446049213409424,-2.085282564163208,-0.26194119453430176,2.4213924407958984,-0.4376490116119385
-1.0020418167114258,0.3897983431816101,0.38486528396606445,-2.0687882900238037,-0.21787695586681366,2.420761823654175,-0.45997580885887146
-0.9353043437004089,0.3911002278327942,0.3039332330226898,-2.051382064819336,-0.1733248084783554,2.418740749359131,-0.48230263590812683
-0.8681961297988892,0.39513760805130005,0.22243022918701172,-2.0330400466918945,-0.12821835279464722,2.4153027534484863,-0.5046294331550598
-0.8015485405921936,0.4019484519958496,0.1410992443561554,-2.0137367248535156,-0.08248437941074371,2.4104092121124268,-0.5269562602043152
-0.7361262440681458,0.41156160831451416,0.06060965359210968,-1.9934436082839966,-0.036039870232343674,2.404008626937866,-0.5492830276489258
-0.6725872755050659,0.423997163772583,-0.018488401547074318,-1.9721299409866333,0.011211997829377651,2.396031618118286,-0.5716099143028259
-0.6114538311958313,0.439276784658432,-0.09579569846391678,-1.9497616291046143,0.05938151478767395,2.3863916397094727,-0.5939366817474365
-0.5531013607978821,0.45743316411972046,-0.17107833921909332,-1.9263007640838623,0.10860045999288559,2.3749806880950928,-0.6162635087966919
-0.4977659285068512,0.4785187244415283,-0.24426527321338654,-1.9017053842544556,0.1590258628129959,2.361666202545166,-0.6385903358459473
-0.44555962085723877,0.5026191473007202,-0.3154393434524536,-1.8759288787841797,0.21084469556808472,2.346284866333008,-0.6609171032905579
-0.3964906632900238,0.5298638939857483,-0.38482704758644104,-1.8489185571670532,0.2642892301082611,2.328634738922119,-0.6832439303398132
-0.3536509573459625,0.5234984755516052,-0.43575650453567505,-1.8740376234054565,0.29628461599349976,2.333864688873291,-0.7143325209617615
-0.3106766939163208,0.518501341342926,-0.4865013659000397,-1.8984771966934204,0.32779234647750854,2.338263750076294,-0.7454211115837097
-0.2677326798439026,0.5148499011993408,-0.5369453430175781,-1.92227041721344,0.3588531017303467,2.3418564796447754,-0.776509702205658
-0.2249862253665924,0.5125208497047424,-0.5869649648666382,-1.9454463720321655,0.3895033299922943,2.344661235809326,-0.8075982928276062
-0.18260829150676727,0.5114928483963013,-0.6364283561706543,-1.9680324792861938,0.4197755753993988,2.3466930389404297,-0.8386868834495544
-0.14076867699623108,0.5117440223693848,-0.6852021217346191,-1.9900535345077515,0.44969913363456726,2.347961902618408,-0.8697754144668579
-0.09963195025920868,0.5132530331611633,-0.7331544756889343,-2.0115325450897217,0.4792990982532501,2.348475933074951,-0.9008640050888062
-0.059356529265642166,0.5159993171691895,-0.7801578640937805,-2.0324907302856445,0.5085981488227844,2.348238945007324,-0.9319525957107544
-0.020087894052267075,0.5199617147445679,-0.8260953426361084,-2.0529470443725586,0.5376173853874207,2.3472514152526855,-0.9630411863327026
0.018041497096419334,0.525120735168457,-0.8708608746528625,-2.0729198455810547,0.5663761496543884,2.345510482788086,-0.9941298365592957
0.054913025349378586,0.5314576625823975,-0.9143610000610352,-2.092426300048828,0.594890832901001,2.343010663986206,-1.0252183675765991
0.09042467176914215,0.5389558672904968,-0.95651775598526,-2.1114816665649414,0.6231783628463745,2.33974289894104,-1.0563069581985474
0.12449255585670471,0.5476009249687195,-0.9972696900367737,-2.1301000118255615,0.6512542366981506,2.335693597793579,-1.0873955488204956
0.1823507398366928,0.5075501799583435,-1.0155856609344482,-2.1851634979248047,0.630031943321228,2.364743709564209,-1.0679877996444702
0.24776071310043335,0.4718448221683502,-1.042024850845337,-2.237400770187378,0.6127257347106934,2.390537738800049,-1.0485799312591553
0.32122310996055603,0.4403560161590576,-1.0765986442565918,-2.286917209625244,0.5990248322486877,2.4133694171905518,-1.0291721820831299
0.4030163884162903,0.4130575358867645,-1.1191866397857666,-2.333782196044922,0.5887091755867004,2.4334616661071777,-1.009764313697815
0.49306097626686096,0.38999420404434204,-1.1693720817565918,-2.3780336380004883,0.5816249251365662,2.4509835243225098,-0.9903565645217896
0.5907795429229736,0.37124350666999817,-1.2263059616088867,-2.419682502746582,0.5776602625846863,2.4660627841949463,-0.9709487557411194
0.6949893832206726,0.35687652230262756,-1.288576364517212,-2.45871639251709,0.5767328143119812,2.4787960052490234,-0.951541006565094
0.8038857579231262,0.3469158113002777,-1.3541964292526245,-2.4951024055480957,0.578777015209198,2.4892547130584717,-0.9321331977844238
0.9151486754417419,0.34129783511161804,-1.4207093715667725,-2.52878999710083,0.5837293863296509,2.497493267059326,-0.9127253890037537
1.026210904121399,0.3398530185222626,-1.485459566116333,-2.559713125228882,0.5915222764015198,2.503549575805664,-0.8933175802230835
1.1345635652542114,0.3423016369342804,-1.5459015369415283,-2.5877950191497803,0.6020694971084595,2.507456064224243,-0.8739098310470581
1.2380750179290771,0.3482797145843506,-1.5999233722686768,-2.6129508018493652,0.6152620911598206,2.5092358589172363,-0.8545019626617432
1.3351565599441528,0.3573697805404663,-1.6460161209106445,-2.6350908279418945,0.6309560537338257,2.508913993835449,-0.8350942134857178
1.4248239994049072,0.3691439628601074,-1.683339238166809,-2.6541271209716797,0.6489709615707397,2.5065150260925293,-0.8156864047050476
1.5066218376159668,0.3831939101219177,-1.7116457223892212,-2.6699774265289307,0.6690821051597595,2.5020713806152344,-0.7962785959243774
1.5805065631866455,0.3991575241088867,-1.7311620712280273,-2.682568311691284,0.6910256147384644,2.4956202507019043,-0.7768707871437073
1.6467190980911255,0.4167289137840271,-1.7424589395523071,-2.691843032836914,0.714496374130249,2.4872117042541504,-0.7574630379676819
1.705665111541748,0.435660719871521,-1.7463175058364868,-2.6977624893188477,0.7391601204872131,2.4769082069396973,-0.7380552291870117
1.7578461170196533,0.45576128363609314,-1.7436490058898926,-2.700310707092285,0.7646602392196655,2.4647860527038574,-0.7186474800109863
1.8037972450256348,0.4768843650817871,-1.7354190349578857,-2.699495315551758,0.7906309366226196,2.4509379863739014,-0.6992396712303162
1.8440593481063843,0.49891671538352966,-1.7225979566574097,-2.6953492164611816,0.8167131543159485,2.435473918914795,-0.6798318028450012
1.8791546821594238,0.5217674374580383,-1.7061235904693604,-2.68792724609375,0.8425662517547607,2.4185190200805664,-0.6604240536689758
1.909578561782837,0.5453566908836365,-1.6868740320205688,-2.677306652069092,0.8678816556930542,2.4002130031585693,-0.6410162448883057
1.8746923208236694,0.5041402578353882,-1.6623780727386475,-2.6556150913238525,0.8209068775177002,2.424286127090454,-0.6089694499969482
1.8349709510803223,0.4665454030036926,-1.6325745582580566,-2.633507251739502,0.7745711207389832,2.444629430770874,-0.5769226551055908
1.7898452281951904,0.4321311414241791,-1.5969102382659912,-2.6109673976898193,0.7287698984146118,2.4617509841918945,-0.5448758602142334
1.7386356592178345,0.4005849361419678,-1.5547152757644653,-2.5879788398742676,0.6834169030189514,2.476055145263672,-0.512829065322876
1.6805588006973267,0.3717062473297119,-1.5052088499069214,-2.5645246505737305,0.6384406089782715,2.4878621101379395,-0.48078230023384094
1.6147326231002808,0.3453896641731262,-1.4475079774856567,-2.5405876636505127,0.5937783718109131,2.4974308013916016,-0.4487355053424835
1.5402247905731201,0.3216238021850586,-1.380674123764038,-2.5161499977111816,0.5493736267089844,2.5049691200256348,-0.4166887104511261
1.4561282396316528,0.30048301815986633,-1.3037909269332886,-2.4911932945251465,0.5051754117012024,2.5106449127197266,-0.3846419155597687
1.3617080450057983,0.28212472796440125,-1.2161093950271606,-2.4656982421875,0.4611341655254364,2.5145936012268066,-0.35259512066841125
1.2566285133361816,0.2667795717716217,-1.117276668548584,-2.4396445751190186,0.4172033369541168,2.516920566558838,-0.3205483555793762
1.1412197351455688,0.2547314763069153,-1.007601261138916,-2.4130120277404785,0.3733341097831726,2.5177109241485596,-0.2885015606880188
1.0167711973190308,0.24627907574176788,-0.8883472681045532,-2.385777473449707,0.3294781744480133,2.517026901245117,-0.2564547657966614
0.8856739401817322,0.24169224500656128,-0.761875331401825,-2.3579177856445312,0.2855837941169739,2.514914035797119,-0.22440798580646515
0.804157555103302,0.22622305154800415,-0.6790607571601868,-2.3572311401367188,0.2444220781326294,2.52024507522583,-0.1921590268611908
0.7124375104904175,0.21282848715782166,-0.5861554145812988,-2.3562169075012207,0.2033277153968811,2.524548292160034,-0.15991005301475525
0.6103125810623169,0.20174777507781982,-0.48292768001556396,-2.354872703552246,0.16228052973747253,2.5278561115264893,-0.1276610940694809
0.4983866810798645,0.19323834776878357,-0.369951993227005,-2.353196144104004,0.12126144766807556,2.5301930904388428,-0.09541212767362595
0.3783338665962219,0.1875540316104889,-0.24887140095233917,-2.351184844970703,0.08025312423706055,2.531576156616211,-0.063163161277771
0.252962589263916,0.18489427864551544,-0.12246713042259216,-2.34883713722229,0.039237506687641144,2.5320162773132324,-0.03091420605778694
0.1259605437517166,0.18537123501300812,0.0056030405685305595,-2.34615159034729,-0.0018025231547653675,2.5315184593200684,0.0013347737258300185
0.0012966145295649767,0.18897570669651031,0.13139958679676056,-2.3431267738342285,-0.04288458824157715,2.530078887939453,0.03358373045921326
-0.11748862266540527,0.195590540766716,0.2514118254184723,-2.3397626876831055,-0.08402687311172485,2.5276894569396973,0.0658326968550682
-0.22781692445278168,0.2050139456987381,0.36309200525283813,-2.3360579013824463,-0.12524919211864471,2.5243349075317383,0.09808166325092316
-0.3282574415206909,0.21699818968772888,0.46504074335098267,-2.3320131301879883,-0.16657193005084991,2.519993305206299,0.13033060729503632
-0.41840147972106934,0.23129591345787048,0.5568824410438538,-2.327627658843994,-0.2080177664756775,2.514634370803833,0.16257958114147186
-0.49857866764068604,0.24768435955047607,0.6389801502227783,-2.3229031562805176,-0.24961215257644653,2.50822114944458,0.19482854008674622
-0.5137345790863037,0.26062536239624023,0.6763318181037903,-2.315486431121826,-0.2738158106803894,2.5024752616882324,0.22337569296360016
-0.5253866910934448,0.2747286558151245,0.7102736234664917,-2.307009220123291,-0.2983900308609009,2.495961904525757,0.2519228458404541
-0.5339123010635376,0.2899944484233856,0.7411996722221375,-2.297468662261963,-0.3233892619609833,2.4886391162872314,0.28046998381614685
-0.539695680141449,0.30643683671951294,0.7695154547691345,-2.2868611812591553,-0.34887275099754333,2.480456829071045,0.3090171217918396
-0.5431013703346252,0.3240841031074524,0.7956128716468811,-2.2751832008361816,-0.37490126490592957,2.471360206604004,0.33756428956985474
-0.544474720954895,0.3429790139198303,0.8198703527450562,-2.2624285221099854,-0.40154221653938293,2.4612839221954346,0.3661114275455475
-0.5441350340843201,0.3631782531738281,0.8426480293273926,-2.2485928535461426,-0.4288676381111145,2.45015549659729,0.39465856552124023
-0.5423727631568909,0.3847535252571106,0.8642865419387817,-2.2336678504943848,-0.45695576071739197,2.4378890991210938,0.423205703496933
-0.5394470691680908,0.4077948033809662,0.8851061463356018,-2.2176458835601807,-0.48589545488357544,2.4243884086608887,0.45175284147262573
-0.535588264465332,0.43241170048713684,0.9054074287414551,-2.200516939163208,-0.5157854557037354,2.409540891647339,0.48030000925064087
-0.531004011631012,0.45873475074768066,0.9254873991012573,-2.1822690963745117,-0.5467398762702942,2.393214225769043,0.508847177028656
-0.5258697867393494,0.48692190647125244,0.9456281661987305,-2.162889003753662,-0.5788888335227966,2.3752570152282715,0.5373942852020264
-0.5203418135643005,0.5171639919281006,0.9661163687705994,-2.142360210418701,-0.6123877763748169,2.3554861545562744,0.5659414529800415
-0.5145519971847534,0.549691915512085,0.9872425198554993,-2.120664596557617,-0.6474200487136841,2.333686113357544,0.5944885611534119
-0.5086132287979126,0.5847893953323364,1.0093164443969727,-2.097780227661133,-0.6842111349105835,2.3095932006835938,0.623035728931427
-0.4274035394191742,0.5709620118141174,0.9540321230888367,-2.072512149810791,-0.6438842415809631,2.316804885864258,0.6408805847167969
-0.3452243208885193,0.56107497215271,0.8973663449287415,-2.045224189758301,-0.604938805103302,2.3212785720825195,0.658725380897522
-0.26264962553977966,0.5549266338348389,0.8397878408432007,-2.0158987045288086,-0.567270815372467,2.3232407569885254,0.6765702366828918
-0.18028409779071808,0.5523437261581421,0.7818115949630737,-1.9845083951950073,-0.5307883620262146,2.3228697776794434,0.6944150328636169
-0.09872449189424515,0.5531718134880066,0.723957896232605,-1.9510151147842407,-0.495402991771698,2.3203065395355225,0.7122598886489868
-0.01853105239570141,0.5572717189788818,0.6667203903198242,-1.9153647422790527,-0.4610308110713959,2.3156585693359375,0.7301046848297119
0.059794001281261444,0.5645188093185425,0.6105414628982544,-1.8774871826171875,-0.42758744955062866,2.3090031147003174,0.7479495406150818
0.13583248853683472,0.5748023390769958,0.5557830929756165,-1.8372900485992432,-0.3949868381023407,2.3003904819488525,0.7657943367958069
0.2092551440000534,0.5880314707756042,0.5027195811271667,-1.794655203819275,-0.36313876509666443,2.289844512939453,0.7836391925811768
0.2798253893852234,0.6041391491889954,0.4515306055545807,-1.7494316101074219,-0.3319470286369324,2.2773611545562744,0.8014840483665466
0.3473930358886719,0.6230894327163696,0.40230339765548706,-1.7014265060424805,-0.3013055622577667,2.262906312942505,0.8193288445472717
0.41188594698905945,0.6448873281478882,0.355035662651062,-1.6503918170928955,-0.27109551429748535,2.2464115619659424,0.8371737003326416
0.47329652309417725,0.6695868968963623,0.30964967608451843,-1.5960078239440918,-0.24118094146251678,2.2277677059173584,0.8550184965133667
0.46887966990470886,0.6694740653038025,0.31474581360816956,-1.597517967224121,-0.2450876235961914,2.22790265083313,0.8340733647346497
0.4644629657268524,0.66937655210495,0.31983816623687744,-1.5990231037139893,-0.24899181723594666,2.228027820587158,0.8131282925605774
0.4600461721420288,0.6692937016487122,0.3249274790287018,-1.6005239486694336,-0.25289326906204224,2.228142738342285,0.7921831607818604
0.4556293487548828,0.6692264080047607,0.3300133943557739,-1.602020263671875,-0.25679224729537964,2.2282474040985107,0.7712380290031433
0.4512128531932831,0.6691741943359375,0.3350958526134491,-1.6035118103027344,-0.26068875193595886,2.228341579437256,0.750292956829071
0.4467969834804535,0.6691365242004395,0.3401744067668915,-1.60499906539917,-0.26458263397216797,2.2284257411956787,0.729347825050354
0.4423816502094269,0.669114351272583,0.3452494740486145,-1.6064815521240234,-0.26847442984580994,2.2285001277923584,0.708402693271637
0.43796631693840027,0.6691066026687622,0.35032129287719727,-1.6079597473144531,-0.2723633944988251,2.2285637855529785,0.6874575614929199
0.43355196714401245,0.6691142916679382,0.3553892970085144,-1.6094335317611694,-0.276250422000885,2.2286176681518555,0.6665124893188477
0.42913854122161865,0.6691372990608215,0.3604535460472107,-1.6109025478363037,-0.28013524413108826,2.2286605834960938,0.6455673575401306
0.42472603917121887,0.6691747307777405,0.3655136823654175,-1.612367868423462,-0.28401780128479004,2.2286946773529053,0.6246222853660583
0.420314222574234,0.6692277789115906,0.3705706298351288,-1.6138278245925903,-0.28789815306663513,2.22871732711792,0.6036771535873413
0.415903240442276,0.6692957282066345,0.3756239116191864,-1.6152839660644531,-0.29177722334861755,2.2287299633026123,0.5827320218086243
0.41149407625198364,0.6693786978721619,0.38067254424095154,-1.6167352199554443,-0.29565319418907166,2.2287325859069824,0.5617868900299072
0.4070855677127838,0.6694767475128174,0.38571807742118835,-1.6181824207305908,-0.29952800273895264,2.228724718093872,0.540841817855835
0.4026791751384735,0.6695898175239563,0.39075884222984314,-1.6196253299713135,-0.30340081453323364,2.2287068367004395,0.5198966860771179
0.3982734978199005,0.6697182655334473,0.39579659700393677,-1.6210635900497437,-0.3072721064090729,2.2286782264709473,0.49895158410072327
0.39387020468711853,0.6698616147041321,0.4008290469646454,-1.622497797012329,-0.3111407458782196,2.228640079498291,0.4780064523220062
0.3894681930541992,0.6700200438499451,0.4058603048324585,-1.6239275932312012,-0.31500858068466187,2.228590965270996,0.4570613503456116
0.3850683867931366,0.6701937317848206,0.4108847677707672,-1.6253529787063599,-0.3188745379447937,2.228532552719116,0.43611621856689453
0.3806702196598053,0.6703823804855347,0.41590553522109985,-1.6267741918563843,-0.3227386772632599,2.2284629344940186,0.4151711165904999
0.3762737810611725,0.6705859303474426,0.4209221601486206,-1.628191351890564,-0.32660138607025146,2.2283830642700195,0.3942260146141052
0.37188073992729187,0.6708049178123474,0.4259330928325653,-1.6296039819717407,-0.33046194911003113,2.2282936573028564,0.3732808828353882
0.3674888610839844,0.6710392832756042,0.43094101548194885,-1.6310123205184937,-0.3343217968940735,2.2281930446624756,0.35233578085899353
0.3630988597869873,0.6712889075279236,0.4359450936317444,-1.6324163675308228,-0.33818113803863525,2.2280819416046143,0.3313906490802765
0.3587120771408081,0.6715531945228577,0.4409438669681549,-1.6338165998458862,-0.34203869104385376,2.2279608249664307,0.31044551730155945
0.35432764887809753,0.6718326807022095,0.44593822956085205,-1.6352124214172363,-0.3458946943283081,2.2278294563293457,0.2895004153251648
0.34994542598724365,0.6721274256706238,0.4509285092353821,-1.6366043090820312,-0.3497498035430908,2.227687358856201,0.26855531334877014
0.3455663025379181,0.6724376082420349,0.45591405034065247,-1.6379915475845337,-0.3536036014556885,2.227534770965576,0.2476101964712143
0.34119004011154175,0.6727629899978638,0.46089479327201843,-1.6393749713897705,-0.3574568033218384,2.227372169494629,0.22666510939598083
0.3368169069290161,0.6731032729148865,0.46587055921554565,-1.640754222869873,-0.3613079786300659,2.227199077606201,0.2057199776172638
0.3324466049671173,0.6734593510627747,0.4708421528339386,-1.6421295404434204,-0.36515918374061584,2.2270150184631348,0.18477487564086914
0.3280799686908722,0.6738309264183044,0.4758082926273346,-1.6434999704360962,-0.3690091669559479,2.226820707321167,0.1638297736644745
0.32371529936790466,0.6742166876792908,0.4807709753513336,-1.6448673009872437,-0.37285858392715454,2.2266156673431396,0.14288467168807983
0.3193550705909729,0.6746186017990112,0.48572757840156555,-1.646229863166809,-0.37670668959617615,2.226400375366211,0.12193953990936279
0.314998060464859,0.6750357151031494,0.4906795620918274,-1.6475887298583984,-0.3805546164512634,2.2261745929718018,0.10099438577890396
0.3106449842453003,0.6754676103591919,0.49562618136405945,-1.6489436626434326,-0.38440173864364624,2.225938320159912,0.08004928380250931
0.30629462003707886,0.6759158372879028,0.5005690455436707,-1.6502941846847534,-0.3882484436035156,2.2256906032562256,0.059104181826114655
0.30194830894470215,0.6763782501220703,0.5055062770843506,-1.6516411304473877,-0.39209413528442383,2.225432872772217,0.03815905377268791
0.297606498003006,0.676857054233551,0.5104380249977112,-1.6529837846755981,-0.3959394693374634,2.2251644134521484,0.01721395179629326
0.29326802492141724,0.6773509383201599,0.5153648853302002,-1.6543222665786743,-0.3997843861579895,2.2248849868774414,-0.0037311783526092768
0.2889334559440613,0.6778604388237,0.5202872157096863,-1.6556570529937744,-0.4036296606063843,2.224594831466675,-0.02467624843120575
0.28460314869880676,0.6783854961395264,0.5252038836479187,-1.6569876670837402,-0.40747350454330444,2.2242939472198486,-0.04562138020992279
0.2802774906158447,0.6789259314537048,0.530115008354187,-1.6583147048950195,-0.41131800413131714,2.223982572555542,-0.06656645238399506
0.27595558762550354,0.6794815063476562,0.5350214838981628,-1.6596375703811646,-0.4151615500450134,2.2236599922180176,-0.0875115841627121
0.2716382145881653,0.6800531148910522,0.5399223566055298,-1.6609562635421753,-0.4190056025981903,2.2233266830444336,-0.10845673829317093
0.267325758934021,0.6806397438049316,0.5448174476623535,-1.6622717380523682,-0.4228493571281433,2.222982883453369,-0.12940186262130737
0.26301780343055725,0.6812425255775452,0.5497075915336609,-1.6635828018188477,-0.4266926050186157,2.222627639770508,-0.15034693479537964
0.25871410965919495,0.6818606853485107,0.5545923709869385,-1.6648902893066406,-0.43053627014160156,2.222261667251587,-0.17129206657409668
0.25441548228263855,0.6824947595596313,0.5594717264175415,-1.6661934852600098,-0.4343802034854889,2.221884250640869,-0.19223719835281372
0.2501220703125,0.6831444501876831,0.564345121383667,-1.6674929857254028,-0.4382239580154419,2.221496343612671,-0.21318235993385315
0.24583308398723602,0.6838095188140869,0.569213330745697,-1.6687886714935303,-0.4420681595802307,2.221096992492676,-0.2341274917125702
0.24154941737651825,0.6844905018806458,0.5740759372711182,-1.6700806617736816,-0.4459124803543091,2.220686912536621,-0.25507256388664246
0.23727072775363922,0.6851872801780701,0.57893306016922,-1.6713687181472778,-0.4497572183609009,2.2202653884887695,-0.2760176956653595
0.2329971194267273,0.6859000325202942,0.5837847590446472,-1.6726529598236084,-0.4536021053791046,2.2198326587677,-0.29696276783943176
0.22872912883758545,0.686628520488739,0.5886303782463074,-1.673933506011963,-0.4574477970600128,2.219388961791992,-0.3179078996181488
0.22446691989898682,0.6873728632926941,0.5934698581695557,-1.6752103567123413,-0.4612933397293091,2.2189340591430664,-0.33885303139686584
0.22020965814590454,0.6881334781646729,0.5983045101165771,-1.6764830350875854,-0.465140163898468,2.2184672355651855,-0.3597981035709381
0.2159583419561386,0.6889098286628723,0.6031328439712524,-1.6777523756027222,-0.46898749470710754,2.217989683151245,-0.38074320554733276
0.21171268820762634,0.6897017359733582,0.6079552173614502,-1.6790179014205933,-0.4728350341320038,2.2175004482269287,-0.40168827772140503
0.20747317373752594,0.690509557723999,0.6127714514732361,-1.6802797317504883,-0.4766826927661896,2.2170004844665527,-0.42263340950012207
0.20323829352855682,0.691334068775177,0.6175833344459534,-1.6815376281738281,-0.48053261637687683,2.2164876461029053,-0.4435785412788391
0.19901040196418762,0.6921742558479309,0.6223879456520081,-1.682791829109192,-0.4843824803829193,2.2159643173217773,-0.4645236134529114
0.19478797912597656,0.6930310726165771,0.6271873116493225,-1.6840424537658691,-0.4882337749004364,2.2154288291931152,-0.4854687452316284
0.1905718892812729,0.6939038038253784,0.6319805383682251,-1.6852893829345703,-0.49208545684814453,2.2148818969726562,-0.5064138174057007
0.18636250495910645,0.6947927474975586,0.6367672681808472,-1.686532735824585,-0.49593833088874817,2.2143237590789795,-0.5273589491844177
0.18215854465961456,0.6956977248191833,0.6415486335754395,-1.687772274017334,-0.4997921884059906,2.2137532234191895,-0.5483040809631348
0.1779608130455017,0.6966195106506348,0.6463245153427124,-1.689008355140686,-0.5036479234695435,2.2131707668304443,-0.569249153137207
0.17377042770385742,0.6975571513175964,0.6510931253433228,-1.6902408599853516,-0.5075037479400635,2.2125773429870605,-0.5901942849159241
0.16958607733249664,0.6985116004943848,0.655856192111969,-1.6914693117141724,-0.5113614797592163,2.2119712829589844,-0.6111394166946411
0.16540831327438354,0.6994820833206177,0.6606132388114929,-1.6926946640014648,-0.5152203440666199,2.2113537788391113,-0.6320846080780029
0.16123653948307037,0.7004694938659668,0.6653650403022766,-1.6939163208007812,-0.519080638885498,2.210723400115967,-0.65302973985672
0.15707257390022278,0.7014737725257874,0.6701094508171082,-1.6951340436935425,-0.5229427814483643,2.2100815773010254,-0.673974871635437
0.15291467308998108,0.7024944424629211,0.6748485565185547,-1.6963485479354858,-0.5268059372901917,2.20942759513855,-0.6949199438095093
0.14876359701156616,0.7035312652587891,0.6795815825462341,-1.6975593566894531,-0.5306710004806519,2.208760976791382,-0.7158650755882263
0.14461977779865265,0.7045847773551941,0.684307873249054,-1.6987667083740234,-0.5345374941825867,2.208082675933838,-0.7368101477622986
0.1404833346605301,0.7056559324264526,0.6890279054641724,-1.6999704837799072,-0.5384060144424438,2.2073919773101807,-0.7577552795410156
0.1363534927368164,0.7067432403564453,0.6937425136566162,-1.7011706829071045,-0.5422756671905518,2.206688165664673,-0.7787004113197327
0.13223080337047577,0.7078474164009094,0.6984505653381348,-1.7023673057556152,-0.5461475253105164,2.205972671508789,-0.7996454834938049
0.12811598181724548,0.7089690566062927,0.703152060508728,-1.7035605907440186,-0.5500214695930481,2.205244541168213,-0.820590615272522
0.12400773167610168,0.710107147693634,0.7078478932380676,-1.704750418663025,-0.5538971424102783,2.2045037746429443,-0.8415356874465942
0.11990711092948914,0.7112623453140259,0.7125371694564819,-1.7059366703033447,-0.55777508020401,2.2037501335144043,-0.862480878829956
0.115814708173275,0.7124351263046265,0.717219889163971,-1.7071192264556885,-0.5616548657417297,2.202984094619751,-0.8834259510040283
0.11172888427972794,0.7136249542236328,0.7218970656394958,-1.708298683166504,-0.5655369162559509,2.202204942703247,-0.9043710231781006
0.10765048861503601,0.7148317694664001,0.7265681028366089,-1.7094745635986328,-0.5694215297698975,2.2014129161834717,-0.9253160953521729
0.10358088463544846,0.716056227684021,0.7312319278717041,-1.7106469869613647,-0.5733077526092529,2.200608730316162,-0.9462612271308899
0.09951768070459366,0.7172982692718506,0.7358909845352173,-1.7118159532546997,-0.5771971940994263,2.1997902393341064,-0.9672062993049622
0.09546300023794174,0.7185570597648621,0.7405426502227783,-1.7129817008972168,-0.5810883045196533,2.1989595890045166,-0.9881513714790344
0.09141616523265839,0.7198337316513062,0.7451885342597961,-1.7141438722610474,-0.5849822163581848,2.198115110397339,-1.009096622467041
0.08737699687480927,0.7211281657218933,0.7498282194137573,-1.715302586555481,-0.5888788104057312,2.1972575187683105,-1.0300416946411133
0.08334537595510483,0.7224404811859131,0.7544622421264648,-1.7164580821990967,-0.592778742313385,2.1963865756988525,-1.050986886024475
0.0793222188949585,0.723770260810852,0.759089469909668,-1.717610239982605,-0.5966802835464478,2.195502281188965,-1.0719319581985474
0.07530838251113892,0.7251179814338684,0.7637092471122742,-1.7187588214874268,-0.6005848050117493,2.1946048736572266,-1.0928771495819092
0.07130122929811478,0.7264838814735413,0.7683244347572327,-1.7199043035507202,-0.6044929027557373,2.1936933994293213,-1.1138222217559814
0.06730254739522934,0.7278673052787781,0.7729332447052002,-1.7210463285446167,-0.6084036827087402,2.192768096923828,-1.1347672939300537
0.06331198662519455,0.7292690873146057,0.7775357961654663,-1.7221848964691162,-0.6123170852661133,2.191829204559326,-1.155712366104126
0.0593300387263298,0.7306891679763794,0.782132089138031,-1.7233203649520874,-0.6162341833114624,2.1908764839172363,-1.1766575574874878
0.055359240621328354,0.7321259379386902,0.7867187261581421,-1.7244527339935303,-0.6201512217521667,2.189910888671875,-1.19760262966156
0.051393501460552216,0.7335828542709351,0.7913035154342651,-1.725581407546997,-0.6240754127502441,2.188929557800293,-1.2185477018356323
0.0474361889064312,0.735058605670929,0.7958824038505554,-1.726706862449646,-0.6280026435852051,2.187933921813965,-1.2394928932189941
0.04348867014050484,0.7365521788597107,0.8004536032676697,-1.727829098701477,-0.63193279504776,2.186925172805786,-1.2604379653930664
