0.8646050095558167,0.5437746644020081,-0.6813011169433594,-1.9423445463180542,0.4637795090675354,2.325591564178467,-2.4283270835876465
0.8600282669067383,0.5425505042076111,-0.6744009852409363,-1.9406917095184326,0.4588170051574707,2.326244592666626,-2.4036033153533936
0.8554180264472961,0.5413594841957092,-0.6674710512161255,-1.9390225410461426,0.4538516402244568,2.326874256134033,-2.3788793087005615
0.8507747054100037,0.5402006506919861,-0.6605114936828613,-1.9373383522033691,0.4488832950592041,2.3274827003479004,-2.3541555404663086
0.8460975885391235,0.539074718952179,-0.6535214781761169,-1.9356380701065063,0.4439113438129425,2.3280694484710693,-2.3294315338134766
0.8413885831832886,0.5379818081855774,-0.6465030908584595,-1.933921456336975,0.4389371871948242,2.3286333084106445,-2.3047077655792236
0.8366467952728271,0.5369219779968262,-0.6394549012184143,-1.9321891069412231,0.43395861983299255,2.3291759490966797,-2.2799839973449707
0.8318719267845154,0.5358949899673462,-0.6323766112327576,-1.9304406642913818,0.42897656559944153,2.3296971321105957,-2.2552599906921387
0.8270663619041443,0.5349012017250061,-0.6252704858779907,-1.9286763668060303,0.42399105429649353,2.3301963806152344,-2.2305362224578857
0.8222302198410034,0.5339396595954895,-0.6181365847587585,-1.9268959760665894,0.4190015196800232,2.3306732177734375,-2.2058122158050537
0.8173628449440002,0.5330115556716919,-0.6109740138053894,-1.9250993728637695,0.4140079617500305,2.3311290740966797,-2.181088447570801
0.8124645352363586,0.5321169495582581,-0.6037830710411072,-1.9232861995697021,0.4090105891227722,2.3315632343292236,-2.156364679336548
0.8075364828109741,0.5312548279762268,-0.5965644717216492,-1.921457052230835,0.4040083885192871,2.3319759368896484,-2.131640672683716
0.8025795817375183,0.5304261445999146,-0.5893192887306213,-1.9196122884750366,0.39900198578834534,2.332367181777954,-2.106916904449463
0.7975926399230957,0.529630720615387,-0.5820459723472595,-1.917750597000122,0.3939904272556305,2.3327369689941406,-2.082192897796631
0.7925779223442078,0.5288686156272888,-0.57474684715271,-1.915872573852539,0.3889748454093933,2.333085060119629,-2.057469129562378
0.7875354290008545,0.5281395316123962,-0.5674216151237488,-1.9139782190322876,0.3839547336101532,2.333411693572998,-2.032745361328125
0.7824646234512329,0.5274441838264465,-0.5600699186325073,-1.9120674133300781,0.3789287507534027,2.333716869354248,-2.008021354675293
0.7773671746253967,0.5267822742462158,-0.552692711353302,-1.9101402759552002,0.37389811873435974,2.334001064300537,-1.98329758644104
0.7722435593605042,0.5261531472206116,-0.5452906489372253,-1.9081968069076538,0.36886170506477356,2.334263801574707,-1.9585736989974976
0.7670927047729492,0.525558590888977,-0.5378626585006714,-1.9062362909317017,0.3638203740119934,2.334505319595337,-1.933849811553955
0.7619167566299438,0.524997353553772,-0.5304105281829834,-1.904259443283081,0.35877302289009094,2.3347253799438477,-1.9091259241104126
0.7567164301872253,0.5244696736335754,-0.5229348540306091,-1.9022657871246338,0.35372018814086914,2.3349242210388184,-1.8844020366668701
0.7514915466308594,0.5239756107330322,-0.5154353976249695,-1.9002553224563599,0.3486616015434265,2.33510160446167,-1.8596782684326172
0.7462424635887146,0.5235158205032349,-0.5079123973846436,-1.8982279300689697,0.3435969948768616,2.3352575302124023,-1.8349543809890747
0.7409700155258179,0.5230897665023804,-0.5003663301467896,-1.8961843252182007,0.3385261595249176,2.335392713546753,-1.8102304935455322
0.7356752753257751,0.5226972103118896,-0.49279817938804626,-1.8941234350204468,0.33344870805740356,2.3355062007904053,-1.7855066061019897
0.7303575873374939,0.5223395228385925,-0.4852071702480316,-1.892045497894287,0.3283648192882538,2.335598945617676,-1.7607828378677368
0.725019633769989,0.5220150947570801,-0.4775959551334381,-1.8899508714675903,0.32327499985694885,2.335669994354248,-1.7360589504241943
0.7196594476699829,0.5217257738113403,-0.46996232867240906,-1.8878388404846191,0.3181777894496918,2.3357198238372803,-1.7113350629806519
0.7142799496650696,0.5214700102806091,-0.4623090326786041,-1.8857098817825317,0.3130742311477661,2.3357481956481934,-1.6866111755371094
0.7088797092437744,0.5212489366531372,-0.4546343982219696,-1.883563756942749,0.3079628348350525,2.3357555866241455,-1.661887288093567
0.7034609317779541,0.521061897277832,-0.44694045186042786,-1.8814005851745605,0.3028445839881897,2.3357415199279785,-1.637163519859314
0.6980233192443848,0.5209099054336548,-0.4392271637916565,-1.879219651222229,0.2977190911769867,2.3357057571411133,-1.612439513206482
0.6925682425498962,0.5207921266555786,-0.43149518966674805,-1.8770220279693604,0.29258590936660767,2.335649013519287,-1.587715744972229
0.6870959401130676,0.5207092761993408,-0.42374494671821594,-1.8748066425323486,0.2874453663825989,2.335571050643921,-1.5629918575286865
0.6816065907478333,0.5206611752510071,-0.41597628593444824,-1.8725736141204834,0.2822965681552887,2.3354711532592773,-1.538267970085144
0.6761013865470886,0.5206477642059326,-0.4081901013851166,-1.8703231811523438,0.2771399915218353,2.3353500366210938,-1.5135442018508911
0.6705814599990845,0.5206687450408936,-0.4003877341747284,-1.8680555820465088,0.2719748318195343,2.335207462310791,-1.488820195198059
0.6650468111038208,0.5207253694534302,-0.39256882667541504,-1.8657695055007935,0.26680228114128113,2.335042953491211,-1.4640964269638062
0.6594980955123901,0.5208167433738708,-0.3847336173057556,-1.863466501235962,0.2616202235221863,2.33485746383667,-1.4393725395202637
0.6539351940155029,0.5209437012672424,-0.37688231468200684,-1.8611451387405396,0.25643008947372437,2.3346500396728516,-1.4146486520767212
0.648360550403595,0.5211057662963867,-0.3690168261528015,-1.8588063716888428,0.2512311339378357,2.334420919418335,-1.3899247646331787
0.6427741050720215,0.5213031768798828,-0.3611370027065277,-1.8564497232437134,0.24602334201335907,2.3341705799102783,-1.3652009963989258
0.6371763348579407,0.5215356945991516,-0.3532430827617645,-1.8540747165679932,0.24080631136894226,2.333897590637207,-1.3404771089553833
0.6315674781799316,0.5218040347099304,-0.3453352153301239,-1.8516817092895508,0.23557963967323303,2.3336033821105957,-1.3157532215118408
0.6259490847587585,0.5221083164215088,-0.3374146521091461,-1.8492707014083862,0.23034383356571198,2.333287239074707,-1.291029453277588
0.6203216314315796,0.5224476456642151,-0.329481840133667,-1.84684157371521,0.225098118185997,2.332948923110962,-1.2663054466247559
0.6146853566169739,0.5228230953216553,-0.32153668999671936,-1.8443939685821533,0.21984247863292694,2.3325886726379395,-1.241581678390503
0.6090409159660339,0.5232345461845398,-0.3135797381401062,-1.841928243637085,0.21457700431346893,2.3322064876556396,-1.2168577909469604
0.6033899784088135,0.5236815214157104,-0.30561235547065735,-1.8394441604614258,0.20930147171020508,2.3318023681640625,-1.192133903503418
0.5977275967597961,0.5241646766662598,-0.29762929677963257,-1.8369412422180176,0.20401212573051453,2.331376075744629,-1.1674100160598755
0.5920632481575012,0.5246838927268982,-0.28964006900787354,-1.834420084953308,0.19871461391448975,2.3309273719787598,-1.1426862478256226
0.5863940715789795,0.5252402424812317,-0.28164181113243103,-1.831879734992981,0.1934071183204651,2.3304555416107178,-1.11796236038208
0.5807192921638489,0.5258326530456543,-0.27363312244415283,-1.829321026802063,0.18808788061141968,2.3299620151519775,-1.0932384729385376
0.5750417113304138,0.5264608860015869,-0.265616774559021,-1.8267436027526855,0.18275772035121918,2.3294456005096436,-1.0685145854949951
0.5693596601486206,0.5271261930465698,-0.25759080052375793,-1.8241469860076904,0.17741546034812927,2.328906774520874,-1.0437906980514526
0.5636764764785767,0.5278283357620239,-0.24955856800079346,-1.8215312957763672,0.1720624417066574,2.3283450603485107,-1.0190669298171997
0.5579900741577148,0.5285670757293701,-0.24151746928691864,-1.8188966512680054,0.16669705510139465,2.327760696411133,-0.9943429827690125
0.5523024201393127,0.529342770576477,-0.23346927762031555,-1.816243052482605,0.16131915152072906,2.3271536827087402,-0.9696191549301147
0.5466156601905823,0.5301554799079895,-0.22541621327400208,-1.8135699033737183,0.15593011677265167,2.3265223503112793,-0.944895327091217
0.5409281253814697,0.5310054421424866,-0.21735595166683197,-1.8108775615692139,0.1505281776189804,2.325869083404541,-0.9201714992523193
0.5352413654327393,0.5318925380706787,-0.20929013192653656,-1.8081656694412231,0.14511321485042572,2.3251917362213135,-0.8954475522041321
0.5295553207397461,0.5328170657157898,-0.20121833682060242,-1.805434226989746,0.13968516886234283,2.324491500854492,-0.8707236051559448
0.523871898651123,0.5337789058685303,-0.19314220547676086,-1.8026832342147827,0.13424408435821533,2.3237674236297607,-0.8459998965263367
0.5181910395622253,0.5347785949707031,-0.18506142497062683,-1.7999123334884644,0.12879008054733276,2.3230202198028564,-0.8212760090827942
0.5125120282173157,0.5358161926269531,-0.17697511613368988,-1.7971217632293701,0.12332115322351456,2.322249174118042,-0.7965520620346069
0.5068390369415283,0.5368912220001221,-0.1688871830701828,-1.794311285018921,0.11783995479345322,2.3214540481567383,-0.7718283534049988
0.5011693239212036,0.5380040407180786,-0.16079454123973846,-1.7914811372756958,0.11234329640865326,2.3206348419189453,-0.7471044063568115
0.495504766702652,0.5391553044319153,-0.1526987999677658,-1.7886302471160889,0.10683288425207138,2.319791316986084,-0.7223804593086243
0.48984572291374207,0.5403447151184082,-0.14460019767284393,-1.7857595682144165,0.10130710154771805,2.3189239501953125,-0.6976566910743713
0.48419326543807983,0.541572630405426,-0.13649937510490417,-1.7828681468963623,0.09576696157455444,2.3180317878723145,-0.6729328036308289
0.4785473942756653,0.5428388118743896,-0.12839621305465698,-1.7799564599990845,0.09021159261465073,2.317115068435669,-0.6482089161872864
0.47290942072868347,0.5441434979438782,-0.12029161304235458,-1.777024507522583,0.08464112877845764,2.316173553466797,-0.6234851479530334
0.4672788381576538,0.545487642288208,-0.1121848076581955,-1.7740710973739624,0.07905443757772446,2.31520676612854,-0.598761260509491
0.4616568982601166,0.546870231628418,-0.10407673567533493,-1.7710976600646973,0.07345174998044968,2.3142154216766357,-0.5740373134613037
0.45604413747787476,0.5482916831970215,-0.09596757590770721,-1.768103003501892,0.0678328424692154,2.3131983280181885,-0.5493133664131165
0.450440913438797,0.5497525334358215,-0.08785756677389145,-1.7650874853134155,0.062197163701057434,2.3121557235717773,-0.5245896577835083
0.4448477625846863,0.5512531399726868,-0.0797467827796936,-1.7620502710342407,0.05654462054371834,2.3110876083374023,-0.49986571073532104
0.4392649531364441,0.5527927279472351,-0.0716351643204689,-1.7589926719665527,0.05087432637810707,2.3099937438964844,-0.4751417934894562
0.4336940050125122,0.5543726086616516,-0.06352414190769196,-1.7559131383895874,0.04518707096576691,2.3088741302490234,-0.45041805505752563
0.4281339645385742,0.555992066860199,-0.05541209504008293,-1.752812147140503,0.039481956511735916,2.307727813720703,-0.42569413781166077
0.42258667945861816,0.5576516389846802,-0.04730071499943733,-1.7496894598007202,0.03375886380672455,2.3065550327301025,-0.4009702205657959
0.41705116629600525,0.5593516230583191,-0.03918861970305443,-1.7465450763702393,0.028016304597258568,2.3053557872772217,-0.37624645233154297
0.4115295112133026,0.5610912442207336,-0.031077539548277855,-1.7433792352676392,0.022255413234233856,2.3041296005249023,-0.3515225648880005
0.40602147579193115,0.5628724694252014,-0.022967059165239334,-1.7401905059814453,0.01647571101784706,2.3028764724731445,-0.3267986476421356
0.4005275070667267,0.5646938681602478,-0.01485698763281107,-1.7369804382324219,0.010676135309040546,2.30159592628479,-0.3020748794078827
0.3950480818748474,0.5665563344955444,-0.006747621111571789,-1.7337473630905151,0.004856820683926344,2.3002872467041016,-0.2773509919643402
0.389583021402359,0.5684599876403809,0.0013634153874590993,-1.7304924726486206,-0.0009834360098466277,2.2989516258239746,-0.25262704491615295
0.38413357734680176,0.5704057216644287,0.009471887722611427,-1.7272142171859741,-0.006843825336545706,2.2975876331329346,-0.22790329158306122
0.3786998391151428,0.5723922252655029,0.01757974550127983,-1.7239137887954712,-0.012725516222417355,2.2961952686309814,-0.20317940413951874
0.3732821047306061,0.5744210481643677,0.025687213987112045,-1.7205901145935059,-0.0186289194971323,2.294774293899536,-0.17845547199249268
0.3678811192512512,0.5764914751052856,0.03379382565617561,-1.7172436714172363,-0.024554265663027763,2.2933244705200195,-0.15373171865940094
0.36249664425849915,0.5786048769950867,0.04190021753311157,-1.7138736248016357,-0.030501460656523705,2.2918457984924316,-0.12900778651237488
0.3571295738220215,0.5807603001594543,0.05000605806708336,-1.710480809211731,-0.03647223114967346,2.290337562561035,-0.1042838916182518
0.3517802059650421,0.5829585790634155,0.058111440390348434,-1.707064151763916,-0.04246550425887108,2.28879976272583,-0.07956013083457947
0.34644895792007446,0.5852001905441284,0.066216379404068,-1.7036235332489014,-0.04848269000649452,2.287231683731079,-0.054836206138134
0.34113600850105286,0.5874849557876587,0.07432122528553009,-1.7001595497131348,-0.05452403798699379,2.2856335639953613,-0.030112307518720627
0.3358413577079773,0.5898140072822571,0.08242642879486084,-1.6966711282730103,-0.06058984622359276,2.2840049266815186,-0.005388552788645029
0.3305657207965851,0.5921865105628967,0.09053180366754532,-1.6931586265563965,-0.06668122112751007,2.2823450565338135,0.019335376098752022
0.3253093957901001,0.5946025252342224,0.09863749146461487,-1.6896218061447144,-0.07279811799526215,2.2806544303894043,0.04405927658081055
0.3200727701187134,0.5970640778541565,0.10674367845058441,-1.6860604286193848,-0.07894069701433182,2.2789320945739746,0.06878302991390228
0.3148558437824249,0.5995700359344482,0.11485078930854797,-1.6824740171432495,-0.08510997146368027,2.277177333831787,0.09350695461034775
0.3096587657928467,0.602121114730835,0.12295956164598465,-1.6788631677627563,-0.09130728244781494,2.275390386581421,0.11823088675737381
0.30448225140571594,0.6047176122665405,0.13106940686702728,-1.6752269268035889,-0.09753166139125824,2.273571014404297,0.14295461773872375
0.29932674765586853,0.6073602437973022,0.13918069005012512,-1.671565294265747,-0.10378443449735641,2.271719217300415,0.16767853498458862
0.29419127106666565,0.6100485324859619,0.1472950428724289,-1.6678781509399414,-0.11006617546081543,2.2698326110839844,0.19240246713161469
0.2890770435333252,0.6127836108207703,0.15541164577007294,-1.6641651391983032,-0.11637759953737259,2.2679128646850586,0.21712636947631836
0.283984512090683,0.6155655980110168,0.16353078186511993,-1.6604264974594116,-0.12271914631128311,2.265958547592163,0.2418501228094101
0.27891358733177185,0.6183955073356628,0.17165324091911316,-1.6566613912582397,-0.12909124791622162,2.263970375061035,0.26657405495643616
0.273864209651947,0.6212723851203918,0.17977972328662872,-1.6528701782226562,-0.13549496233463287,2.261946201324463,0.291297972202301
0.2688368260860443,0.6241974234580994,0.187910258769989,-1.649052381515503,-0.14193105697631836,2.259887218475342,0.31602171063423157
0.2638312876224518,0.6271712779998779,0.19604608416557312,-1.6452076435089111,-0.1483994722366333,2.257791042327881,0.34074562788009644
0.25884848833084106,0.6301940679550171,0.2041865736246109,-1.6413363218307495,-0.15490180253982544,2.255659580230713,0.3654695749282837
0.25388798117637634,0.6332664489746094,0.21233323216438293,-1.6374369859695435,-0.161438450217247,2.253490924835205,0.39019328355789185
0.2489491105079651,0.6363885998725891,0.22048765420913696,-1.6335105895996094,-0.16801084578037262,2.251284122467041,0.4149172008037567
0.24403387308120728,0.6395620107650757,0.22864815592765808,-1.6295561790466309,-0.17461846768856049,2.249039888381958,0.43964114785194397
0.2391415387392044,0.6427854895591736,0.2368163764476776,-1.6255741119384766,-0.18126264214515686,2.2467570304870605,0.4643648564815521
0.23427198827266693,0.6460613012313843,0.24499352276325226,-1.6215633153915405,-0.18794459104537964,2.2444348335266113,0.4890888035297394
0.2294260710477829,0.6493887901306152,0.2531793713569641,-1.6175243854522705,-0.19466480612754822,2.2420735359191895,0.5138127207756042
0.22460301220417023,0.6527688503265381,0.26137566566467285,-1.6134562492370605,-0.20142436027526855,2.239671230316162,0.5385364294052124
0.21980330348014832,0.6562018990516663,0.2695828676223755,-1.609359860420227,-0.20822429656982422,2.2372283935546875,0.5632603764533997
0.20571018755435944,0.6627359986305237,0.2883804440498352,-1.6024794578552246,-0.22367359697818756,2.2326042652130127,0.5896196961402893
0.19175474345684052,0.6695024371147156,0.3071877658367157,-1.5955233573913574,-0.23926787078380585,2.227804660797119,0.6159789562225342
0.17793770134449005,0.6765074133872986,0.32601162791252136,-1.5884897708892822,-0.2550158202648163,2.2228240966796875,0.6423382759094238
0.16425982117652893,0.6837542653083801,0.3448590338230133,-1.5813782215118408,-0.2709254026412964,2.2176573276519775,0.6686975955963135
0.15072229504585266,0.6912497282028198,0.3637365400791168,-1.5741865634918213,-0.28700390458106995,2.21229887008667,0.6950569152832031
0.1373254656791687,0.6989994049072266,0.3826531171798706,-1.5669138431549072,-0.30326101183891296,2.206742525100708,0.721416175365448
0.12407046556472778,0.707009494304657,0.401616632938385,-1.5595581531524658,-0.31970638036727905,2.2009825706481934,0.7477754950523376
0.11095643043518066,0.7152870297431946,0.42063820362091064,-1.5521180629730225,-0.3363504409790039,2.1950109004974365,0.7741347551345825
0.09798425436019897,0.7238394618034363,0.43972739577293396,-1.5445923805236816,-0.3532044291496277,2.1888206005096436,0.8004941344261169
0.08515403419733047,0.7326756119728088,0.4588961899280548,-1.5369789600372314,-0.37028005719184875,2.182403326034546,0.8268533945083618
0.07246540486812592,0.7418030500411987,0.4781566858291626,-1.5292763710021973,-0.38759011030197144,2.175751209259033,0.8532127141952515
0.05991870537400246,0.7512326836585999,0.49752214550971985,-1.5214831829071045,-0.40514901280403137,2.1688549518585205,0.8795719742774963
0.04751349985599518,0.760974645614624,0.5170078873634338,-1.513597011566162,-0.4229709506034851,2.161703586578369,0.905931293964386
0.035249628126621246,0.7710403203964233,0.536629319190979,-1.5056159496307373,-0.44107291102409363,2.1542868614196777,0.9322906136512756
0.02312643639743328,0.7814427018165588,0.5564044117927551,-1.4975385665893555,-0.4594727158546448,2.1465930938720703,0.9586499333381653
0.011144149117171764,0.792195737361908,0.5763515830039978,-1.4893617630004883,-0.4781893789768219,2.138608932495117,0.9850091934204102
-0.0006979639874771237,0.8033145070075989,0.5964919328689575,-1.4810843467712402,-0.49724388122558594,2.1303210258483887,1.0113685131072998
-0.01240010280162096,0.814815878868103,0.6168476939201355,-1.472703456878662,-0.5166603326797485,2.1217141151428223,1.0377278327941895
-0.023963624611496925,0.8267178535461426,0.6374452114105225,-1.464217185974121,-0.5364641547203064,2.1127703189849854,1.064087152481079
-0.03538781404495239,0.8390411138534546,0.6583102941513062,-1.4556224346160889,-0.556682825088501,2.1034722328186035,1.0904464721679688
-0.04667336866259575,0.8518092632293701,0.6794744729995728,-1.4469170570373535,-0.577348530292511,2.0937986373901367,1.1168056726455688
-0.057820793241262436,0.865046501159668,0.7009710073471069,-1.4380979537963867,-0.5984956622123718,2.0837278366088867,1.1431649923324585
-0.06883040815591812,0.8787820935249329,0.7228381037712097,-1.4291629791259766,-0.6201639771461487,2.0732338428497314,1.1695244312286377
-0.07970381528139114,0.8930495977401733,0.7451205849647522,-1.420107364654541,-0.6423999667167664,2.0622870922088623,1.1958836317062378
-0.09043716639280319,0.9078803062438965,0.7678584456443787,-1.4109306335449219,-0.6652460694313049,2.050858974456787,1.2222429513931274
-0.03231632709503174,0.8505255579948425,0.671462893486023,-1.4438667297363281,-0.5704768300056458,2.0946571826934814,1.190462589263916
0.028707727789878845,0.8016809821128845,0.580182671546936,-1.4749341011047363,-0.4836776852607727,2.1313068866729736,1.1586822271347046
0.09263589978218079,0.7597954273223877,0.491995245218277,-1.5042743682861328,-0.402737557888031,2.162221908569336,1.1269018650054932
0.1594623327255249,0.7238572835922241,0.4055437743663788,-1.5320069789886475,-0.3262315094470978,2.1883559226989746,1.0951215028762817
0.22913585603237152,0.693187952041626,0.3199109733104706,-1.5582313537597656,-0.25315040349960327,2.2103772163391113,1.0633411407470703
0.3015482425689697,0.6673228144645691,0.23448418080806732,-1.5830333232879639,-0.18274787068367004,2.228771209716797,1.0315607786178589
0.37651771306991577,0.6459459662437439,0.14888930320739746,-1.606487512588501,-0.1144513264298439,2.2438924312591553,0.9997804760932922
0.453779399394989,0.6288455128669739,0.06294704973697662,-1.6286574602127075,-0.04780682548880577,2.255999803543091,0.968000054359436
0.5329800248146057,0.6158850193023682,-0.02335081808269024,-1.6496005058288574,0.017554372549057007,2.2652812004089355,0.9362197518348694
0.61368328332901,0.6069830060005188,-0.10987725108861923,-1.6693665981292725,0.08194276690483093,2.2718615531921387,0.9044393301010132
0.6953791379928589,0.6020997762680054,-0.19638973474502563,-1.6880011558532715,0.14562544226646423,2.2758164405822754,0.8726590275764465
0.7775059938430786,0.6012277007102966,-0.28256699442863464,-1.7055448293685913,0.20884114503860474,2.2771735191345215,0.8408786654472351
0.8594761490821838,0.6043872237205505,-0.36804378032684326,-1.7220354080200195,0.2718110978603363,2.2759156227111816,0.8090983033180237
0.930411696434021,0.6128305196762085,-0.4447621703147888,-1.7327851057052612,0.3295398950576782,2.270984411239624,0.7770020961761475
1.0000348091125488,0.6246597170829773,-0.5202385187149048,-1.7428405284881592,0.38748428225517273,2.263768196105957,0.7449058294296265
1.0680067539215088,0.6399699449539185,-0.5942963361740112,-1.7522203922271729,0.445808470249176,2.2541370391845703,0.7128096222877502
1.134046196937561,0.6588990092277527,-0.6668329238891602,-1.760941743850708,0.504696249961853,2.2419121265411377,0.6807133555412292
1.1979280710220337,0.6816391348838806,-0.7378216981887817,-1.7690221071243286,0.5643560886383057,2.2268614768981934,0.648617148399353
1.2594828605651855,0.7084611058235168,-0.8073270916938782,-1.7764778137207031,0.6250396370887756,2.208679676055908,0.616520881652832
1.3185933828353882,0.739737331867218,-0.8755121231079102,-1.7833268642425537,0.6870519518852234,2.186969518661499,0.5844246745109558
1.3751848936080933,0.7759881019592285,-0.9426570534706116,-1.7895851135253906,0.7507885694503784,2.161200523376465,0.5523284077644348
1.4292123317718506,0.8179484605789185,-1.009183645248413,-1.79526948928833,0.8167754411697388,2.1306560039520264,0.5202322006225586
1.4806476831436157,0.8666762709617615,-1.075709342956543,-1.800397276878357,0.8857501745223999,2.094334602355957,0.4881359338760376
1.529455542564392,0.9237625002861023,-1.1431511640548706,-1.8049848079681396,0.9588108062744141,2.050769329071045,0.456039696931839
1.5755633115768433,0.9917531609535217,-1.2129634618759155,-1.809049129486084,1.0377261638641357,1.9976565837860107,0.42394348978996277
1.6187877655029297,1.0751594305038452,-1.2877140045166016,-1.8126076459884644,1.1257004737854004,1.930976390838623,0.39184725284576416
1.5938475131988525,1.0166491270065308,-1.2353127002716064,-1.8083162307739258,1.0641810894012451,1.9778547286987305,0.4236801862716675
1.5673826932907104,0.9662300944328308,-1.1854983568191528,-1.8037729263305664,1.0073645114898682,2.017608165740967,0.4555131196975708
1.539473056793213,0.9220246076583862,-1.1372103691101074,-1.7989695072174072,0.9539167284965515,2.0519042015075684,0.4873460531234741
1.5101655721664429,0.882827639579773,-1.089772343635559,-1.793898344039917,0.9029948711395264,2.0818240642547607,0.5191789865493774
1.4794846773147583,0.8478132486343384,-1.0427175760269165,-1.7885510921478271,0.8540275692939758,2.10811710357666,0.5510119199752808
1.4474464654922485,0.8163890838623047,-0.9957089424133301,-1.782920241355896,0.8066070079803467,2.131328582763672,0.5828448534011841
1.4140644073486328,0.7881157398223877,-0.9484951496124268,-1.7769973278045654,0.7604292035102844,2.151869297027588,0.6146777868270874
1.379349708557129,0.7626602649688721,-0.9008815884590149,-1.770774006843567,0.715257465839386,2.1700587272644043,0.6465107202529907
1.343322515487671,0.7397658824920654,-0.8527234196662903,-1.76424241065979,0.6709069609642029,2.186147451400757,0.678343653678894
1.3060088157653809,0.7192314863204956,-0.8039115071296692,-1.7573940753936768,0.6272257566452026,2.2003374099731445,0.7101765871047974
1.2674427032470703,0.7009009122848511,-0.7543652057647705,-1.7502195835113525,0.5840884447097778,2.212791919708252,0.7420095205307007
1.227670431137085,0.6846500039100647,-0.7040322422981262,-1.7427111864089966,0.5413872003555298,2.2236456871032715,0.773842453956604
1.1867517232894897,0.6703819036483765,-0.6528862118721008,-1.7348593473434448,0.4990288019180298,2.2330074310302734,0.8056753873825073
1.1447575092315674,0.6580206751823425,-0.6009190082550049,-1.7266550064086914,0.45693153142929077,2.240968704223633,0.8375083804130554
1.101775884628296,0.6475073099136353,-0.5481477379798889,-1.71808922290802,0.4150203764438629,2.2476024627685547,0.869341254234314
1.0579077005386353,0.6387972831726074,-0.49460625648498535,-1.709152102470398,0.3732272982597351,2.2529683113098145,0.9011741876602173
1.0132668018341064,0.6318569779396057,-0.44034406542778015,-1.699833631515503,0.3314865529537201,2.2571144104003906,0.9330071210861206
0.9679795503616333,0.6266624331474304,-0.38542622327804565,-1.6901237964630127,0.28973767161369324,2.2600772380828857,0.9648401141166687
0.9221841096878052,0.6231977343559265,-0.3299291431903839,-1.6800121068954468,0.24791869521141052,2.2618837356567383,0.9966729879379272
0.8760256767272949,0.6214538812637329,-0.2739368975162506,-1.669487714767456,0.2059697061777115,2.262552261352539,1.0285059213638306
0.8296552300453186,0.6214278340339661,-0.21753744781017303,-1.6585384607315063,0.16382846236228943,2.262091636657715,1.0603388547897339
0.7832269668579102,0.6231217384338379,-0.16082005202770233,-1.6471531391143799,0.12143142521381378,2.260502338409424,1.0921717882156372
0.7368937134742737,0.6265442967414856,-0.10386904329061508,-1.6353189945220947,0.0787113755941391,2.257777214050293,1.124004602432251
0.6908043622970581,0.6317088007926941,-0.04676016420125961,-1.6230226755142212,0.035595931112766266,2.2539000511169434,1.1558376550674438
0.6450994610786438,0.6386368870735168,0.01044550258666277,-1.6102503538131714,-0.007995069958269596,2.248845100402832,1.1876705884933472
0.5999183058738708,0.6473559141159058,0.0676940307021141,-1.596987247467041,-0.05214201658964157,2.2425777912139893,1.2195035219192505
0.6011602878570557,0.6260712146759033,0.07676432281732559,-1.63419508934021,-0.05816623196005821,2.2580366134643555,1.2066097259521484
0.6027125120162964,0.6055073738098145,0.08550932258367538,-1.6700413227081299,-0.06370940059423447,2.2728350162506104,1.193716049194336
0.6045891642570496,0.585600733757019,0.0939517691731453,-1.7046337127685547,-0.06879587471485138,2.287027359008789,1.1808222532272339
0.6068078279495239,0.56629878282547,0.1021062582731247,-1.738061547279358,-0.07344374805688858,2.300656795501709,1.1679285764694214
0.6093764305114746,0.5475558638572693,0.1099945679306984,-1.7704030275344849,-0.07767566293478012,2.313763380050659,1.1550347805023193
0.6123141050338745,0.5293318629264832,0.11762277036905289,-1.8017240762710571,-0.08150217682123184,2.3263790607452393,1.1421411037445068
0.615638017654419,0.5115931034088135,0.12499693036079407,-1.8320821523666382,-0.0849338099360466,2.338533639907837,1.1292474269866943
0.6193675398826599,0.49430933594703674,0.13211891055107117,-1.8615278005599976,-0.08797845989465714,2.350252628326416,1.1163536310195923
0.6235207915306091,0.47745463252067566,0.1389898806810379,-1.8901034593582153,-0.0906440019607544,2.3615574836730957,1.1034599542617798
0.628121018409729,0.46100690960884094,0.14560467004776,-1.9178481101989746,-0.0929345190525055,2.372469425201416,1.0905661582946777
0.6331897974014282,0.44494590163230896,0.1519584357738495,-1.9447941780090332,-0.09485509991645813,2.3830044269561768,1.0776724815368652
0.6387529969215393,0.429254412651062,0.15804046392440796,-1.9709707498550415,-0.09640742093324661,2.3931779861450195,1.0647786855697632
0.6448387503623962,0.4139171540737152,0.1638374924659729,-1.9964028596878052,-0.09759443253278732,2.4030041694641113,1.0518850088119507
0.6514758467674255,0.39892110228538513,0.1693340688943863,-2.0211122035980225,-0.09841668605804443,2.4124937057495117,1.0389912128448486
0.6685901880264282,0.3988233804702759,0.15345405042171478,-2.0198147296905518,-0.08921322226524353,2.4124460220336914,1.0146334171295166
0.6857054829597473,0.3988284170627594,0.13756577670574188,-2.01849365234375,-0.08000897616147995,2.4123449325561523,0.9902755618095398
0.7028170228004456,0.3989368975162506,0.12167336791753769,-2.017148733139038,-0.07080350816249847,2.4121899604797363,0.965917706489563
0.7199174761772156,0.39914757013320923,0.10578352957963943,-2.015780448913574,-0.06159820407629013,2.4119811058044434,0.9415598511695862
0.7370023727416992,0.3994612395763397,0.08990011364221573,-2.0143883228302,-0.05239100754261017,2.41171932220459,0.9172019958496094
0.7540646195411682,0.3998779058456421,0.07403033971786499,-2.012972354888916,-0.04318179190158844,2.4114038944244385,0.8928442001342773
0.7710995078086853,0.40039658546447754,0.05817776545882225,-2.011532783508301,-0.033970728516578674,2.4110350608825684,0.8684863448143005
0.7881002426147461,0.40101727843284607,0.042348697781562805,-2.0100691318511963,-0.02475688047707081,2.410611629486084,0.8441284894943237
0.8050617575645447,0.40174010396003723,0.026548104360699654,-2.00858211517334,-0.015539862215518951,2.410135269165039,0.8197706341743469
0.8219783306121826,0.4025653600692749,0.01078074425458908,-2.007071018218994,-0.006319325417280197,2.4096055030822754,0.7954128384590149
0.8388447761535645,0.4034913182258606,-0.004948617424815893,-2.0055360794067383,0.002904977649450302,2.4090209007263184,0.7710549831390381
0.8556548953056335,0.404519647359848,-0.020634090527892113,-2.0039772987365723,0.012134077027440071,2.4083831310272217,0.7466971278190613
0.8724048733711243,0.4056488275527954,-0.036272626370191574,-2.002394437789917,0.021367697045207024,2.40769100189209,0.7223393321037292
0.8890885710716248,0.406879186630249,-0.05185868591070175,-2.0007882118225098,0.030607204884290695,2.40694522857666,0.6979814767837524
0.9057016968727112,0.4082099199295044,-0.06738848984241486,-1.999157428741455,0.03985214978456497,2.406144857406616,0.6736236214637756
0.9222390651702881,0.4096413254737854,-0.082857146859169,-1.9975028038024902,0.04910408332943916,2.405289888381958,0.6492658257484436
0.9386966228485107,0.4111725389957428,-0.09826144576072693,-1.9958243370056152,0.058362122625112534,2.4043803215026855,0.6249079704284668
0.955069363117218,0.4128042757511139,-0.11359694600105286,-1.994121789932251,0.06762775778770447,2.4034156799316406,0.60055011510849
0.9713537096977234,0.4145349860191345,-0.1288605034351349,-1.9923951625823975,0.07690125703811646,2.4023962020874023,0.576192319393158
0.9875453114509583,0.416365385055542,-0.1440485119819641,-1.9906445741653442,0.08618254214525223,2.4013211727142334,0.5518344640731812
1.0036402940750122,0.4182945787906647,-0.15915748476982117,-1.9888700246810913,0.09547331184148788,2.4001903533935547,0.5274766087532043
1.0196352005004883,0.4203227162361145,-0.17418476939201355,-1.98707115650177,0.10477323085069656,2.3990039825439453,0.5031187534332275
1.0355260372161865,0.42244967818260193,-0.18912656605243683,-1.98524808883667,0.1140831932425499,2.397761106491089,0.4787609279155731
1.0513107776641846,0.42467427253723145,-0.20398199558258057,-1.9834010601043701,0.12340329587459564,2.3964614868164062,0.4544030725955963
1.0669851303100586,0.4269973635673523,-0.2187473475933075,-1.9815298318862915,0.1327345073223114,2.3951048851013184,0.4300452470779419
1.0825467109680176,0.4294179677963257,-0.23342038691043854,-1.979634404182434,0.14207731187343597,2.393691062927246,0.4056873917579651
1.0979938507080078,0.431936115026474,-0.24800050258636475,-1.9777146577835083,0.15143288671970367,2.3922195434570312,0.38132956624031067
1.1133224964141846,0.4345516562461853,-0.2624839246273041,-1.9757708311080933,0.16080030798912048,2.3906893730163574,0.35697174072265625
1.1285306215286255,0.4372634291648865,-0.2768697142601013,-1.9738026857376099,0.1701812595129013,2.389101028442383,0.33261391520500183
1.1436169147491455,0.44007331132888794,-0.291157066822052,-1.971810221672058,0.17957663536071777,2.387453556060791,0.308256059885025
1.158578872680664,0.4429793357849121,-0.30534425377845764,-1.9697933197021484,0.18898606300354004,2.385746479034424,0.2838982045650482
1.173416256904602,0.4459820091724396,-0.3194315433502197,-1.96775221824646,0.19841128587722778,2.3839783668518066,0.2595404386520386
1.1881253719329834,0.44908133149147034,-0.33341580629348755,-1.9656864404678345,0.2078515738248825,2.382150173187256,0.23518256843090057
1.2027063369750977,0.4522770047187805,-0.34729838371276855,-1.9635965824127197,0.21730929613113403,2.380260944366455,0.21082471311092377
1.2171577215194702,0.4555690884590149,-0.36107829213142395,-1.961482286453247,0.22678415477275848,2.378309488296509,0.18646685779094696
1.2314785718917847,0.458957314491272,-0.37475526332855225,-1.9593435525894165,0.23627696931362152,2.376295328140259,0.16210900247097015
1.2456681728363037,0.462441623210907,-0.38832947611808777,-1.9571800231933594,0.24578870832920074,2.374217987060547,0.13775114715099335
1.2597250938415527,0.46602290868759155,-0.4018005132675171,-1.954992651939392,0.25532031059265137,2.372077465057373,0.1133933886885643
1.2736499309539795,0.4697002172470093,-0.41516920924186707,-1.95278000831604,0.2648718059062958,2.369871139526367,0.0890355333685875
1.2874418497085571,0.4734744429588318,-0.4284360408782959,-1.9505431652069092,0.27444466948509216,2.3675999641418457,0.06467767804861069
1.3010995388031006,0.4773455262184143,-0.4416002333164215,-1.9482816457748413,0.2840394675731659,2.365262985229492,0.04031981900334358
1.314624309539795,0.4813132882118225,-0.45466452836990356,-1.945995569229126,0.29365649819374084,2.362858772277832,0.015961963683366776
1.3280161619186401,0.4853786528110504,-0.4676291346549988,-1.943684697151184,0.30329811573028564,2.3603861331939697,-0.008395892567932606
1.341274619102478,0.48954081535339355,-0.48049473762512207,-1.9413493871688843,0.31296372413635254,2.3578453063964844,-0.032753657549619675
1.354400396347046,0.4938015043735504,-0.49326303601264954,-1.938989281654358,0.32265517115592957,2.355234146118164,-0.05711151286959648
1.3673930168151855,0.4981602430343628,-0.5059348344802856,-1.9366042613983154,0.33237338066101074,2.352552890777588,-0.08146937191486359
1.3802540302276611,0.5026176571846008,-0.5185118913650513,-1.934194564819336,0.3421190679073334,2.349799633026123,-0.1058272272348404
1.3929829597473145,0.5071747303009033,-0.5309956073760986,-1.9317600727081299,0.35189288854599,2.3469736576080322,-0.1301850825548172
1.4055808782577515,0.511831521987915,-0.5433874726295471,-1.9293007850646973,0.361696720123291,2.344074249267578,-0.15454284846782684
1.4180487394332886,0.5165885090827942,-0.5556897521018982,-1.9268165826797485,0.37153106927871704,2.341099262237549,-0.17890070378780365
1.4303882122039795,0.5214468240737915,-0.5679052472114563,-1.9243073463439941,0.38139790296554565,2.338047504425049,-0.20325855910778046
1.4425983428955078,0.5264073610305786,-0.5800342559814453,-1.9217733144760132,0.3912968039512634,2.334918975830078,-0.22761641442775726
1.4546798467636108,0.531470537185669,-0.592078447341919,-1.9192143678665161,0.4012303948402405,2.331711769104004,-0.2519741952419281
1.4666353464126587,0.5366377234458923,-0.6040418744087219,-1.9166300296783447,0.41119977831840515,2.3284242153167725,-0.2763320803642273
1.4784654378890991,0.5419092774391174,-0.6159263253211975,-1.9140211343765259,0.4212053418159485,2.3250553607940674,-0.3006899356842041
1.4901708364486694,0.5472868084907532,-0.6277338266372681,-1.9113868474960327,0.43125006556510925,2.3216030597686768,-0.3250477612018585
1.5017532110214233,0.5527708530426025,-0.6394672393798828,-1.9087274074554443,0.4413335919380188,2.318066120147705,-0.3494056463241577
1.513211965560913,0.5583636164665222,-0.6511275768280029,-1.9060428142547607,0.45145803689956665,2.314444065093994,-0.37376341223716736
1.5245516300201416,0.5640659928321838,-0.6627208590507507,-1.903333067893982,0.4616263210773468,2.310732841491699,-0.3981212377548218
1.5357710123062134,0.5698791146278381,-0.6742474436759949,-1.9005980491638184,0.4718385338783264,2.3069324493408203,-0.42247912287712097
1.546871542930603,0.575805127620697,-0.6857100129127502,-1.897837519645691,0.48209652304649353,2.3030407428741455,-0.4468368887901306
1.5578546524047852,0.5818448066711426,-0.6971120834350586,-1.8950519561767578,0.49240192770957947,2.299055814743042,-0.4711948335170746
1.5687220096588135,0.5880003571510315,-0.7084563970565796,-1.8922405242919922,0.5027568936347961,2.294975519180298,-0.49555259943008423
1.5794750452041626,0.5942735075950623,-0.7197465896606445,-1.8894041776657104,0.5131626725196838,2.2907979488372803,-0.5199103355407715
1.590114951133728,0.6006665825843811,-0.730985701084137,-1.8865422010421753,0.5236225128173828,2.286520481109619,-0.5442683100700378
1.6006423234939575,0.607181191444397,-0.7421760559082031,-1.8836545944213867,0.5341367721557617,2.28214168548584,-0.5686260461807251
1.611059546470642,0.6138200759887695,-0.7533223628997803,-1.8807413578033447,0.5447097420692444,2.277658462524414,-0.5929840207099915
1.6213680505752563,0.6205854415893555,-0.7644277215003967,-1.8778022527694702,0.5553417801856995,2.2730679512023926,-0.6173417568206787
1.631568193435669,0.6274794340133667,-0.7754948139190674,-1.874837875366211,0.5660362839698792,2.268368721008301,-0.6416996121406555
1.6416618824005127,0.6345051527023315,-0.7865279912948608,-1.87184739112854,0.5767947435379028,2.2635574340820312,-0.6660574674606323
1.6516505479812622,0.6416647434234619,-0.7975308895111084,-1.8688315153121948,0.5876208543777466,2.2586312294006348,-0.6904153227806091
1.6615357398986816,0.6489624977111816,-0.8085079789161682,-1.8657891750335693,0.5985167622566223,2.253586530685425,-0.7147731781005859
1.6713180541992188,0.6564000844955444,-0.8194616436958313,-1.8627214431762695,0.6094849109649658,2.2484211921691895,-0.7391310334205627
1.6809991598129272,0.6639817953109741,-0.8303967714309692,-1.859627604484558,0.6205288767814636,2.243131637573242,-0.7634888887405396
1.6905810832977295,0.6717115044593811,-0.8413184881210327,-1.856507420539856,0.6316518783569336,2.23771333694458,-0.7878466248512268
1.7000632286071777,0.6795921325683594,-0.8522291779518127,-1.8533616065979004,0.6428569555282593,2.2321646213531494,-0.8122044205665588
1.7094495296478271,0.6876287460327148,-0.8631358742713928,-1.850189208984375,0.654149055480957,2.2264788150787354,-0.8365623354911804
1.718739628791809,0.6958246827125549,-0.8740417957305908,-1.846990704536438,0.6655295491218567,2.220653533935547,-0.8609201312065125
1.7279342412948608,0.7041850686073303,-0.8849509358406067,-1.8437659740447998,0.6770035028457642,2.2146849632263184,-0.885278046131134
1.7370362281799316,0.7127151489257812,-0.8958704471588135,-1.840514898300171,0.6885759830474854,2.208566665649414,-0.9096358418464661
1.746044635772705,0.7214198112487793,-0.9068031907081604,-1.8372371196746826,0.7002498507499695,2.2022953033447266,-0.9339935779571533
1.7549617290496826,0.730303943157196,-0.917755126953125,-1.8339329957962036,0.7120305299758911,2.1958656311035156,-0.9583515524864197
1.7637895345687866,0.7393745183944702,-0.928733766078949,-1.8306024074554443,0.7239232063293457,2.1892709732055664,-0.9827092885971069
1.7725273370742798,0.748637855052948,-0.9397432208061218,-1.8272448778152466,0.7359336614608765,2.1825060844421387,-1.007067322731018
1.7811776399612427,0.7581006288528442,-0.9507908225059509,-1.8238606452941895,0.7480672597885132,2.1755645275115967,-1.0314249992370605
1.7897404432296753,0.7677689790725708,-0.9618816375732422,-1.8204498291015625,0.7603290677070618,2.168440818786621,-1.0557830333709717
1.7982174158096313,0.777652382850647,-0.973024308681488,-1.8170117139816284,0.7727272510528564,2.161125659942627,-1.0801407098770142
1.8066085577011108,0.7877586483955383,-0.9842246174812317,-1.813546895980835,0.7852680683135986,2.153613328933716,-1.1044985055923462
1.8149155378341675,0.7980971932411194,-0.9954913854598999,-1.8100547790527344,0.7979597449302673,2.1458942890167236,-1.1288564205169678
1.8231385946273804,0.8086769580841064,-1.0068318843841553,-1.8065356016159058,0.8108094930648804,2.137960433959961,-1.1532142162322998
1.8312788009643555,0.8195093274116516,-1.0182554721832275,-1.8029890060424805,0.8238272070884705,2.1298019886016846,-1.1775721311569214
1.8393373489379883,0.830608069896698,-1.0297729969024658,-1.7994147539138794,0.8370242714881897,2.1214072704315186,-1.2019299268722534
1.8473137617111206,0.8419802784919739,-1.0413910150527954,-1.7958135604858398,0.8504067659378052,2.1127676963806152,-1.226287603378296
1.8552076816558838,0.8536428213119507,-1.0531209707260132,-1.792184591293335,0.8639876842498779,2.103870391845703,-1.250645637512207
1.8630205392837524,0.8656092286109924,-1.0649750232696533,-1.7885282039642334,0.8777796626091003,2.0947024822235107,-1.2750033140182495
1.8707534074783325,0.8778980374336243,-1.0769672393798828,-1.7848435640335083,0.8917978405952454,2.08524751663208,-1.2993613481521606
1.8784058094024658,0.8905258178710938,-1.0891103744506836,-1.7811312675476074,0.906056821346283,2.075490713119507,-1.3237190246582031
1.8859775066375732,0.9035111665725708,-1.1014180183410645,-1.7773910760879517,0.9205710887908936,2.065415859222412,-1.3480769395828247
1.8934688568115234,0.9168781042098999,-1.113909125328064,-1.773622751235962,0.9353616833686829,2.055001735687256,-1.3724347352981567
1.900879144668579,0.9306499361991882,-1.1266000270843506,-1.769826054573059,0.9504489302635193,2.0442280769348145,-1.3967926502227783
1.9082081317901611,0.9448537826538086,-1.1395117044448853,-1.7660011053085327,0.9658543467521667,2.0330705642700195,-1.4211504459381104
1.9154558181762695,0.9595202207565308,-1.1526674032211304,-1.7621477842330933,0.9816052317619324,2.0215024948120117,-1.445508360862732
1.9226198196411133,0.9746834635734558,-1.166090726852417,-1.7582658529281616,0.9977303147315979,2.009493827819824,-1.469866156578064
1.929700255393982,0.9903839826583862,-1.1798125505447388,-1.7543550729751587,1.0142645835876465,1.99700927734375,-1.4942240715026855
1.9366940259933472,1.0066646337509155,-1.1938635110855103,-1.750415563583374,1.0312438011169434,1.9840115308761597,-1.518581748008728
1.9436010122299194,1.0235798358917236,-1.208284616470337,-1.746446967124939,1.0487158298492432,1.9704523086547852,-1.5429396629333496
1.950422763824463,1.0411888360977173,-1.2231221199035645,-1.742449164390564,1.0667312145233154,1.9562807083129883,-1.5672974586486816
1.957146167755127,1.0595629215240479,-1.2384207248687744,-1.7384222745895386,1.0853519439697266,1.9414345026016235,-1.5916553735733032
1.9637717008590698,1.078788161277771,-1.254246473312378,-1.734365701675415,1.104653239250183,1.9258383512496948,-1.6160131692886353
1.9432227611541748,1.081883192062378,-1.2439042329788208,-1.7069157361984253,1.0987569093704224,1.9226020574569702,-1.6332576274871826
1.9227287769317627,1.0858793258666992,-1.2340847253799438,-1.678879737854004,1.093479037284851,1.9186427593231201,-1.65050208568573
1.9022951126098633,1.090795636177063,-1.2248529195785522,-1.6502163410186768,1.0888737440109253,1.913945198059082,-1.6677464246749878
1.8819293975830078,1.0966651439666748,-1.2162905931472778,-1.6208778619766235,1.0850129127502441,1.9084817171096802,-1.6849908828735352
1.8616358041763306,1.1035237312316895,-1.2084869146347046,-1.5908124446868896,1.0819764137268066,1.9022223949432373,-1.7022353410720825
1.8414208889007568,1.1114250421524048,-1.201555848121643,-1.5599589347839355,1.079870581626892,1.895120620727539,-1.7194796800613403
1.821286916732788,1.120432734489441,-1.1956279277801514,-1.5282495021820068,1.0788211822509766,1.8871244192123413,-1.7367242574691772
1.8012378215789795,1.1306326389312744,-1.1908702850341797,-1.4956037998199463,1.078991413116455,1.878159523010254,-1.7539687156677246
1.7812740802764893,1.142129898071289,-1.1874852180480957,-1.4619309902191162,1.0805814266204834,1.8681379556655884,-1.7712130546569824
1.7613972425460815,1.155064582824707,-1.1857362985610962,-1.427121877670288,1.0838558673858643,1.8569402694702148,-1.7884575128555298
1.7416049242019653,1.1696183681488037,-1.1859626770019531,-1.3910489082336426,1.0891594886779785,1.8444139957427979,-1.8057019710540771
1.7218929529190063,1.1860344409942627,-1.188619613647461,-1.3535563945770264,1.0969569683074951,1.8303524255752563,-1.822946310043335
1.7022545337677002,1.2046444416046143,-1.1943316459655762,-1.3144574165344238,1.1078898906707764,1.8144760131835938,-1.8401907682418823
