0.37969550490379333,1.16413152217865,1.0078895092010498,-1.1216483116149902,-0.9384495615959167,1.8439507484436035,-1.063791036605835
0.43005985021591187,1.0760672092437744,0.8593400716781616,-1.1601779460906982,-0.786816418170929,1.914905071258545,-1.0653282403945923
0.48297926783561707,1.0076730251312256,0.7353732585906982,-1.1957571506500244,-0.662996232509613,1.9691917896270752,-1.0668654441833496
0.5381795763969421,0.9520689249038696,0.6253519058227539,-1.2287747859954834,-0.5557065606117249,2.0127146244049072,-1.068402647972107
0.5955288410186768,0.905891478061676,0.5240588188171387,-1.2595272064208984,-0.45941317081451416,2.048403263092041,-1.0699398517608643
0.6549118757247925,0.867207407951355,0.42851492762565613,-1.2882494926452637,-0.3709193170070648,2.0779662132263184,-1.0714770555496216
0.7162114977836609,0.8348034024238586,0.3368578553199768,-1.315129041671753,-0.2881808280944824,2.102497100830078,-1.073014259338379
0.7792844176292419,0.8078780770301819,0.24787431955337524,-1.3403191566467285,-0.20980127155780792,2.1227364540100098,-1.0745514631271362
0.8439575433731079,0.785884439945221,0.16075532138347626,-1.3639476299285889,-0.13477252423763275,2.1392030715942383,-1.0760886669158936
0.9100205302238464,0.7684425711631775,0.07496903836727142,-1.386122226715088,-0.06233387067914009,2.1522669792175293,-1.0776258707046509
0.977226734161377,0.7552930116653442,-0.009821170940995216,-1.4069349765777588,0.008109631948173046,2.162188768386841,-1.0791630744934082
1.0452935695648193,0.7462630271911621,-0.0938076451420784,-1.426464319229126,0.0770401656627655,2.1691477298736572,-1.0807002782821655
1.1139116287231445,0.7412449717521667,-0.17708206176757812,-1.4447810649871826,0.14486423134803772,2.1732563972473145,-1.0822374820709229
1.1827497482299805,0.7401902079582214,-0.2596640884876251,-1.461944818496704,0.21193698048591614,2.1745667457580566,-1.0837745666503906
1.2514686584472656,0.7430970668792725,-0.3415348529815674,-1.4780113697052002,0.27858230471611023,2.173078775405884,-1.0853118896484375
1.3197274208068848,0.7500132322311401,-0.4226560592651367,-1.4930298328399658,0.3451075553894043,2.168738842010498,-1.0868490934371948
1.3872014284133911,0.7610414624214172,-0.5030050873756409,-1.5070443153381348,0.41182124614715576,2.1614341735839844,-1.0883862972259521
1.4535855054855347,0.7763466835021973,-0.5825913548469543,-1.5200963020324707,0.4790470600128174,2.150986909866333,-1.08992338180542
1.5186035633087158,0.796173095703125,-0.6614816784858704,-1.5322237014770508,0.5471435785293579,2.137143135070801,-1.0914605855941772
1.582015037536621,0.8208748698234558,-0.7398348450660706,-1.543461561203003,0.6165328025817871,2.11954402923584,-1.0929977893829346
1.6436128616333008,0.8509527444839478,-0.817926824092865,-1.5538430213928223,0.6877327561378479,2.09769606590271,-1.094534993171692
1.7032238245010376,0.8871299028396606,-0.8962103724479675,-1.5633997917175293,0.7614232897758484,2.070906400680542,-1.0960721969604492
1.7606911659240723,0.9304671883583069,-0.9753863215446472,-1.572162389755249,0.8385413885116577,2.038186550140381,-1.0976094007492065
1.8158693313598633,0.9826030135154724,-1.0565838813781738,-1.580157995223999,0.9204956889152527,1.9980416297912598,-1.0991466045379639
1.8685872554779053,1.0462275743484497,-1.14170241355896,-1.5874159336090088,1.0095833539962769,1.948061227798462,-1.1006838083267212
1.9185526371002197,1.1263412237167358,-1.2343395948410034,-1.5939626693725586,1.1101247072219849,1.8838331699371338,-1.1022210121154785
1.9651093482971191,1.2345309257507324,-1.3431003093719482,-1.5998239517211914,1.232407569885254,1.7952542304992676,-1.1037582159042358
1.9599071741104126,1.202460765838623,-1.3165028095245361,-1.6096922159194946,1.2003605365753174,1.8219408988952637,-1.0802881717681885
1.9545135498046875,1.1731276512145996,-1.2923076152801514,-1.6194560527801514,1.1710829734802246,1.846254825592041,-1.0568181276321411
1.9489606618881226,1.1459712982177734,-1.2700161933898926,-1.6291158199310303,1.1439988613128662,1.8686772584915161,-1.0333482027053833
1.9432686567306519,1.120591640472412,-1.2492716312408447,-1.6386765241622925,1.1186970472335815,1.889552354812622,-1.009878158569336
1.9374525547027588,1.0967051982879639,-1.229819416999817,-1.648138165473938,1.0948846340179443,1.9091235399246216,-0.9864081144332886
1.9315249919891357,1.0740978717803955,-1.2114686965942383,-1.6575034856796265,1.0723419189453125,1.927574872970581,-0.962938129901886
1.9254915714263916,1.0525991916656494,-1.1940635442733765,-1.6667747497558594,1.0508918762207031,1.9450539350509644,-0.9394680857658386
1.9193611145019531,1.0320786237716675,-1.177487850189209,-1.675952672958374,1.0303990840911865,1.9616725444793701,-0.915998101234436
1.9131321907043457,1.012426733970642,-1.1616363525390625,-1.6850395202636719,1.0107507705688477,1.9775257110595703,-0.8925280570983887
1.9068197011947632,0.9935539960861206,-1.1464369297027588,-1.6940374374389648,0.9918543100357056,1.9926899671554565,-0.8690580725669861
1.9004194736480713,0.9753852486610413,-1.131814956665039,-1.7029476165771484,0.9736310839653015,2.007230758666992,-0.8455880284309387
1.893936276435852,0.9578587412834167,-1.1177154779434204,-1.711771845817566,0.9560176730155945,2.0212008953094482,-0.8221180438995361
1.887369155883789,0.9409189820289612,-1.1040846109390259,-1.7205109596252441,0.9389553070068359,2.034648895263672,-0.7986479997634888
1.8807204961776733,0.9245202541351318,-1.0908809900283813,-1.7291669845581055,0.9223971366882324,2.047614097595215,-0.7751780152320862
1.8739911317825317,0.9086208939552307,-1.0780657529830933,-1.7377409934997559,0.9062992930412292,2.0601325035095215,-0.7517079710960388
1.8671818971633911,0.8931857943534851,-1.0656054019927979,-1.746234655380249,0.8906259536743164,2.072234869003296,-0.7282379865646362
1.8602919578552246,0.8781833648681641,-1.0534696578979492,-1.7546486854553223,0.8753435015678406,2.0839481353759766,-0.7047679424285889
1.8533223867416382,0.8635849356651306,-1.0416313409805298,-1.762984275817871,0.8604217171669006,2.095297336578369,-0.6812978982925415
1.846272349357605,0.8493663668632507,-1.0300668478012085,-1.7712430953979492,0.8458362221717834,2.1063036918640137,-0.6578279137611389
1.8391417264938354,0.835504412651062,-1.0187535285949707,-1.7794259786605835,0.8315616846084595,2.1169872283935547,-0.6343578696250916
1.83193039894104,0.8219798803329468,-1.0076725482940674,-1.7875335216522217,0.8175787925720215,2.12736439704895,-0.610887885093689
1.8246368169784546,0.8087731599807739,-0.9968040585517883,-1.795567274093628,0.8038667440414429,2.1374526023864746,-0.5874178409576416
1.817260503768921,0.7958677411079407,-0.9861317873001099,-1.8035283088684082,0.7904086112976074,2.147265911102295,-0.563947856426239
1.8098000288009644,0.7832493185997009,-0.9756399393081665,-1.811416745185852,0.7771881818771362,2.1568174362182617,-0.5404778718948364
1.8022550344467163,0.7709032297134399,-0.9653147459030151,-1.8192346096038818,0.7641916871070862,2.166119337081909,-0.5170078277587891
1.7946231365203857,0.7588159441947937,-0.9551407098770142,-1.8269819021224976,0.7514035105705261,2.1751837730407715,-0.4935377836227417
1.7869043350219727,0.7469776272773743,-0.9451080560684204,-1.8346595764160156,0.7388137578964233,2.184019088745117,-0.4700677990913391
1.779096245765686,0.7353758215904236,-0.9352026581764221,-1.8422690629959106,0.7264102101325989,2.192636489868164,-0.44659775495529175
1.7711975574493408,0.7240012884140015,-0.9254143238067627,-1.8498101234436035,0.7141814827919006,2.2010440826416016,-0.42312777042388916
1.763205885887146,0.7128443717956543,-0.9157314300537109,-1.8572843074798584,0.7021185159683228,2.2092506885528564,-0.3996577262878418
1.755120038986206,0.701896607875824,-0.906144380569458,-1.8646918535232544,0.6902115941047668,2.2172627449035645,-0.3761877417564392
1.7469393014907837,0.6911503672599792,-0.8966453075408936,-1.8720335960388184,0.6784533262252808,2.2250876426696777,-0.35271769762039185
1.7386586666107178,0.680597722530365,-0.8872215151786804,-1.8793100118637085,0.6668345928192139,2.2327330112457275,-0.3292476534843445
1.730278730392456,0.670231819152832,-0.8778670430183411,-1.8865220546722412,0.6553483009338379,2.240203857421875,-0.3057776689529419
1.7217962741851807,0.6600460410118103,-0.8685721755027771,-1.8936703205108643,0.6439880728721619,2.247506618499756,-0.2823076844215393
1.7132079601287842,0.6500346660614014,-0.859328031539917,-1.9007548093795776,0.6327464580535889,2.2546467781066895,-0.25883764028549194
1.7045124769210815,0.6401917338371277,-0.8501278758049011,-1.9077765941619873,0.6216177940368652,2.2616288661956787,-0.23536765575408936
1.6957067251205444,0.6305117607116699,-0.8409627676010132,-1.9147361516952515,0.6105961203575134,2.268458604812622,-0.211897611618042
1.6867883205413818,0.6209901571273804,-0.831825852394104,-1.9216340780258179,0.5996763110160828,2.275139570236206,-0.18842756748199463
1.6777551174163818,0.611622154712677,-0.8227105140686035,-1.9284703731536865,0.5888529419898987,2.2816758155822754,-0.16495756804943085
1.668601632118225,0.6024027466773987,-0.8136066198348999,-1.9352461099624634,0.5781211853027344,2.2880733013153076,-0.14148752391338348
1.6593276262283325,0.5933287143707275,-0.8045099377632141,-1.9419610500335693,0.5674764513969421,2.2943334579467773,-0.11801757663488388
1.6499282121658325,0.5843956470489502,-0.7954116463661194,-1.9486162662506104,0.5569142699241638,2.300461530685425,-0.0945475623011589
1.640400767326355,0.5755997896194458,-0.7863053679466248,-1.955212116241455,0.5464307069778442,2.306460380554199,-0.07107752561569214
1.6307408809661865,0.5669379830360413,-0.7771833539009094,-1.9617486000061035,0.5360214710235596,2.312333106994629,-0.047607485204935074
1.6209464073181152,0.5584070682525635,-0.7680403590202332,-1.9682263135910034,0.5256832242012024,2.318082809448242,-0.02413744293153286
1.6110129356384277,0.5500034689903259,-0.7588681578636169,-1.974645733833313,0.5154120922088623,2.3237128257751465,-0.0006674329633824527
1.6009362936019897,0.5417249202728271,-0.749660074710846,-1.9810068607330322,0.505205512046814,2.3292253017425537,0.022802511230111122
1.590712308883667,0.5335684418678284,-0.7404087781906128,-1.9873104095458984,0.4950586259365082,2.334623336791992,0.04627252370119095
1.5803357362747192,0.5255315899848938,-0.731106698513031,-1.9935563802719116,0.4849695563316345,2.3399100303649902,0.06974256038665771
1.5698060989379883,0.5176121592521667,-0.7217506170272827,-1.999745488166809,0.47493526339530945,2.3450863361358643,0.09321260452270508
1.5591150522232056,0.5098076462745667,-0.7123293280601501,-2.0058774948120117,0.46495309472084045,2.3501553535461426,0.11668264120817184
1.548258900642395,0.5021165609359741,-0.7028372287750244,-2.0119528770446777,0.45501989126205444,2.355119228363037,0.14015264809131622
1.5372332334518433,0.4945359528064728,-0.6932673454284668,-2.017972230911255,0.4451327919960022,2.359980344772339,0.16362260282039642
1.5260331630706787,0.4870651662349701,-0.683612585067749,-2.023935317993164,0.4352901875972748,2.3647398948669434,0.1870926469564438
1.5146536827087402,0.4797019362449646,-0.6738663911819458,-2.0298428535461426,0.42548906803131104,2.3694000244140625,0.21056267619132996
1.5030869245529175,0.47244492173194885,-0.6640181541442871,-2.0356945991516113,0.41572773456573486,2.3739638328552246,0.23403266072273254
1.491331696510315,0.4652925431728363,-0.6540653109550476,-2.0414905548095703,0.4060039818286896,2.3784306049346924,0.2575027048587799
1.479378342628479,0.4582440257072449,-0.643996000289917,-2.047231912612915,0.396314799785614,2.3828043937683105,0.28097274899482727
1.4672224521636963,0.4512975513935089,-0.6338041424751282,-2.052917957305908,0.38665908575057983,2.387085437774658,0.30444279313087463
1.4548594951629639,0.4444526135921478,-0.6234837174415588,-2.058549404144287,0.3770350515842438,2.391274929046631,0.32791268825531006
1.4422792196273804,0.4377078711986542,-0.6130225658416748,-2.0641260147094727,0.3674398362636566,2.395376205444336,0.3513827323913574
1.429479956626892,0.43106308579444885,-0.602417528629303,-2.069648265838623,0.357872873544693,2.399388074874878,0.3748527765274048
1.416450023651123,0.4245164096355438,-0.5916553735733032,-2.0751161575317383,0.3483307659626007,2.4033141136169434,0.39832282066345215
1.4031860828399658,0.41806837916374207,-0.5807310342788696,-2.0805299282073975,0.3388136625289917,2.407154083251953,0.4217928647994995
1.3896806240081787,0.411718487739563,-0.5696361660957336,-2.0858893394470215,0.32931917905807495,2.410909652709961,0.4452629089355469
1.3759242296218872,0.4054661989212036,-0.5583594441413879,-2.0911951065063477,0.3198457956314087,2.4145829677581787,0.4687328040599823
1.3619115352630615,0.3993107080459595,-0.5468941926956177,-2.096446990966797,0.31039223074913025,2.4181735515594482,0.49220284819602966
1.3476344347000122,0.39325234293937683,-0.5352314114570618,-2.1016452312469482,0.3009566366672516,2.4216833114624023,0.5156729221343994
1.333085298538208,0.3872912526130676,-0.523360013961792,-2.1067895889282227,0.29153886437416077,2.425112724304199,0.5391428470611572
1.3182549476623535,0.3814273178577423,-0.5112735033035278,-2.1118805408477783,0.28213581442832947,2.4284632205963135,0.5626128911972046
1.3031370639801025,0.37565988302230835,-0.49896183609962463,-2.1169183254241943,0.2727470397949219,2.4317359924316406,0.586082935333252
1.287721872329712,0.3699909448623657,-0.48641493916511536,-2.1219024658203125,0.2633717358112335,2.4349312782287598,0.6095528602600098
1.2720017433166504,0.3644196689128876,-0.4736238420009613,-2.126833200454712,0.2540081739425659,2.4380505084991455,0.6330229043960571
1.2559679746627808,0.35894665122032166,-0.46057841181755066,-2.131711006164551,0.24465474486351013,2.441093921661377,0.6564929485321045
1.2396126985549927,0.35357287526130676,-0.4472700357437134,-2.136535167694092,0.2353116124868393,2.4440622329711914,0.6799629926681519
1.1413648128509521,0.35994452238082886,-0.35182130336761475,-2.107778549194336,0.18885481357574463,2.4385440349578857,0.7112347483634949
1.046006441116333,0.369525671005249,-0.2584491968154907,-2.0781970024108887,0.14207494258880615,2.4314866065979004,0.7425065636634827
0.9544851779937744,0.3822271525859833,-0.16801656782627106,-2.0477523803710938,0.09487380087375641,2.4228639602661133,0.7737783193588257
0.8674572706222534,0.39795541763305664,-0.0810820609331131,-2.016401529312134,0.04713895916938782,2.412630558013916,0.8050500750541687
0.7852948904037476,0.41662585735321045,0.0020975819788873196,-1.9840971231460571,-0.0012577492743730545,2.400721549987793,0.8363218307495117
0.7081270217895508,0.43817755579948425,0.08152783662080765,-1.950785517692566,-0.05046676844358444,2.387050151824951,0.8675936460494995
0.6358925700187683,0.46258464455604553,0.1574312001466751,-1.916407823562622,-0.1006666049361229,2.371504783630371,0.8988654017448425
0.568397045135498,0.48986759781837463,0.23019692301750183,-1.8808960914611816,-0.1520693302154541,2.353944778442383,0.9301371574401855
0.5053600668907166,0.5201038718223572,0.30034399032592773,-1.844173550605774,-0.2049327939748764,2.33419132232666,0.9614089727401733
0.44645917415618896,0.5534374117851257,0.3684902787208557,-1.8061518669128418,-0.25957566499710083,2.3120217323303223,0.9926806688308716
0.3913552165031433,0.5900952816009521,0.43535083532333374,-1.7667293548583984,-0.31639814376831055,2.287153720855713,1.0239524841308594
0.3397161662578583,0.630409836769104,0.501735508441925,-1.7257864475250244,-0.3759118318557739,2.2592263221740723,1.0552242994308472
0.29123082756996155,0.6748501658439636,0.5685893297195435,-1.6831836700439453,-0.43878859281539917,2.227771043777466,1.0864959955215454
0.3301878869533539,0.6546204686164856,0.5128692984580994,-1.6908032894134521,-0.3913290798664093,2.2416787147521973,1.0545920133590698
0.37050679326057434,0.636601448059082,0.4566757082939148,-1.6979589462280273,-0.3447704613208771,2.2539186477661133,1.0226880311965942
0.41213157773017883,0.6206898093223572,0.3999342620372772,-1.7046546936035156,-0.29897940158843994,2.2646102905273438,0.9907840490341187
0.4549843966960907,0.6068059802055359,0.34261542558670044,-1.7108941078186035,-0.25384223461151123,2.2738513946533203,0.9588800668716431
0.4989683926105499,0.5948879718780518,0.2847145199775696,-1.7166812419891357,-0.20925775170326233,2.2817234992980957,0.9269760847091675
0.5439625978469849,0.5848890542984009,0.22626478970050812,-1.7220196723937988,-0.16513805091381073,2.2882919311523438,0.8950721025466919
0.589824914932251,0.5767744183540344,0.16732840240001678,-1.7269126176834106,-0.12140385806560516,2.293609619140625,0.8631681203842163
0.6363924145698547,0.5705185532569885,0.10799465328454971,-1.7313636541366577,-0.07798227667808533,2.297718048095703,0.8312641382217407
0.683485746383667,0.5661027431488037,0.048374373465776443,-1.7353758811950684,-0.03480679169297218,2.300647735595703,0.7993602156639099
0.7309103012084961,0.5635138154029846,-0.011402837000787258,-1.738952398300171,0.008185706101357937,2.302419900894165,0.7674562335014343
0.7784630060195923,0.5627447366714478,-0.07119599729776382,-1.742096185684204,0.05105491727590561,2.303048610687256,0.7355522513389587
0.8259363174438477,0.5637914538383484,-0.1308586597442627,-1.7448101043701172,0.09386025369167328,2.302536725997925,0.7036482691764832
0.873123288154602,0.5666543245315552,-0.19024330377578735,-1.7470974922180176,0.13665825128555298,2.3008804321289062,0.6717442870140076
0.919823944568634,0.5713369846343994,-0.2492104321718216,-1.7489609718322754,0.17950744926929474,2.2980666160583496,0.639840304851532
0.9658494591712952,0.5778498649597168,-0.3076325058937073,-1.7504030466079712,0.22246715426445007,2.2940731048583984,0.6079363226890564
1.011026382446289,0.5862084031105042,-0.3653993010520935,-1.7514266967773438,0.26559922099113464,2.2888689041137695,0.5760323405265808
1.055201530456543,0.5964351892471313,-0.42242419719696045,-1.7520347833633423,0.3089698851108551,2.282411813735962,0.5441283583641052
1.0982394218444824,0.608563244342804,-0.47864294052124023,-1.752230167388916,0.35264888405799866,2.274649143218994,0.5122243762016296
1.1400301456451416,0.6226375699043274,-0.53402179479599,-1.7520151138305664,0.39671438932418823,2.265514850616455,0.48032042384147644
1.1804845333099365,0.638717770576477,-0.5885571241378784,-1.7513928413391113,0.4412540793418884,2.254927158355713,0.44841644167900085
1.2195343971252441,0.6568831205368042,-0.6422752737998962,-1.7503654956817627,0.48636531829833984,2.2427875995635986,0.41651248931884766
1.2571319341659546,0.6772362589836121,-0.6952359080314636,-1.7489361763000488,0.5321618914604187,2.228975296020508,0.3846084773540497
1.2932448387145996,0.699908971786499,-0.7475321292877197,-1.7471073865890503,0.5787754654884338,2.2133445739746094,0.3527045249938965
1.3278591632843018,0.7250723838806152,-0.7992972135543823,-1.7448813915252686,0.6263662576675415,2.1957147121429443,0.3208005428314209
1.3609708547592163,0.7529457211494446,-0.8507049083709717,-1.742261290550232,0.6751267313957214,2.175863742828369,0.2888965606689453
1.392585039138794,0.7838125228881836,-0.9019792675971985,-1.7392492294311523,0.7252979278564453,2.1535134315490723,0.2569925785064697
1.3160614967346191,0.7131261229515076,-0.8001044988632202,-1.7639540433883667,0.621914803981781,2.204885959625244,0.273135781288147
1.2330524921417236,0.6541001796722412,-0.6986209154129028,-1.787018060684204,0.5252910852432251,2.2463314533233643,0.2892789840698242
1.1431317329406738,0.6046494245529175,-0.5952933430671692,-1.8084766864776611,0.4334699809551239,2.2799062728881836,0.30542218685150146
1.0459794998168945,0.5635281205177307,-0.48858657479286194,-1.8283593654632568,0.3451562821865082,2.306962728500366,0.3215653896331787
0.9415198564529419,0.5300087928771973,-0.37755075097084045,-1.8466938734054565,0.2594359219074249,2.3284239768981934,0.33770859241485596
0.8300572633743286,0.5036987662315369,-0.2618257403373718,-1.863505244255066,0.17563095688819885,2.3449323177337646,0.3538517951965332
0.7124106884002686,0.48442596197128296,-0.14169901609420776,-1.8788167238235474,0.0932137742638588,2.3569276332855225,0.36999499797821045
0.7638834118843079,0.5007985830307007,-0.20480945706367493,-1.8591303825378418,0.1371878832578659,2.346364736557007,0.33824554085731506
0.8132795691490173,0.5192888975143433,-0.2666708827018738,-1.8387700319290161,0.18204152584075928,2.334372043609619,0.3064960539340973
0.8605476021766663,0.5399596691131592,-0.3273598551750183,-1.8177094459533691,0.22790223360061646,2.320845603942871,0.2747465968132019
0.9056777954101562,0.5628966093063354,-0.38701504468917847,-1.7959210872650146,0.2749192416667938,2.305661678314209,0.24299712479114532
0.9486949443817139,0.5882189273834229,-0.4458380937576294,-1.7733745574951172,0.32327258586883545,2.288668632507324,0.21124766767024994
0.9896487593650818,0.6160856485366821,-0.504091739654541,-1.7500344514846802,0.37317994236946106,2.2696828842163086,0.17949821054935455
1.0286078453063965,0.6467050313949585,-0.5621031522750854,-1.7258652448654175,0.4249093234539032,2.248481035232544,0.14774872362613678
1.0656527280807495,0.6803516745567322,-0.6202749013900757,-1.700824499130249,0.4787963032722473,2.2247824668884277,0.1159992665052414
1.1008679866790771,0.7173894047737122,-0.6791000366210938,-1.6748661994934082,0.5352689623832703,2.198234796524048,0.08424980193376541
1.134337067604065,0.7583014369010925,-0.7391911149024963,-1.6479380130767822,0.5948827266693115,2.168383836746216,0.05250033736228943
1.1661381721496582,0.8037458658218384,-0.8013350963592529,-1.6199811697006226,0.6583872437477112,2.1346254348754883,0.020750874653458595
1.1963361501693726,0.8546459674835205,-0.8665814995765686,-1.5909290313720703,0.7268251776695251,2.096130132675171,-0.010998590849339962
1.224969744682312,0.9123523831367493,-0.9364064931869507,-1.5607037544250488,0.8017233610153198,2.051701307296753,-0.04274805262684822
1.2097057104110718,0.8896105885505676,-0.9122745990753174,-1.5752813816070557,0.774782121181488,2.0693960189819336,-0.0629308894276619
1.1941505670547485,0.867912232875824,-0.888982892036438,-1.5895378589630127,0.7489061951637268,2.0861711502075195,-0.08311372250318527
1.17830228805542,0.8471614122390747,-0.8664125204086304,-1.6034820079803467,0.7239725589752197,2.1021087169647217,-0.10329654812812805
1.1621547937393188,0.827277660369873,-0.8444583415985107,-1.6171228885650635,0.6998762488365173,2.1172804832458496,-0.12347938865423203
1.145704746246338,0.8081934452056885,-0.8230336308479309,-1.6304690837860107,0.6765285730361938,2.1317453384399414,-0.1436622142791748
1.1289453506469727,0.7898497581481934,-0.802058756351471,-1.6435277462005615,0.653854250907898,2.1455557346343994,-0.16384504735469818
1.1118704080581665,0.77219557762146,-0.7814642786979675,-1.6563059091567993,0.6317849159240723,2.158756732940674,-0.18402788043022156
1.0944737195968628,0.7551877498626709,-0.7611898183822632,-1.668809413909912,0.610264003276825,2.171387195587158,-0.20421071350574493
1.0767477750778198,0.7387866973876953,-0.741178572177887,-1.681045413017273,0.5892399549484253,2.1834826469421387,-0.2243935465812683
1.0586836338043213,0.7229588031768799,-0.7213785648345947,-1.6930190324783325,0.5686669945716858,2.195075035095215,-0.2445763796567917
1.0402748584747314,0.7076749801635742,-0.7017457485198975,-1.7047346830368042,0.5485060811042786,2.2061893939971924,-0.26475921273231506
1.0215115547180176,0.692908525466919,-0.6822356581687927,-1.7161974906921387,0.5287202000617981,2.2168519496917725,-0.28494203090667725
1.002387285232544,0.6786358952522278,-0.6628106832504272,-1.7274127006530762,0.5092779397964478,2.2270843982696533,-0.30512484908103943
0.9828901290893555,0.6648368239402771,-0.6434313058853149,-1.7383835315704346,0.4901491403579712,2.2369072437286377,-0.325307697057724
0.9630140066146851,0.651492178440094,-0.6240659952163696,-1.7491142749786377,0.4713081121444702,2.246337413787842,-0.34549054503440857
0.9427482485771179,0.6385869383811951,-0.604681134223938,-1.7596077919006348,0.45273125171661377,2.255391836166382,-0.36567339301109314
0.9220836162567139,0.6261053085327148,-0.5852463841438293,-1.7698687314987183,0.4343957304954529,2.2640862464904785,-0.3858562111854553
0.9010120034217834,0.6140361428260803,-0.565734326839447,-1.779898762702942,0.41628381609916687,2.272432804107666,-0.4060390293598175
0.8795230388641357,0.6023668050765991,-0.546116292476654,-1.7897015810012817,0.39837512373924255,2.280445098876953,-0.4262218475341797
0.857607901096344,0.5910874605178833,-0.5263674259185791,-1.7992801666259766,0.3806530833244324,2.2881345748901367,-0.44640469551086426
0.8352576494216919,0.5801905393600464,-0.506463348865509,-1.8086358308792114,0.36310306191444397,2.295510768890381,-0.46658754348754883
0.8124644160270691,0.5696673393249512,-0.4863818883895874,-1.8177719116210938,0.34571078419685364,2.302584171295166,-0.486770361661911
0.7892202138900757,0.5595122575759888,-0.46610164642333984,-1.826690435409546,0.32846301794052124,2.3093628883361816,-0.5069531798362732
0.7655171155929565,0.549719512462616,-0.4456027150154114,-1.835392951965332,0.311347633600235,2.3158552646636963,-0.5271360278129578
0.7413473129272461,0.5402839183807373,-0.42486515641212463,-1.8438817262649536,0.29435285925865173,2.3220694065093994,-0.5473188757896423
0.7167060375213623,0.5312026739120483,-0.40387311577796936,-1.8521584272384644,0.27746909856796265,2.3280115127563477,-0.5675016641616821
0.6915862560272217,0.5224730968475342,-0.3826097249984741,-1.8602243661880493,0.26068568229675293,2.3336880207061768,-0.5876845121383667
0.6659852266311646,0.5140916109085083,-0.3610619604587555,-1.8680812120437622,0.24399393796920776,2.339104652404785,-0.6078673601150513
0.6398986577987671,0.5060579180717468,-0.3392167389392853,-1.8757299184799194,0.22738590836524963,2.344266653060913,-0.6280502080917358
0.6133247017860413,0.49837034940719604,-0.3170624375343323,-1.883172869682312,0.21085263788700104,2.349179983139038,-0.6482329964637756
0.5862630605697632,0.4910285472869873,-0.29459095001220703,-1.8904098272323608,0.19438721239566803,2.3538477420806885,-0.6684158444404602
0.5587142109870911,0.4840334355831146,-0.27179452776908875,-1.8974432945251465,0.17798277735710144,2.3582751750946045,-0.6885986924171448
0.530681848526001,0.4773848354816437,-0.2486688196659088,-1.9042727947235107,0.16163261234760284,2.3624649047851562,-0.7087814807891846
0.5021691918373108,0.4710846245288849,-0.2252097725868225,-1.9109002351760864,0.14533011615276337,2.366422176361084,-0.7289643883705139
0.4731842279434204,0.4651336073875427,-0.20141810178756714,-1.9173263311386108,0.12907007336616516,2.370148181915283,-0.7491471767425537
0.4437357485294342,0.45953354239463806,-0.17729546129703522,-1.9235514402389526,0.11284705251455307,2.3736464977264404,-0.7693300247192383
0.41383400559425354,0.45428746938705444,-0.15284542739391327,-1.9295765161514282,0.09665530920028687,2.376919746398926,-0.7895128130912781
0.38349324464797974,0.44939687848091125,-0.1280738264322281,-1.9354023933410645,0.08049005270004272,2.3799703121185303,-0.8096956610679626
0.35272976756095886,0.4448647201061249,-0.10299357026815414,-1.9410291910171509,0.0643472820520401,2.3827991485595703,-0.8298785090446472
0.32156136631965637,0.44069427251815796,-0.07761472463607788,-1.9464577436447144,0.048221975564956665,2.385409116744995,-0.8500613570213318
0.2900097668170929,0.43688729405403137,-0.051952801644802094,-1.9516887664794922,0.03210965916514397,2.3878014087677,-0.8702441453933716
0.2580985128879547,0.4334474205970764,-0.026025336235761642,-1.9567227363586426,0.016006875783205032,2.389976978302002,-0.8904269933700562
0.2258540838956833,0.43037810921669006,0.0001471213181503117,-1.9615588188171387,-9.002387378131971e-05,2.391936779022217,-0.9106098413467407
0.19330506026744843,0.42768096923828125,0.02654198370873928,-1.9661990404129028,-0.01618543639779091,2.3936820030212402,-0.9307926893234253
0.16048242151737213,0.4253598749637604,0.05313408002257347,-1.9706429243087769,-0.03228219226002693,2.395212173461914,-0.9509755373001099
0.12741948664188385,0.4234171509742737,0.07989580929279327,-1.9748905897140503,-0.048383764922618866,2.3965282440185547,-0.9711583256721497
0.0941510796546936,0.4218546748161316,0.10679815709590912,-1.9789433479309082,-0.06449411064386368,2.397630453109741,-0.9913411736488342
0.06071462482213974,0.4206756353378296,0.13380932807922363,-1.9827998876571655,-0.08061533421278,2.3985180854797363,-1.011523962020874
0.027146724984049797,0.4198826551437378,0.16089852154254913,-1.9864612817764282,-0.09675176441669464,2.399190664291382,-1.031706690788269
-0.0065116360783576965,0.41947701573371887,0.1880302131175995,-1.9899280071258545,-0.11290549486875534,2.399648904800415,-1.0518897771835327
-0.04022105410695076,0.41945990920066833,0.21517087519168854,-1.9931997060775757,-0.1290796399116516,2.3998897075653076,-1.0720725059509277
-0.07394088804721832,0.4198336899280548,0.24228550493717194,-1.996276617050171,-0.14527751505374908,2.399913787841797,-1.0922552347183228
-0.10763075202703476,0.4205988347530365,0.26933926343917847,-1.9991588592529297,-0.16150148212909698,2.399718999862671,-1.1124382019042969
-0.14124999940395355,0.4217568337917328,0.29629749059677124,-2.0018470287323,-0.17775492370128632,2.3993043899536133,-1.1326210498809814
-0.1747598499059677,0.42330804467201233,0.32312706112861633,-2.004340648651123,-0.19404038786888123,2.398667335510254,-1.1528037786483765
-0.20812027156352997,0.4252525568008423,0.3497936725616455,-2.0066399574279785,-0.21036049723625183,2.3978066444396973,-1.172986626625061
-0.24129080772399902,0.42759063839912415,0.37626272439956665,-2.0087451934814453,-0.2267158031463623,2.396719455718994,-1.1931695938110352
-0.27424517273902893,0.4303235709667206,0.40251433849334717,-2.0106563568115234,-0.2431153953075409,2.3954029083251953,-1.2133523225784302
-0.30694326758384705,0.4334505498409271,0.4285140931606293,-2.012373447418213,-0.2595583200454712,2.393854856491089,-1.2335350513458252
-0.3393539786338806,0.43697139620780945,0.4542370140552521,-2.0138964653015137,-0.27604803442955017,2.39207124710083,-1.2537180185317993
-0.3714480698108673,0.4408862292766571,0.4796602725982666,-2.015225887298584,-0.2925877869129181,2.390049457550049,-1.2739008665084839
-0.4031980633735657,0.44519439339637756,0.5047630667686462,-2.0163612365722656,-0.30918052792549133,2.3877854347229004,-1.294083595275879
-0.43457913398742676,0.4498973786830902,0.5295261740684509,-2.017302989959717,-0.3258301615715027,2.385275363922119,-1.3142664432525635
-0.46557024121284485,0.4549943506717682,0.5539355278015137,-2.0180506706237793,-0.3425402045249939,2.382514476776123,-1.3344494104385376
-0.49614986777305603,0.46048542857170105,0.5779769420623779,-2.0186049938201904,-0.359313428401947,2.3794984817504883,-1.3546321392059326
-0.5263045430183411,0.4663720726966858,0.6016435027122498,-2.018965244293213,-0.37615519762039185,2.376221179962158,-1.3748148679733276
-0.5560162663459778,0.47265464067459106,0.62492436170578,-2.019132614135742,-0.3930681049823761,2.37267804145813,-1.3949978351593018
-0.5852758884429932,0.4793350100517273,0.6478180289268494,-2.019105911254883,-0.41005802154541016,2.3688621520996094,-1.4151806831359863
-0.6140725016593933,0.4864158034324646,0.670320987701416,-2.018885850906372,-0.42712894082069397,2.3647677898406982,-1.4353634119033813
-0.6423977017402649,0.4938977360725403,0.6924328804016113,-2.018472194671631,-0.4442850351333618,2.3603878021240234,-1.4555463790893555
-0.6702492237091064,0.5017856359481812,0.7141596078872681,-2.0178651809692383,-0.46153318881988525,2.3557138442993164,-1.4757291078567505
-0.6976209878921509,0.5100832581520081,0.7355036735534668,-2.017064332962036,-0.4788781404495239,2.350738763809204,-1.495911955833435
-0.7245127558708191,0.5187932252883911,0.7564733624458313,-2.0160703659057617,-0.49632585048675537,2.3454535007476807,-1.5160948038101196
-0.7509228587150574,0.5279233455657959,0.7770767211914062,-2.014883041381836,-0.5138827562332153,2.3398489952087402,-1.5362776517868042
-0.7768552899360657,0.537479043006897,0.7973272800445557,-2.013502359390259,-0.531557023525238,2.333914279937744,-1.5564604997634888
-0.8023120760917664,0.5474672913551331,0.8172370791435242,-2.0119283199310303,-0.5493549704551697,2.327638626098633,-1.5766432285308838
-0.8272960186004639,0.5578979253768921,0.8368198275566101,-2.0101609230041504,-0.5672861337661743,2.3210105895996094,-1.596826195716858
-0.851814329624176,0.568778932094574,0.8560938835144043,-2.008200168609619,-0.5853589773178101,2.3140170574188232,-1.617008924484253
-0.8758707046508789,0.5801229476928711,0.8750751614570618,-2.0060462951660156,-0.603583574295044,2.3066442012786865,-1.6371917724609375
-0.8994742035865784,0.5919420123100281,0.8937851786613464,-2.0036988258361816,-0.6219701766967773,2.2988767623901367,-1.6573747396469116
-0.9226291179656982,0.6042508482933044,0.9122419953346252,-2.0011579990386963,-0.6405314207077026,2.290698766708374,-1.6775574684143066
-0.9453461766242981,0.6170653104782104,0.930470883846283,-1.9984239339828491,-0.6592801809310913,2.2820916175842285,-1.6977401971817017
-0.9676322340965271,0.6304030418395996,0.9484942555427551,-1.9954965114593506,-0.6782301664352417,2.273036241531372,-1.7179230451583862
-0.9894950985908508,0.6442849040031433,0.9663365483283997,-1.9923757314682007,-0.6973968744277954,2.2635114192962646,-1.7381060123443604
-1.0109436511993408,0.6587342619895935,0.9840254783630371,-1.9890613555908203,-0.7167983651161194,2.253493309020996,-1.7582887411117554
-1.0319873094558716,0.673776388168335,1.0015900135040283,-1.9855533838272095,-0.7364547848701477,2.2429559230804443,-1.77847158908844
-1.052632212638855,0.6894400715827942,1.0190582275390625,-1.981851577758789,-0.7563856840133667,2.2318716049194336,-1.798654556274414
-1.072890043258667,0.7057589292526245,1.0364658832550049,-1.9779562950134277,-0.7766174077987671,2.2202067375183105,-1.818837285041809
-1.0927667617797852,0.7227699160575867,1.0538451671600342,-1.973866581916809,-0.7971754670143127,2.2079274654388428,-1.839020013809204
-1.1122701168060303,0.740513801574707,1.0712335109710693,-1.9695829153060913,-0.818091630935669,2.1949942111968994,-1.8592031002044678
-1.131408929824829,0.7590405941009521,1.0886731147766113,-1.9651048183441162,-0.839401125907898,2.1813607215881348,-1.8793858289718628
-1.1501888036727905,0.7784031629562378,1.1062064170837402,-1.9604322910308838,-0.8611425161361694,2.166978359222412,-1.8995685577392578
-1.1686173677444458,0.7986664772033691,1.1238842010498047,-1.9555648565292358,-0.8833638429641724,2.151787042617798,-1.9197512865066528
-1.1866984367370605,0.819900631904602,1.1417582035064697,-1.9505023956298828,-0.9061151742935181,2.135723114013672,-1.9399343729019165
-1.2044379711151123,0.8421931266784668,1.1598918437957764,-1.945244550704956,-0.9294617772102356,2.1187071800231934,-1.9601171016693115
