0.0817086473107338,1.1669600009918213,1.023598074913025,-1.1348981857299805,-0.9528345465660095,1.8419013023376465,-1.341368556022644
0.10195464640855789,1.0799468755722046,0.9090265035629272,-1.2014403343200684,-0.8308374285697937,1.9126542806625366,-1.3292087316513062
0.12340660393238068,1.0092281103134155,0.8207119107246399,-1.2624473571777344,-0.736855685710907,1.9694511890411377,-1.3170489072799683
0.14586995542049408,0.9487012624740601,0.7477418184280396,-1.3191032409667969,-0.659482479095459,2.017460584640503,-1.3048890829086304
0.16928763687610626,0.8953282833099365,0.6847285032272339,-1.3722224235534668,-0.5931214690208435,2.0592660903930664,-1.2927292585372925
0.19365018606185913,0.8473395705223083,0.628579318523407,-1.422391414642334,-0.5345799326896667,2.096377372741699,-1.2805694341659546
0.21897655725479126,0.8035985231399536,0.5773332715034485,-1.470048427581787,-0.48185691237449646,2.1297659873962402,-1.2684096097946167
0.24530871212482452,0.7633259892463684,0.5296497941017151,-1.5155329704284668,-0.43360939621925354,2.1601028442382812,-1.2562499046325684
0.27270132303237915,0.7259623408317566,0.48456496000289917,-1.5591120719909668,-0.3888968825340271,2.1878719329833984,-1.2440900802612305
0.30122578144073486,0.691089928150177,0.4413447082042694,-1.6010034084320068,-0.3470287621021271,2.213438034057617,-1.2319302558898926
0.3309648036956787,0.6583922505378723,0.3994109332561493,-1.6413823366165161,-0.30748769640922546,2.2370808124542236,-1.2197704315185547
0.3620131015777588,0.6276217699050903,0.3582877814769745,-1.6803972721099854,-0.2698725461959839,2.2590229511260986,-1.2076106071472168
0.3944791257381439,0.5985833406448364,0.31756678223609924,-1.718172311782837,-0.23386827111244202,2.2794430255889893,-1.195450782775879
0.4284827709197998,0.571123480796814,0.27689507603645325,-1.7548127174377441,-0.19922053813934326,2.2984867095947266,-1.183290958404541
0.4487901031970978,0.5655671954154968,0.2521629333496094,-1.7591825723648071,-0.18062734603881836,2.3021507263183594,-1.1678446531295776
0.46932774782180786,0.5603460669517517,0.2273045927286148,-1.7634778022766113,-0.1621316522359848,2.3055880069732666,-1.1523984670639038
0.49008145928382874,0.5554580092430115,0.20232877135276794,-1.7676985263824463,-0.14373143017292023,2.308803081512451,-1.1369521617889404
0.5110413432121277,0.5509005784988403,0.177239328622818,-1.7718456983566284,-0.12542086839675903,2.311800241470337,-1.1215059757232666
0.5321966409683228,0.5466716289520264,0.15204136073589325,-1.7759194374084473,-0.1071942001581192,2.3145830631256104,-1.1060596704483032
0.553535521030426,0.5427689552307129,0.12674105167388916,-1.7799208164215088,-0.08904584497213364,2.317155361175537,-1.0906134843826294
0.5750460028648376,0.5391911864280701,0.10134556889533997,-1.7838499546051025,-0.07097040861845016,2.3195202350616455,-1.075167179107666
0.5967133045196533,0.5359369516372681,0.0758642852306366,-1.7877073287963867,-0.05296320095658302,2.3216805458068848,-1.0597209930419922
0.6185240745544434,0.5330048203468323,0.05030588060617447,-1.7914937734603882,-0.035020630806684494,2.323638916015625,-1.0442746877670288
0.6404632329940796,0.5303941965103149,0.02468063123524189,-1.795209527015686,-0.017136497423052788,2.325397253036499,-1.0288283824920654
0.662514865398407,0.5281040072441101,-0.0009999620961025357,-1.7988548278808594,0.000692490313667804,2.326958417892456,-1.0133821964263916
0.6846632957458496,0.5261327624320984,-0.026724806055426598,-1.8024306297302246,0.018471205607056618,2.3283228874206543,-0.997935950756073
0.7068908214569092,0.5244807004928589,-0.05248033627867699,-1.8059372901916504,0.03620339557528496,2.329493761062622,-0.9824897050857544
0.729181170463562,0.5231471657752991,-0.07825470715761185,-1.8093751668930054,0.05389298126101494,2.3304715156555176,-0.967043399810791
0.7515159249305725,0.5221312642097473,-0.104033462703228,-1.8127450942993164,0.071544349193573,2.331256628036499,-0.9515971541404724
0.7738779187202454,0.5214323997497559,-0.12980341911315918,-1.816046953201294,0.08916059136390686,2.331850051879883,-0.9361509680747986
0.796248197555542,0.5210508108139038,-0.15554963052272797,-1.819281816482544,0.10674605518579483,2.3322529792785645,-0.9207046627998352
0.8186088800430298,0.5209858417510986,-0.18125823140144348,-1.8224496841430664,0.12430395185947418,2.332465171813965,-0.9052584171295166
0.8409419059753418,0.5212371349334717,-0.2069147229194641,-1.8255512714385986,0.1418377310037613,2.332486629486084,-0.889812171459198
0.8632284998893738,0.5218043923377991,-0.23250418901443481,-1.8285871744155884,0.15935181081295013,2.3323168754577637,-0.8743659257888794
0.8854519128799438,0.5226881504058838,-0.2580138146877289,-1.8315575122833252,0.1768491119146347,2.331955909729004,-0.8589196801185608
0.907592236995697,0.5238887071609497,-0.28342729806900024,-1.8344626426696777,0.1943330019712448,2.3314030170440674,-0.8434734344482422
0.9296338558197021,0.5254047513008118,-0.30873245000839233,-1.8373035192489624,0.2118074595928192,2.3306570053100586,-0.8280271887779236
0.9515590667724609,0.527237057685852,-0.3339158594608307,-1.8400802612304688,0.2292758673429489,2.3297171592712402,-0.8125808835029602
0.9733515977859497,0.5293861031532288,-0.3589644730091095,-1.8427934646606445,0.24674111604690552,2.328580856323242,-0.7971346974372864
0.9949942231178284,0.531852126121521,-0.3838648796081543,-1.8454437255859375,0.26420700550079346,2.3272483348846436,-0.781688392162323
1.016473412513733,0.5346351861953735,-0.4086073338985443,-1.8480311632156372,0.2816777527332306,2.3257157802581787,-0.7662422060966492
1.0377743244171143,0.5377361178398132,-0.43318063020706177,-1.8505562543869019,0.2991562783718109,2.323981761932373,-0.7507959008216858
1.0588831901550293,0.5411556959152222,-0.4575750529766083,-1.8530199527740479,0.31664639711380005,2.3220434188842773,-0.7353496551513672
1.0797851085662842,0.5448957681655884,-0.4817790687084198,-1.855422019958496,0.3341514468193054,2.3198986053466797,-0.7199034094810486
1.1004700660705566,0.5489562749862671,-0.5057873129844666,-1.8577635288238525,0.351675808429718,2.3175432682037354,-0.70445716381073
1.1209253072738647,0.5533396005630493,-0.5295902490615845,-1.8600444793701172,0.36922329664230347,2.3149750232696533,-0.6890109181404114
1.141141653060913,0.5580465793609619,-0.5531828999519348,-1.8622655868530273,0.38679784536361694,2.3121891021728516,-0.6735646724700928
1.1611084938049316,0.5630801320075989,-0.57655930519104,-1.8644272089004517,0.4044031798839569,2.3091816902160645,-0.6581183671951294
1.1808176040649414,0.5684424638748169,-0.599714994430542,-1.8665295839309692,0.4220443069934845,2.305947780609131,-0.6426721215248108
1.2002606391906738,0.5741362571716309,-0.622646152973175,-1.868573784828186,0.43972498178482056,2.302483558654785,-0.6272258758544922
1.219429850578308,0.5801650881767273,-0.6453496217727661,-1.870559573173523,0.45744967460632324,2.29878306388855,-0.6117796301841736
1.238319754600525,0.5865322351455688,-0.6678245663642883,-1.8724877834320068,0.47522374987602234,2.2948405742645264,-0.596333384513855
1.2569262981414795,0.593241810798645,-0.690071702003479,-1.874359130859375,0.493052214384079,2.2906494140625,-0.5808871388435364
1.2752430438995361,0.6002994775772095,-0.7120900750160217,-1.8761733770370483,0.5109408497810364,2.286202907562256,-0.565440833568573
1.2932668924331665,0.6077098250389099,-0.7338815331459045,-1.8779315948486328,0.5288937091827393,2.281493902206421,-0.5499946475028992
1.3109943866729736,0.6154789924621582,-0.7554484009742737,-1.879633903503418,0.5469181537628174,2.2765140533447266,-0.5345484018325806
1.3284220695495605,0.6236140131950378,-0.7767927050590515,-1.8812810182571411,0.5650193095207214,2.2712559700012207,-0.519102156162262
1.345550537109375,0.6321230530738831,-0.7979217171669006,-1.8828731775283813,0.5832048058509827,2.2657082080841064,-0.5036558508872986
1.36237633228302,0.6410133838653564,-0.8188378810882568,-1.8844108581542969,0.6014808416366577,2.2598624229431152,-0.48820963501930237
1.3788999319076538,0.6502959132194519,-0.8395494222640991,-1.885895013809204,0.619856059551239,2.253706693649292,-0.4727633595466614
1.3951202630996704,0.6599804162979126,-0.8600620627403259,-1.887325406074524,0.6383379697799683,2.2472293376922607,-0.4573170840740204
1.4110376834869385,0.670078694820404,-0.880384087562561,-1.8887028694152832,0.656934916973114,2.240417957305908,-0.44187086820602417
1.4266526699066162,0.6806041598320007,-0.9005246758460999,-1.8900278806686401,0.6756563782691956,2.23325777053833,-0.42642462253570557
1.4286932945251465,0.6760217547416687,-0.906146764755249,-1.9009648561477661,0.6769751906394958,2.2369589805603027,-0.4090241491794586
1.4306408166885376,0.6715090870857239,-0.9117603302001953,-1.9117399454116821,0.678260862827301,2.2406046390533447,-0.39162367582321167
1.4324932098388672,0.6670650243759155,-0.9173635244369507,-1.922354817390442,0.6795132160186768,2.2441964149475098,-0.3742232024669647
1.434249997138977,0.6626879572868347,-0.9229556918144226,-1.9328117370605469,0.6807318925857544,2.247735023498535,-0.3568227291107178
1.4359077215194702,0.6583756804466248,-0.9285330176353455,-1.9431126117706299,0.6819149851799011,2.251222610473633,-0.3394222557544708
1.437466025352478,0.6541265249252319,-0.934095025062561,-1.9532593488693237,0.6830618977546692,2.254660129547119,-0.3220217823982239
1.4389231204986572,0.6499396562576294,-0.9396399259567261,-1.9632532596588135,0.6841721534729004,2.2580480575561523,-0.30462130904197693
1.4402765035629272,0.6458127498626709,-0.9451650381088257,-1.973096489906311,0.6852447986602783,2.2613885402679443,-0.28722083568573
1.4415243864059448,0.6417451500892639,-0.9506685733795166,-1.9827901124954224,0.6862784624099731,2.2646825313568115,-0.26982036232948303
1.4426649808883667,0.637734591960907,-0.9561482071876526,-1.9923354387283325,0.6872725486755371,2.2679309844970703,-0.2524198889732361
1.4436982870101929,0.6337812542915344,-0.9616045951843262,-2.0017337799072266,0.6882275342941284,2.2711336612701416,-0.23501943051815033
1.4446206092834473,0.6298826932907104,-0.9670338034629822,-2.010986566543579,0.689142107963562,2.2742927074432373,-0.2176189422607422
1.4454295635223389,0.6260383129119873,-0.9724329113960266,-2.020094633102417,0.6900148987770081,2.277409076690674,-0.20021846890449524
1.446125864982605,0.6222467422485352,-0.9778035283088684,-2.0290589332580566,0.6908470392227173,2.280482530593872,-0.1828179955482483
1.4467054605484009,0.6185070872306824,-0.983140766620636,-2.0378806591033936,0.6916371583938599,2.2835144996643066,-0.16541752219200134
1.4471668004989624,0.6148183345794678,-0.9884433150291443,-2.046560525894165,0.6923844218254089,2.286506175994873,-0.14801707863807678
1.447508692741394,0.6111798882484436,-0.9937103390693665,-2.0550990104675293,0.6930895447731018,2.289457082748413,-0.13061659038066864
1.4477288722991943,0.60759037733078,-0.9989392161369324,-2.063497543334961,0.6937513947486877,2.2923686504364014,-0.1132161021232605
1.4478262662887573,0.6040494441986084,-1.0041290521621704,-2.07175612449646,0.6943700909614563,2.2952404022216797,-0.09581565111875534
1.4477980136871338,0.6005558967590332,-1.0092766284942627,-2.079875946044922,0.6949449777603149,2.298074245452881,-0.0784151703119278
1.44764244556427,0.5971092581748962,-1.014380693435669,-2.0878567695617676,0.6954767107963562,2.3008697032928467,-0.061014678329229355
1.4473587274551392,0.5937089323997498,-1.0194401741027832,-2.0956993103027344,0.6959644556045532,2.303626775741577,-0.0436142273247242
1.4469424486160278,0.5903534293174744,-1.0244503021240234,-2.103404998779297,0.6964074969291687,2.3063478469848633,-0.02621375024318695
1.4463938474655151,0.5870437026023865,-1.029412031173706,-2.1109726428985596,0.6968066692352295,2.3090310096740723,-0.008813271299004555
1.4457110166549683,0.5837779641151428,-1.034322738647461,-2.118403434753418,0.6971626281738281,2.3116774559020996,0.008587179705500603
1.4448912143707275,0.5805568695068359,-1.0391795635223389,-2.125697135925293,0.6974743008613586,2.3142871856689453,0.025987673550844193
1.443933129310608,0.5773782134056091,-1.0439813137054443,-2.132855176925659,0.6977415680885315,2.316861152648926,0.04338816553354263
1.4428341388702393,0.574242889881134,-1.0487253665924072,-2.139876365661621,0.6979653239250183,2.319398880004883,0.06078861653804779
1.4415919780731201,0.571150541305542,-1.0534088611602783,-2.146761417388916,0.6981447339057922,2.321901321411133,0.07818908244371414
1.4402058124542236,0.5681002736091614,-1.0580313205718994,-2.153510093688965,0.6982811093330383,2.3243675231933594,0.09558957815170288
1.4386745691299438,0.5650923848152161,-1.0625910758972168,-2.160123109817505,0.6983741521835327,2.3267974853515625,0.11299002170562744
1.436992883682251,0.5621263980865479,-1.0670826435089111,-2.166599750518799,0.6984239220619202,2.329192876815796,0.1303904801607132
1.435163140296936,0.5592018961906433,-1.0715082883834839,-2.172940731048584,0.6984313726425171,2.3315517902374268,0.14779098331928253
1.4331804513931274,0.5563185214996338,-1.0758622884750366,-2.179145336151123,0.6983957290649414,2.3338756561279297,0.1651914268732071
1.431044101715088,0.5534772872924805,-1.0801445245742798,-2.185214042663574,0.6983187794685364,2.336163282394409,0.18259188532829285
1.4287519454956055,0.5506768822669983,-1.0843515396118164,-2.1911463737487793,0.6981997489929199,2.3384156227111816,0.19999241828918457
1.426302433013916,0.5479185581207275,-1.088482141494751,-2.1969423294067383,0.698040783405304,2.3406312465667725,0.21739287674427032
1.4236927032470703,0.5452008247375488,-1.0925325155258179,-2.202601432800293,0.6978405117988586,2.3428115844726562,0.23479332029819489
1.4209225177764893,0.5425246953964233,-1.0965020656585693,-2.2081241607666016,0.6976003050804138,2.3449554443359375,0.2521938383579254
1.4179885387420654,0.539889931678772,-1.1003872156143188,-2.2135097980499268,0.6973214745521545,2.3470630645751953,0.26959428191185
1.414889931678772,0.5372970700263977,-1.1041865348815918,-2.2187581062316895,0.6970039010047913,2.3491337299346924,0.28699472546577454
1.4116257429122925,0.5347461700439453,-1.1078987121582031,-2.2238690853118896,0.6966488361358643,2.3511669635772705,0.30439525842666626
1.4081921577453613,0.5322369337081909,-1.1115186214447021,-2.2288427352905273,0.6962562203407288,2.353163719177246,0.3217957019805908
1.404588222503662,0.5297698974609375,-1.1150453090667725,-2.233677864074707,0.6958276033401489,2.3551230430603027,0.33919617533683777
1.4008145332336426,0.5273463726043701,-1.118478536605835,-2.238374710083008,0.6953645944595337,2.3570430278778076,0.3565966784954071
1.3968656063079834,0.5249651074409485,-1.1218116283416748,-2.2429332733154297,0.6948660016059875,2.358926296234131,0.37399712204933167
1.3927433490753174,0.5226274728775024,-1.1250466108322144,-2.2473530769348145,0.694334864616394,2.3607699871063232,0.3913975656032562
1.3884429931640625,0.5203332304954529,-1.128177523612976,-2.2516331672668457,0.6937704682350159,2.3625752925872803,0.40879806876182556
1.3839658498764038,0.5180838108062744,-1.13120436668396,-2.2557737827301025,0.6931752562522888,2.3643405437469482,0.4261985421180725
1.3793082237243652,0.5158788561820984,-1.1341233253479004,-2.2597742080688477,0.6925495862960815,2.3660659790039062,0.44359898567199707
1.3744720220565796,0.5137192606925964,-1.136934757232666,-2.263634443283081,0.6918959617614746,2.367750406265259,0.4609995186328888
1.369451880455017,0.5116059184074402,-1.1396327018737793,-2.2673540115356445,0.6912133693695068,2.369394302368164,0.47839996218681335
1.364250898361206,0.5095393657684326,-1.1422191858291626,-2.270932197570801,0.6905050277709961,2.37099552154541,0.4958004057407379
1.3588638305664062,0.5075198411941528,-1.1446881294250488,-2.2743687629699707,0.6897707581520081,2.372555732727051,0.5132009387016296
1.3532923460006714,0.5055489540100098,-1.1470398902893066,-2.277663469314575,0.6890130639076233,2.3740720748901367,0.5306013822555542
1.3475337028503418,0.5036266446113586,-1.1492705345153809,-2.280816078186035,0.6882327198982239,2.3755459785461426,0.5480018854141235
1.3415896892547607,0.5017540454864502,-1.1513804197311401,-2.2838258743286133,0.6874318718910217,2.3769750595092773,0.5654023289680481
1.3354558944702148,0.4999319016933441,-1.153364896774292,-2.2866921424865723,0.6866112947463989,2.378359794616699,0.5828027725219727
1.3291347026824951,0.49816152453422546,-1.155224084854126,-2.2894153594970703,0.685772716999054,2.3796989917755127,0.6002032160758972
1.3226238489151,0.4964434504508972,-1.1569554805755615,-2.291994094848633,0.6849176287651062,2.3809919357299805,0.6176037788391113
1.3159222602844238,0.49477842450141907,-1.1585558652877808,-2.294429302215576,0.6840473413467407,2.3822391033172607,0.6350042223930359
1.1990864276885986,0.40338248014450073,-1.0842249393463135,-2.322486400604248,0.5656381249427795,2.437429904937744,0.6370522379875183
1.053968906402588,0.3268975615501404,-0.9882428050041199,-2.3438754081726074,0.45042920112609863,2.4780361652374268,0.6391003131866455
0.8644622564315796,0.26355478167533875,-0.8524839878082275,-2.358463764190674,0.337111234664917,2.5067996978759766,0.6411483287811279
0.7805159091949463,0.24015165865421295,-0.7710001468658447,-2.3618173599243164,0.28696584701538086,2.515989065170288,0.6728124022483826
0.6823740601539612,0.219294011592865,-0.6756397485733032,-2.3647241592407227,0.23701927065849304,2.523588180541992,0.7044764757156372
0.567905604839325,0.20130795240402222,-0.564214289188385,-2.367180347442627,0.18722930550575256,2.5296783447265625,0.7361405491828918
0.43574926257133484,0.18663853406906128,-0.43530842661857605,-2.369182825088501,0.1375586986541748,2.5343236923217773,0.7678046226501465
0.2863479256629944,0.17581693828105927,-0.2893098294734955,-2.3707292079925537,0.08797384798526764,2.537569999694824,0.7994686961174011
0.12304262071847916,0.16936980187892914,-0.12951238453388214,-2.3718175888061523,0.03844427317380905,2.5394506454467773,0.8311327695846558
-0.04754194989800453,0.16768041253089905,0.03751003369688988,-2.3724474906921387,-0.011058737523853779,2.5399832725524902,0.8627967834472656
-0.2167070060968399,0.17085592448711395,0.20310775935649872,-2.3726181983947754,-0.060563549399375916,2.5391716957092285,0.894460916519165
-0.3761720657348633,0.17868991196155548,0.35904940962791443,-2.372331380844116,-0.11009762436151505,2.53700852394104,0.9261249303817749
-0.52029949426651,0.19073526561260223,0.499747097492218,-2.3715877532958984,-0.15969017148017883,2.53347110748291,0.9577890038490295
-0.6467581987380981,0.20644918084144592,0.6229199171066284,-2.370389938354492,-0.2093719094991684,2.528522491455078,0.9894530773162842
-0.7557972073554993,0.22531963884830475,0.7288697957992554,-2.3687407970428467,-0.259176641702652,2.522111415863037,1.0211172103881836
-0.8491106033325195,0.2469358891248703,0.8193451166152954,-2.3666443824768066,-0.3091411292552948,2.5141706466674805,1.0527812242507935
-0.9289240837097168,0.2710096538066864,0.8966294527053833,-2.364105224609375,-0.35930880904197693,2.5046114921569824,1.0844452381134033
-0.9974530935287476,0.2973719537258148,0.9630002975463867,-2.361128568649292,-0.4097296893596649,2.4933247566223145,1.1161092519760132
-1.0566685199737549,0.3259597718715668,1.020496129989624,-2.357719898223877,-0.4604624807834625,2.480175495147705,1.1477735042572021
-1.1082298755645752,0.35680192708969116,1.0708510875701904,-2.353886365890503,-0.5115795731544495,2.464998245239258,1.179437518119812
-1.1534868478775024,0.39001017808914185,1.1154993772506714,-2.349635362625122,-0.5631603002548218,2.4475910663604736,1.2111015319824219
-1.2065150737762451,0.39928123354911804,1.1691547632217407,-2.37151837348938,-0.5918076038360596,2.445256233215332,1.242950677871704
-1.256882905960083,0.4098857343196869,1.2200615406036377,-2.393057346343994,-0.6203114986419678,2.4421167373657227,1.2747998237609863
-1.3045027256011963,0.421787828207016,1.268147349357605,-2.4142653942108154,-0.6486820578575134,2.4381465911865234,1.3066489696502686
-1.3493343591690063,0.4349602162837982,1.3133845329284668,-2.435154676437378,-0.6769285798072815,2.4333152770996094,1.3384981155395508
-1.3913782835006714,0.44938039779663086,1.3557853698730469,-2.455737590789795,-0.7050589323043823,2.4275870323181152,1.370347261428833
-1.430665373802185,0.46503740549087524,1.3953912258148193,-2.4760241508483887,-0.7330829501152039,2.420919418334961,1.4021964073181152
-1.4672529697418213,0.48192769289016724,1.4322694540023804,-2.4960262775421143,-0.7610090374946594,2.4132654666900635,1.4340455532073975
-1.5012139081954956,0.5000605583190918,1.4665017127990723,-2.5157535076141357,-0.7888467907905579,2.404569149017334,1.4658948183059692
-1.5326299667358398,0.519453227519989,1.4981775283813477,-2.5352160930633545,-0.8166031241416931,2.394771099090576,1.497743844985962
-1.5615941286087036,0.5401411056518555,1.5273970365524292,-2.5544233322143555,-0.8442900776863098,2.3837974071502686,1.5295931100845337
-1.5881978273391724,0.5621669888496399,1.554256558418274,-2.5733845233917236,-0.8719168305397034,2.371570110321045,1.561442255973816
-1.6125322580337524,0.5855913162231445,1.5788525342941284,-2.5921082496643066,-0.8994946479797363,2.3579976558685303,1.5932914018630981
-1.6346889734268188,0.6104909777641296,1.6012789011001587,-2.6106033325195312,-0.927038311958313,2.3429746627807617,1.6251405477523804
-1.6419923305511475,0.5477295517921448,1.6118541955947876,-2.620414972305298,-0.8648136854171753,2.388712167739868,1.5933837890625
-1.651015281677246,0.4918624460697174,1.6256723403930664,-2.6297903060913086,-0.8040615916252136,2.4277045726776123,1.56162691116333
-1.6621989011764526,0.441555380821228,1.6429389715194702,-2.6387100219726562,-0.7443801164627075,2.4611802101135254,1.5298701524734497
-1.6760704517364502,0.3958166837692261,1.6640037298202515,-2.647156238555908,-0.6854827404022217,2.4900498390197754,1.4981132745742798
-1.6933046579360962,0.3538939356803894,1.689401626586914,-2.6551120281219482,-0.6271587014198303,2.515002965927124,1.4663565158843994
-1.7147936820983887,0.3152066171169281,1.7199091911315918,-2.662559986114502,-0.5692515969276428,2.5365729331970215,1.4345996379852295
-1.7417618036270142,0.27930521965026855,1.7566531896591187,-2.669484853744507,-0.5116442441940308,2.555178642272949,1.4028428792953491
-1.775941252708435,0.24585013091564178,1.8012794256210327,-2.6758718490600586,-0.45424628257751465,2.5711519718170166,1.3710860013961792
-1.8198611736297607,0.21460291743278503,1.8562387228012085,-2.6817073822021484,-0.3969906270503998,2.5847578048706055,1.3393292427062988
-1.877321481704712,0.18543267250061035,1.9252581596374512,-2.686978340148926,-0.33982545137405396,2.596208333969116,1.307572364807129
-1.9541839361190796,0.15835270285606384,2.0141305923461914,-2.6916747093200684,-0.2827135920524597,2.6056718826293945,1.2758156061172485
-2.05960750579834,0.1335935741662979,2.131948947906494,-2.6957859992980957,-0.22562702000141144,2.6132822036743164,1.2440588474273682
-2.2075579166412354,0.111752949655056,2.292611837387085,-2.6993045806884766,-0.1685464233160019,2.619140625,1.2123019695281982
-2.2237038612365723,0.12123243510723114,2.2825915813446045,-2.705826759338379,-0.18452118337154388,2.61904239654541,1.1852651834487915
-2.237107753753662,0.13050208985805511,2.2695119380950928,-2.7115960121154785,-0.200843945145607,2.6186304092407227,1.1582283973693848
-2.2482094764709473,0.13956862688064575,2.253852605819702,-2.7166032791137695,-0.21748670935630798,2.6179051399230957,1.1311917304992676
-2.2573399543762207,0.1484367400407791,2.235987663269043,-2.7208404541015625,-0.23441079258918762,2.616866111755371,1.1041549444198608
-2.2647287845611572,0.1571194976568222,2.2161924839019775,-2.7243006229400635,-0.2515784800052643,2.615513801574707,1.077118158340454
-2.2705488204956055,0.1656283438205719,2.194687843322754,-2.7269785404205322,-0.26894986629486084,2.61384916305542,1.0500813722610474
-2.274934768676758,0.17398196458816528,2.1716580390930176,-2.7288691997528076,-0.286483496427536,2.6118714809417725,1.0230445861816406
-2.2779903411865234,0.18219876289367676,2.1472578048706055,-2.7299704551696777,-0.30413708090782166,2.6095826625823975,0.9960078597068787
-2.27980375289917,0.19029995799064636,2.1216278076171875,-2.730281114578247,-0.32186704874038696,2.6069836616516113,0.9689711332321167
-2.280454158782959,0.19831065833568573,2.0948996543884277,-2.7298007011413574,-0.33963072299957275,2.604074478149414,0.94193434715271
-2.280012369155884,0.2062557190656662,2.0671961307525635,-2.728531837463379,-0.35738450288772583,2.600857734680176,0.9148975610733032
-2.2785487174987793,0.21416305005550385,2.038640022277832,-2.7264764308929443,-0.3750860095024109,2.5973334312438965,0.8878607749938965
-2.276132345199585,0.22206035256385803,2.0093512535095215,-2.7236404418945312,-0.3926946222782135,2.593503952026367,0.8608240485191345
-2.272836446762085,0.2299768477678299,1.9794522523880005,-2.720028877258301,-0.41017016768455505,2.5893702507019043,0.8337872624397278
-2.2687323093414307,0.23794296383857727,1.9490618705749512,-2.7156496047973633,-0.4274747967720032,2.5849344730377197,0.8067505359649658
-2.2638957500457764,0.24598555266857147,1.9183013439178467,-2.7105112075805664,-0.4445728361606598,2.5801987648010254,0.7797137498855591
-2.2584052085876465,0.2541337311267853,1.8872917890548706,-2.704622745513916,-0.46143168210983276,2.575165033340454,0.7526769638061523
-2.2523410320281982,0.26241475343704224,1.8561532497406006,-2.697995662689209,-0.47802111506462097,2.569835662841797,0.7256402373313904
-2.2457823753356934,0.2708548903465271,1.8250019550323486,-2.690640449523926,-0.49431315064430237,2.5642127990722656,0.6986034512519836
-2.238807439804077,0.27947643399238586,1.7939499616622925,-2.682569980621338,-0.5102839469909668,2.558300018310547,0.6715667247772217
-2.2314953804016113,0.28830164670944214,1.7631064653396606,-2.673797130584717,-0.5259124040603638,2.5520997047424316,0.6445299386978149
-2.2239198684692383,0.2973502278327942,1.7325727939605713,-2.664334535598755,-0.5411805510520935,2.5456149578094482,0.6174931526184082
-2.216153383255005,0.3066386878490448,1.7024452686309814,-2.65419602394104,-0.5560733079910278,2.538848876953125,0.5904564261436462
-2.208256244659424,0.3161804974079132,1.6728051900863647,-2.643394947052002,-0.5705792903900146,2.531806230545044,0.5634196400642395
-2.200453281402588,0.31843605637550354,1.6493357419967651,-2.6337990760803223,-0.5734477639198303,2.528625965118408,0.5356966257095337
-2.1919116973876953,0.3207310736179352,1.6254992485046387,-2.623819589614868,-0.5760039687156677,2.5253942012786865,0.5079736113548279
-2.182664155960083,0.323076456785202,1.6013286113739014,-2.6134636402130127,-0.5782451033592224,2.522110939025879,0.48025059700012207
-2.172743082046509,0.3254816234111786,1.5768561363220215,-2.602736473083496,-0.580170214176178,2.518775701522827,0.45252758264541626
-2.1621780395507812,0.3279567360877991,1.552109956741333,-2.591644048690796,-0.5817777514457703,2.5153887271881104,0.42480453848838806
-2.1510040760040283,0.33051127195358276,1.5271224975585938,-2.5801923274993896,-0.5830678939819336,2.511949062347412,0.39708155393600464
-2.139253616333008,0.3331543505191803,1.501923680305481,-2.5683860778808594,-0.5840412378311157,2.508455514907837,0.36935850977897644
-2.1269609928131104,0.3358958661556244,1.4765441417694092,-2.5562305450439453,-0.5846991539001465,2.5049071311950684,0.34163549542427063
-2.11415696144104,0.33874356746673584,1.4510102272033691,-2.5437302589416504,-0.5850436091423035,2.50130295753479,0.3139124810695648
-2.1008782386779785,0.3417062759399414,1.42535400390625,-2.5308895111083984,-0.5850762128829956,2.497640609741211,0.286189466714859
-2.0871541500091553,0.34479108452796936,1.399599552154541,-2.5177125930786133,-0.5847997069358826,2.493919849395752,0.2584664523601532
-2.0730204582214355,0.34800687432289124,1.3737767934799194,-2.5042033195495605,-0.5842178463935852,2.4901375770568848,0.23074345290660858
-2.0585098266601562,0.3513602316379547,1.3479124307632446,-2.4903647899627686,-0.583332896232605,2.4862918853759766,0.20302040874958038
-2.0436511039733887,0.3548584282398224,1.322028636932373,-2.4761998653411865,-0.5821495056152344,2.4823813438415527,0.17529740929603577
-2.0284769535064697,0.35850846767425537,1.2961515188217163,-2.4617109298706055,-0.5806710720062256,2.478402853012085,0.14757438004016876
-2.0130186080932617,0.3623165488243103,1.2703052759170532,-2.4469008445739746,-0.5789018273353577,2.4743540287017822,0.11985137313604355
-1.9973044395446777,0.3662884533405304,1.2445110082626343,-2.4317705631256104,-0.5768452882766724,2.4702324867248535,0.09212836623191833
-1.9813647270202637,0.3704308271408081,1.2187914848327637,-2.4163217544555664,-0.5745074152946472,2.4660348892211914,0.06440532952547073
-1.965226411819458,0.3747493624687195,1.1931661367416382,-2.4005556106567383,-0.5718919634819031,2.4617578983306885,0.03668232262134552
-1.9489171504974365,0.3792496919631958,1.1676533222198486,-2.384472131729126,-0.5690034627914429,2.4573981761932373,0.00895928405225277
-1.9324612617492676,0.38393598794937134,1.1422733068466187,-2.3680715560913086,-0.5658460259437561,2.4529528617858887,-0.018763676285743713
-1.9158833026885986,0.3888144791126251,1.1170403957366943,-2.351353645324707,-0.5624247789382935,2.448418617248535,-0.04648672789335251
-1.8992080688476562,0.3938899040222168,1.0919734239578247,-2.3343167304992676,-0.5587442517280579,2.4437904357910156,-0.07420974969863892
-1.8824560642242432,0.39916670322418213,1.067082166671753,-2.316960096359253,-0.5548089742660522,2.439065456390381,-0.10193274170160294
-1.8656483888626099,0.40465080738067627,1.0423810482025146,-2.299281120300293,-0.550622820854187,2.434238910675049,-0.12965576350688934
-1.8488065004348755,0.4103463590145111,1.0178837776184082,-2.281278133392334,-0.5461907982826233,2.4293057918548584,-0.15737882256507874
-1.8319443464279175,0.41625791788101196,0.9935961365699768,-2.2629470825195312,-0.5415167212486267,2.4242632389068604,-0.18510177731513977
-1.815083622932434,0.42239075899124146,0.9695318937301636,-2.2442846298217773,-0.5366047024726868,2.41910457611084,-0.21282483637332916
-1.7982375621795654,0.4287497401237488,0.9456967115402222,-2.2252869606018066,-0.5314594507217407,2.413825511932373,-0.24054785072803497
-1.7814232110977173,0.4353392720222473,0.922099232673645,-2.2059483528137207,-0.526084303855896,2.4084198474884033,-0.268270879983902
-1.764650583267212,0.44216543436050415,0.8987419605255127,-2.1862640380859375,-0.5204824805259705,2.402883529663086,-0.2959938645362854
-1.7479345798492432,0.4492327570915222,0.8756318092346191,-2.166226863861084,-0.5146586298942566,2.3972091674804688,-0.3237168788909912
-1.7312841415405273,0.4565475881099701,0.8527697324752808,-2.1458301544189453,-0.5086150169372559,2.3913915157318115,-0.3514399528503418
-1.7147129774093628,0.4641149342060089,0.8301616907119751,-2.125066041946411,-0.5023545026779175,2.385422706604004,-0.37916290760040283
-1.6982252597808838,0.4719410538673401,0.8078038096427917,-2.1039252281188965,-0.495879203081131,2.3792972564697266,-0.40688595175743103
-1.6818318367004395,0.4800333082675934,0.7856993079185486,-2.0823986530303955,-0.48919370770454407,2.373007297515869,-0.43460899591445923
-1.665540337562561,0.48839840292930603,0.7638475894927979,-2.0604748725891113,-0.482298880815506,2.366544246673584,-0.46233198046684265
-1.6493563652038574,0.49704399704933167,0.7422465682029724,-2.038142204284668,-0.47519758343696594,2.35990047454834,-0.49005499482154846
-1.6507599353790283,0.49981164932250977,0.7459833025932312,-2.0362868309020996,-0.47901004552841187,2.3581411838531494,-0.5102179646492004
-1.652147650718689,0.5026010870933533,0.7497130036354065,-2.0344204902648926,-0.4828353226184845,2.3563640117645264,-0.5303809642791748
-1.6535191535949707,0.5054113864898682,0.753435492515564,-2.0325441360473633,-0.48667317628860474,2.35456919670105,-0.5505439043045044
-1.6548758745193481,0.5082435607910156,0.7571524381637573,-2.0306568145751953,-0.4905242323875427,2.352755546569824,-0.5707069039344788
-1.656217098236084,0.5110977292060852,0.7608630061149597,-2.028759002685547,-0.4943884611129761,2.350923538208008,-0.5908698439598083
-1.6575441360473633,0.5139738917350769,0.764569103717804,-2.0268502235412598,-0.4982665777206421,2.3490724563598633,-0.6110328435897827
-1.6588553190231323,0.5168720483779907,0.7682687044143677,-2.024930715560913,-0.5021576881408691,2.347202777862549,-0.6311957836151123
-1.660151481628418,0.5197927951812744,0.771963357925415,-2.023000717163086,-0.5060625672340393,2.3453140258789062,-0.6513587832450867
-1.6614344120025635,0.5227365493774414,0.775654673576355,-2.021059989929199,-0.5099821090698242,2.3434057235717773,-0.6715217232704163
-1.6627027988433838,0.5257025957107544,0.7793415784835815,-2.019108533859253,-0.5139158368110657,2.341477870941162,-0.6916846632957458
-1.6639567613601685,0.5286921262741089,0.7830243706703186,-2.017146110534668,-0.5178641080856323,2.3395299911499023,-0.7118476629257202
-1.6651965379714966,0.531704843044281,0.7867035865783691,-2.0151729583740234,-0.5218265652656555,2.337562322616577,-0.7320106625556946
-1.666422724723816,0.5347408056259155,0.7903800010681152,-2.0131888389587402,-0.5258037447929382,2.3355743885040283,-0.7521736025810242
-1.667635440826416,0.5378008484840393,0.7940537333488464,-2.0111942291259766,-0.5297961831092834,2.3335657119750977,-0.7723365426063538
-1.6688333749771118,0.5408845543861389,0.7977237105369568,-2.009188413619995,-0.5338037014007568,2.3315372467041016,-0.7924995422363281
-1.6700196266174316,0.543992817401886,0.8013935089111328,-2.007171630859375,-0.5378265976905823,2.329486846923828,-0.8126625418663025
-1.6711925268173218,0.5471252799034119,0.8050613403320312,-2.0051441192626953,-0.5418660640716553,2.3274154663085938,-0.8328254818916321
-1.672350525856018,0.5502827763557434,0.8087261915206909,-2.003105401992798,-0.5459206700325012,2.3253231048583984,-0.8529884815216064
-1.6734980344772339,0.5534651875495911,0.8123922944068909,-2.0010557174682617,-0.5499919056892395,2.3232083320617676,-0.873151421546936
-1.674630880355835,0.5566725730895996,0.816055953502655,-1.9989954233169556,-0.5540791153907776,2.321072816848755,-0.8933143615722656
-1.6757524013519287,0.5599057078361511,0.8197206854820251,-1.996923804283142,-0.5581828951835632,2.3189139366149902,-0.9134774208068848
-1.6768618822097778,0.563165009021759,0.8233860731124878,-1.9948410987854004,-0.5623044371604919,2.31673264503479,-0.9336403608322144
-1.6779580116271973,0.5664500594139099,0.8270508646965027,-1.9927473068237305,-0.5664424300193787,2.3145291805267334,-0.953803300857544
-1.6790423393249512,0.5697613954544067,0.8307168483734131,-1.9906425476074219,-0.5705976486206055,2.312302589416504,-0.9739663004875183
-1.680114984512329,0.5730993747711182,0.8343846797943115,-1.988526463508606,-0.5747714042663574,2.3100523948669434,-0.9941292405128479
-1.6811754703521729,0.576464831829071,0.8380540013313293,-1.9863991737365723,-0.5789624452590942,2.3077785968780518,-1.0142922401428223
-1.6822248697280884,0.5798574686050415,0.8417259454727173,-1.9842606782913208,-0.5831725001335144,2.305480718612671,-1.0344551801681519
-1.683262825012207,0.5832774043083191,0.8454005122184753,-1.9821110963821411,-0.587400496006012,2.303158760070801,-1.0546181201934814
-1.6842882633209229,0.5867255330085754,0.849077045917511,-1.9799503087997437,-0.5916474461555481,2.3008127212524414,-1.074781060218811
-1.6853032112121582,0.5902019739151001,0.8527575135231018,-1.9777779579162598,-0.595913290977478,2.2984414100646973,-1.0949441194534302
-1.6863068342208862,0.5937068462371826,0.8564417362213135,-1.9755945205688477,-0.6001986861228943,2.2960450649261475,-1.1151070594787598
-1.687300443649292,0.5972411632537842,0.8601312637329102,-1.9733994007110596,-0.6045039892196655,2.2936224937438965,-1.1352699995040894
-1.688281536102295,0.6008044481277466,0.8638235330581665,-1.9711933135986328,-0.6088290214538574,2.291175365447998,-1.155432939529419
-1.6892527341842651,0.6043977737426758,0.8675220012664795,-1.96897554397583,-0.6131743788719177,2.288701057434082,-1.175595998764038
-1.6902117729187012,0.608019232749939,0.8712234497070312,-1.9667468070983887,-0.6175382137298584,2.2862014770507812,-1.1957589387893677
-1.6911625862121582,0.6116735339164734,0.8749340772628784,-1.9645061492919922,-0.6219265460968018,2.2836737632751465,-1.2159219980239868
-1.6921024322509766,0.6153587102890015,0.8786502480506897,-1.9622538089752197,-0.626335620880127,2.281118869781494,-1.2360849380493164
-1.6930322647094727,0.6190754175186157,0.8823739886283875,-1.9599899053573608,-0.6307671666145325,2.278536081314087,-1.256247878074646
-1.6939520835876465,0.622823178768158,0.8861044645309448,-1.9577150344848633,-0.6352200508117676,2.275925636291504,-1.2764108180999756
-1.6948623657226562,0.6266034841537476,0.8898434638977051,-1.955428123474121,-0.6396957635879517,2.2732863426208496,-1.2965737581253052
-1.6957627534866333,0.6304165124893188,0.8935906887054443,-1.953129529953003,-0.6441945433616638,2.270617961883545,-1.3167368173599243
-1.6966526508331299,0.63426274061203,0.8973461389541626,-1.9508191347122192,-0.6487162113189697,2.26792049407959,-1.336899757385254
-1.6975338459014893,0.6381422877311707,0.9011114239692688,-1.94849693775177,-0.6532625555992126,2.265192985534668,-1.3570626974105835
-1.6984047889709473,0.642055869102478,0.9048858284950256,-1.946163535118103,-0.657831609249115,2.2624359130859375,-1.3772257566452026
-1.6992671489715576,0.6460041403770447,0.9086710810661316,-1.9438180923461914,-0.6624266505241394,2.259647846221924,-1.3973885774612427
-1.7001193761825562,0.6499873399734497,0.9124664664268494,-1.9414607286453247,-0.6670457720756531,2.256828784942627,-1.4175516366958618
-1.7009623050689697,0.6540061831474304,0.9162729978561401,-1.9390915632247925,-0.6716904044151306,2.2539782524108887,-1.4377145767211914
-1.7017971277236938,0.6580610871315002,0.9200923442840576,-1.9367103576660156,-0.6763615608215332,2.2510952949523926,-1.4578776359558105
-1.7026222944259644,0.6621526479721069,0.9239233136177063,-1.9343174695968628,-0.6810586452484131,2.2481801509857178,-1.4780404567718506
-1.7034388780593872,0.6662816405296326,0.9277676939964294,-1.9319124221801758,-0.6857829093933105,2.2452313899993896,-1.4982035160064697
-1.7042467594146729,0.6704483032226562,0.9316254258155823,-1.9294954538345337,-0.690534770488739,2.2422492504119873,-1.5183663368225098
-1.7050455808639526,0.6746535301208496,0.9354969263076782,-1.9270663261413574,-0.695314347743988,2.2392332553863525,-1.5385295152664185
-1.705836296081543,0.6788975596427917,0.9393834471702576,-1.924625277519226,-0.7001223564147949,2.23618221282959,-1.558692455291748
-1.7066187858581543,0.6831814050674438,0.9432857632637024,-1.9221720695495605,-0.7049601078033447,2.233095645904541,-1.5788553953170776
-1.7073925733566284,0.6875056624412537,0.947203516960144,-1.9197064638137817,-0.7098268866539001,2.229973316192627,-1.5990183353424072
-1.7081581354141235,0.6918715834617615,0.9511379599571228,-1.9172286987304688,-0.7147241830825806,2.226814031600952,-1.6191812753677368
-1.708915114402771,0.6962781548500061,0.9550887942314148,-1.9147387742996216,-0.7196519374847412,2.223618745803833,-1.639344334602356
-1.7096643447875977,0.700727641582489,0.9590582251548767,-1.9122365713119507,-0.7246114611625671,2.2203845977783203,-1.659507155418396
-1.710405945777893,0.7052202224731445,0.9630464315414429,-1.9097219705581665,-0.7296032905578613,2.2171123027801514,-1.6796702146530151
-1.7111387252807617,0.7097566723823547,0.9670528769493103,-1.9071948528289795,-0.7346274852752686,2.2138009071350098,-1.6998332738876343
-1.7118643522262573,0.7143383026123047,0.9710801243782043,-1.9046553373336792,-0.7396857738494873,2.210449457168579,-1.7199960947036743
-1.712581992149353,0.7189645171165466,0.9751273393630981,-1.9021036624908447,-0.744777262210846,2.2070579528808594,-1.7401591539382935
-1.713292121887207,0.7236374020576477,0.979196310043335,-1.8995392322540283,-0.7499040961265564,2.203624725341797,-1.760322093963623
-1.7139947414398193,0.7283580899238586,0.9832878708839417,-1.8969621658325195,-0.7550674676895142,2.2001490592956543,-1.7804850339889526
-1.7146892547607422,0.7331263422966003,0.98740154504776,-1.894372582435608,-0.7602661848068237,2.1966311931610107,-1.8006479740142822
-1.715376615524292,0.7379438281059265,0.9915392994880676,-1.8917702436447144,-0.7655021548271179,2.1930689811706543,-1.8208110332489014
-1.7160567045211792,0.7428116202354431,0.9957019686698914,-1.8891550302505493,-0.7707766890525818,2.189462184906006,-1.840973973274231
-1.716728687286377,0.7477297782897949,0.9998890161514282,-1.8865272998809814,-0.7760900259017944,2.1858105659484863,-1.8611369132995605
-1.7173939943313599,0.7527008056640625,1.004103183746338,-1.8838865756988525,-0.7814433574676514,2.1821117401123047,-1.8812998533248901
-1.7180519104003906,0.7577239871025085,1.0083441734313965,-1.8812332153320312,-0.7868369817733765,2.178366184234619,-1.9014627933502197
-1.7187021970748901,0.7628014087677002,1.0126128196716309,-1.8785669803619385,-0.7922724485397339,2.174572467803955,-1.9216258525848389
-1.7193455696105957,0.7679347991943359,1.016911268234253,-1.875887393951416,-0.797751247882843,2.170728921890259,-1.941788911819458
-1.7199816703796387,0.7731242179870605,1.0212392807006836,-1.8731950521469116,-0.8032734394073486,2.1668355464935303,-1.9619518518447876
-1.7206108570098877,0.7783710956573486,1.025598168373108,-1.870489478111267,-0.8088400959968567,2.1628904342651367,-1.9821147918701172
-1.7212330102920532,0.7836770415306091,1.02998948097229,-1.867771029472351,-0.8144524693489075,2.15889310836792,-2.0022776126861572
-1.7218480110168457,0.7890433669090271,1.0344140529632568,-1.8650389909744263,-0.8201130628585815,2.154841423034668,-2.0224406719207764
-1.7224563360214233,0.7944713234901428,1.0388731956481934,-1.8622941970825195,-0.8258213400840759,2.1507351398468018,-2.0426037311553955
-1.7230576276779175,0.7999622225761414,1.0433675050735474,-1.859535574913025,-0.8315795660018921,2.1465725898742676,-2.0627665519714355
-1.7236518859863281,0.8055177927017212,1.047898530960083,-1.8567639589309692,-0.8373878002166748,2.14235258102417,-2.0829296112060547
-1.7242388725280762,0.8111393451690674,1.0524671077728271,-1.8539788722991943,-0.8432488441467285,2.1380741596221924,-2.1030924320220947
-1.7248194217681885,0.8168278336524963,1.0570752620697021,-1.8511804342269897,-0.8491634130477905,2.133735418319702,-2.123255491256714
-1.7253925800323486,0.8225865364074707,1.0617239475250244,-1.8483682870864868,-0.8551329970359802,2.1293346881866455,-2.143418550491333
-1.7259587049484253,0.8284149765968323,1.0664138793945312,-1.845542550086975,-0.8611583113670349,2.124871253967285,-2.163581609725952
-1.726518154144287,0.8343175053596497,1.0711477994918823,-1.842703104019165,-0.8672426342964172,2.120342254638672,-2.1837446689605713
-1.7270704507827759,0.8402947783470154,1.075926661491394,-1.8398500680923462,-0.8733875155448914,2.1157472133636475,-2.2039072513580322
-1.727616786956787,0.8463487029075623,1.080752968788147,-1.83698308467865,-0.8795937895774841,2.1110832691192627,-2.2240703105926514
-1.7281551361083984,0.8524803519248962,1.0856260061264038,-1.8341026306152344,-0.8858628273010254,2.1063501834869385,-2.2442336082458496
-1.7286866903305054,0.8586938381195068,1.0905495882034302,-1.8312078714370728,-0.8921979665756226,2.1015446186065674,-2.2643964290618896
-1.7292112112045288,0.8649907112121582,1.0955250263214111,-1.8282992839813232,-0.8986002802848816,2.0966649055480957,-2.2845592498779297
-1.7297296524047852,0.8713731169700623,1.1005548238754272,-1.8253766298294067,-0.9050727486610413,2.0917086601257324,-2.3047220706939697
-1.7302390336990356,0.8778427839279175,1.1056379079818726,-1.8224397897720337,-0.911615252494812,2.0866758823394775,-2.324885368347168
-1.730742335319519,0.8844037652015686,1.1107802391052246,-1.8194888830184937,-0.9182333946228027,2.081561326980591,-2.345048189163208
-1.7312383651733398,0.8910583853721619,1.1159822940826416,-1.8165236711502075,-0.9249282479286194,2.0763638019561768,-2.365211009979248
-1.7317266464233398,0.8978084921836853,1.1212455034255981,-1.8135441541671753,-0.9317010641098022,2.0710816383361816,-2.385374069213867
-1.7322078943252563,0.9046585559844971,1.1265740394592285,-1.8105504512786865,-0.9385566711425781,2.0657105445861816,-2.4055371284484863
-1.7326817512512207,0.9116118550300598,1.131969928741455,-1.8075419664382935,-0.9454972147941589,2.0602478981018066,-2.4257001876831055
-1.7331476211547852,0.9186707735061646,1.137434959411621,-1.8045189380645752,-0.9525256752967834,2.054692029953003,-2.4458630084991455
-1.733605980873108,0.925839364528656,1.142972707748413,-1.8014814853668213,-0.9596447944641113,2.0490384101867676,-2.4660260677337646
-1.7340562343597412,0.9331217408180237,1.1485859155654907,-1.7984291315078735,-0.9668589234352112,2.0432844161987305,-2.486189126968384
-1.7344985008239746,0.9405220150947571,1.1542779207229614,-1.7953622341156006,-0.9741716384887695,2.037426233291626,-2.506351947784424
-1.7349330186843872,0.9480440020561218,1.1600525379180908,-1.7922803163528442,-0.9815865755081177,2.0314600467681885,-2.526514768600464
-1.7353583574295044,0.9556922316551208,1.1659116744995117,-1.7891836166381836,-0.9891071915626526,2.0253822803497314,-2.546677827835083
-1.7357760667800903,0.9634727835655212,1.1718617677688599,-1.7860716581344604,-0.9967392683029175,2.0191872119903564,-2.566840887069702
