0.4400794208049774,0.9703850150108337,0.36771273612976074,-1.0790104866027832,-0.33155155181884766,1.9953560829162598,-1.5609384775161743
0.4443299472332001,0.9641258120536804,0.3584069013595581,-1.0876665115356445,-0.32254406809806824,2.000319004058838,-1.5399551391601562
0.44859954714775085,0.9579840898513794,0.3492702543735504,-1.0962004661560059,-0.313724160194397,2.0051822662353516,-1.5189719200134277
0.45288825035095215,0.9519562125205994,0.3402929902076721,-1.104616403579712,-0.3050811290740967,2.009950637817383,-1.4979885816574097
0.45719560980796814,0.9460369348526001,0.3314663767814636,-1.1129202842712402,-0.2966068685054779,2.01462721824646,-1.4770053625106812
0.4615224003791809,0.9402220249176025,0.3227805197238922,-1.12111496925354,-0.2882899045944214,2.0192155838012695,-1.456022024154663
0.46586769819259644,0.9345076680183411,0.31422916054725647,-1.1292052268981934,-0.28012460470199585,2.0237197875976562,-1.4350388050079346
0.4702316224575043,0.9288907051086426,0.30580437183380127,-1.1371946334838867,-0.27210357785224915,2.0281424522399902,-1.4140554666519165
0.4746142029762268,0.923366367816925,0.2974994480609894,-1.145087480545044,-0.2642187178134918,2.0324864387512207,-1.393072247505188
0.4790158271789551,0.9179334044456482,0.28930771350860596,-1.1528854370117188,-0.25646430253982544,2.0367541313171387,-1.37208890914917
0.48343631625175476,0.9125879406929016,0.28122323751449585,-1.1605920791625977,-0.2488335818052292,2.0409488677978516,-1.3511055707931519
0.4878757894039154,0.9073264002799988,0.27324017882347107,-1.1682119369506836,-0.24132096767425537,2.045072555541992,-1.3301223516464233
0.49233391880989075,0.9021467566490173,0.2653540372848511,-1.1757464408874512,-0.2339218258857727,2.0491273403167725,-1.3091390132904053
0.49681228399276733,0.8970515131950378,0.2575588822364807,-1.1831989288330078,-0.22663073241710663,2.0531163215637207,-1.2881557941436768
0.5013070106506348,0.8920280337333679,0.24985307455062866,-1.1905715465545654,-0.2194441705942154,2.057040214538574,-1.2671724557876587
0.5058215856552124,0.8870803117752075,0.24222899973392487,-1.1978659629821777,-0.2123558521270752,2.060901641845703,-1.2461892366409302
0.5103546380996704,0.8822049498558044,0.23468434810638428,-1.2050859928131104,-0.20536331832408905,2.0647027492523193,-1.225205898284912
0.5149059891700745,0.8773995041847229,0.22721529006958008,-1.2122323513031006,-0.1984616219997406,2.06844425201416,-1.204222559928894
0.5194768905639648,0.8726630806922913,0.21981686353683472,-1.2193093299865723,-0.19164767861366272,2.072129011154175,-1.1832393407821655
0.5240628123283386,0.8679941892623901,0.21249255537986755,-1.2263157367706299,-0.18492195010185242,2.0757570266723633,-1.162256121635437
0.5286707282066345,0.8633900284767151,0.20522837340831757,-1.233255386352539,-0.17827440798282623,2.079331159591675,-1.141272783279419
0.5332970023155212,0.858849287033081,0.1980268657207489,-1.2401304244995117,-0.17170436680316925,2.082853078842163,-1.1202894449234009
0.5379422307014465,0.8543704152107239,0.19088420271873474,-1.246941328048706,-0.16520917415618896,2.08632230758667,-1.0993062257766724
0.5426064729690552,0.8499522805213928,0.18379797041416168,-1.253690242767334,-0.1587863564491272,2.0897419452667236,-1.0783228874206543
0.5472894906997681,0.845593273639679,0.17676572501659393,-1.2603788375854492,-0.1524331420660019,2.093111991882324,-1.0573396682739258
0.5519914627075195,0.8412915468215942,0.1697847992181778,-1.2670087814331055,-0.14614738523960114,2.096435070037842,-1.0363563299179077
0.5567126274108887,0.8370468020439148,0.16285265982151031,-1.2735810279846191,-0.13992588222026825,2.0997109413146973,-1.0153729915618896
0.5614525079727173,0.8328569531440735,0.15596766769886017,-1.280097246170044,-0.1337675005197525,2.102940559387207,-0.9943897724151611
0.5662109851837158,0.8287211656570435,0.1491280198097229,-1.2865588665008545,-0.12767013907432556,2.1061253547668457,-0.9734064936637878
0.5709890723228455,0.8246387839317322,0.14233019948005676,-1.2929668426513672,-0.1216295063495636,2.109267473220825,-0.9524232149124146
0.5757859945297241,0.8206073641777039,0.13557346165180206,-1.2993228435516357,-0.1156463474035263,2.112366199493408,-0.9314398765563965
0.5806022882461548,0.8166271448135376,0.12885519862174988,-1.3056273460388184,-0.10971749573945999,2.1154232025146484,-0.9104565978050232
0.5854375958442688,0.812697172164917,0.12217430770397186,-1.3118820190429688,-0.10384148359298706,2.118439197540283,-0.8894733786582947
0.5902920365333557,0.8088155388832092,0.11552896350622177,-1.3180882930755615,-0.09801683574914932,2.121415615081787,-0.8684900403022766
0.5951656103134155,0.8049824833869934,0.10891751945018768,-1.3242459297180176,-0.09224135428667068,2.124352216720581,-0.8475067019462585
0.6000586152076721,0.8011961579322815,0.10233791917562485,-1.3303570747375488,-0.08651354163885117,2.1272499561309814,-0.82652348279953
0.6049705743789673,0.7974556684494019,0.09578972309827805,-1.3364224433898926,-0.0808320939540863,2.1301097869873047,-0.8055402040481567
0.609902024269104,0.7937614917755127,0.0892706885933876,-1.342442512512207,-0.07519643008708954,2.132932662963867,-0.7845568656921387
0.6148527264595032,0.790111780166626,0.08277972042560577,-1.348419189453125,-0.06960456818342209,2.135719060897827,-0.7635736465454102
0.6198228001594543,0.7865059971809387,0.0763154849410057,-1.3543519973754883,-0.06405401229858398,2.138469696044922,-0.7425903081893921
0.6248124837875366,0.7829434871673584,0.06987638771533966,-1.360243320465088,-0.0585450679063797,2.141185760498047,-0.7216070294380188
0.6298214197158813,0.7794237732887268,0.06346181780099869,-1.3660924434661865,-0.053075890988111496,2.1438663005828857,-0.7006238102912903
0.6348498463630676,0.775945782661438,0.05707024782896042,-1.3719007968902588,-0.04764522612094879,2.1465132236480713,-0.6796404719352722
0.6398979425430298,0.7725092768669128,0.05070057511329651,-1.377669334411621,-0.04225219041109085,2.1491270065307617,-0.6586571931838989
0.6449651718139648,0.7691132426261902,0.04435211420059204,-1.3833987712860107,-0.0368957594037056,2.1517081260681152,-0.6376739144325256
0.6500527858734131,0.7657566666603088,0.03802266716957092,-1.3890902996063232,-0.03157469257712364,2.1542563438415527,-0.6166906356811523
0.6551592350006104,0.7624403238296509,0.031712934374809265,-1.3947432041168213,-0.026287857443094254,2.156773090362549,-0.5957072973251343
0.660285472869873,0.759162962436676,0.02542075701057911,-1.4003596305847168,-0.02103508822619915,2.15925931930542,-0.5747240781784058
0.665431559085846,0.75592440366745,0.019145434722304344,-1.4059388637542725,-0.0158144012093544,2.1617140769958496,-0.5537407398223877
0.67059725522995,0.7527227997779846,0.012886316515505314,-1.4114830493927002,-0.01062542200088501,2.1641387939453125,-0.5327574610710144
0.6757826209068298,0.749559223651886,0.006642444059252739,-1.4169917106628418,-0.005467319395393133,2.1665329933166504,-0.5117742419242859
0.6809876561164856,0.7464333176612854,0.000413036992540583,-1.4224650859832764,-0.0003396683605387807,2.168898105621338,-0.4907909035682678
0.6862125396728516,0.743342936038971,-0.005802992731332779,-1.4279050827026367,0.004759848117828369,2.171234369277954,-0.46980759501457214
0.6914573311805725,0.7402889132499695,-0.012006320059299469,-1.4333114624023438,0.009830656461417675,2.173542022705078,-0.44882434606552124
0.6967215538024902,0.7372708916664124,-0.018197076395154,-1.4386849403381348,0.014873144216835499,2.175821542739868,-0.42784106731414795
0.702005922794342,0.7342877984046936,-0.024377040565013885,-1.4440257549285889,0.01988978311419487,2.1780734062194824,-0.4068577289581299
0.7073092460632324,0.7313399910926819,-0.030545061454176903,-1.4493346214294434,0.024879012256860733,2.180297374725342,-0.385874480009079
0.7126335501670837,0.7284260392189026,-0.03670458495616913,-1.4546124935150146,0.029843898490071297,2.1824941635131836,-0.3648912012577057
0.7179771661758423,0.7255467772483826,-0.042854223400354385,-1.4598591327667236,0.034783270210027695,2.184664726257324,-0.3439079523086548
0.723341166973114,0.7227011919021606,-0.04899553582072258,-1.4650752544403076,0.039698999375104904,2.1868085861206055,-0.3229246437549591
0.7287247180938721,0.7198887467384338,-0.05512838810682297,-1.470261573791504,0.044590793550014496,2.1889266967773438,-0.3019413352012634
0.7341282963752747,0.7171098589897156,-0.06125405430793762,-1.4754180908203125,0.04946006461977959,2.19101881980896,-0.28095799684524536
0.7395517230033875,0.7143632769584656,-0.06737251579761505,-1.4805455207824707,0.05430636554956436,2.1930861473083496,-0.25997471809387207
0.7449948787689209,0.7116490006446838,-0.07348436862230301,-1.485644817352295,0.05913129821419716,2.1951279640197754,-0.2389913946390152
0.7504580616950989,0.7089681029319763,-0.07959061861038208,-1.4907150268554688,0.06393472850322723,2.1971447467803955,-0.21800824999809265
0.7559412717819214,0.7063181400299072,-0.08569149672985077,-1.495758056640625,0.0687173530459404,2.1991374492645264,-0.19702492654323578
0.7614440321922302,0.7037003636360168,-0.09178703278303146,-1.5007729530334473,0.07347963750362396,2.2011055946350098,-0.1760416328907013
0.7669671177864075,0.7011127471923828,-0.0978786051273346,-1.5057616233825684,0.0782225951552391,2.203050136566162,-0.15505830943584442
0.7725098729133606,0.6985576748847961,-0.10396616160869598,-1.5107226371765137,0.08294641971588135,2.204969882965088,-0.13407498598098755
0.7780725955963135,0.6960326433181763,-0.11004998534917831,-1.515657901763916,0.08765067160129547,2.206867218017578,-0.11309165507555008
0.7836548089981079,0.693538248538971,-0.11613057553768158,-1.520566701889038,0.09233725070953369,2.208740711212158,-0.09210854768753052
0.7892575860023499,0.6910738945007324,-0.12220919877290726,-1.5254502296447754,0.09700633585453033,2.2105917930603027,-0.07112522423267365
0.7948795557022095,0.6886405944824219,-0.12828467786312103,-1.530308485031128,0.10165725648403168,2.2124195098876953,-0.05014190077781677
0.8005218505859375,0.6862363219261169,-0.13435888290405273,-1.5351417064666748,0.10629190504550934,2.2142257690429688,-0.02915857546031475
0.8061837553977966,0.6838623881340027,-0.14043115079402924,-1.5399501323699951,0.11090946197509766,2.2160086631774902,-0.008175252005457878
0.8118650913238525,0.6815181970596313,-0.14650221168994904,-1.5447337627410889,0.11551110446453094,2.2177696228027344,0.012808011844754219
0.8175667524337769,0.6792024374008179,-0.15257279574871063,-1.5494937896728516,0.12009694427251816,2.219508647918701,0.033791184425354004
0.8232877850532532,0.6769166588783264,-0.15864260494709015,-1.5542302131652832,0.12466718256473541,2.221226215362549,0.054774507880210876
0.8290286064147949,0.6746594309806824,-0.16471225023269653,-1.5589430332183838,0.12922261655330658,2.2229225635528564,0.07575783133506775
0.8347892165184021,0.6724309325218201,-0.17078208923339844,-1.5636327266693115,0.1337634027004242,2.224597454071045,0.09674115478992462
0.840569257736206,0.67023104429245,-0.17685222625732422,-1.5682995319366455,0.13828958570957184,2.2262511253356934,0.11772441864013672
0.8463689684867859,0.6680594086647034,-0.1829230636358261,-1.572943925857544,0.1428021788597107,2.227883815765381,0.1387077420949936
0.8521879315376282,0.665916919708252,-0.18899472057819366,-1.5775656700134277,0.1473013311624527,2.2294960021972656,0.15969091653823853
0.8580266237258911,0.6638022065162659,-0.19506773352622986,-1.5821654796600342,0.15178672969341278,2.2310872077941895,0.1806742399930954
0.8638848662376404,0.6617153882980347,-0.20114240050315857,-1.5867433547973633,0.156259685754776,2.2326581478118896,0.2016575038433075
0.8697623610496521,0.6596562266349792,-0.20721852779388428,-1.5912997722625732,0.1607198864221573,2.2342090606689453,0.22264082729816437
0.8756588697433472,0.6576249003410339,-0.2132963091135025,-1.5958349704742432,0.16516751050949097,2.235739231109619,0.24362415075302124
0.8815749883651733,0.6556212306022644,-0.2193765491247177,-1.600348949432373,0.16960301995277405,2.237250328063965,0.2646074593067169
0.8875099420547485,0.6536453366279602,-0.2254587858915329,-1.604842185974121,0.17402717471122742,2.238741397857666,0.28559064865112305
0.8934643268585205,0.6516968011856079,-0.23154385387897491,-1.6093146800994873,0.17843987047672272,2.2402126789093018,0.30657389760017395
0.8994379639625549,0.6497747302055359,-0.2376319319009781,-1.613767147064209,0.18284142017364502,2.241664409637451,0.327557235956192
0.9054305553436279,0.6478803157806396,-0.24372273683547974,-1.618199110031128,0.18723195791244507,2.243096351623535,0.3485405445098877
0.9114415049552917,0.6460130214691162,-0.24981634318828583,-1.622611165046692,0.19161181151866913,2.244509696960449,0.36952388286590576
0.9174715876579285,0.6441729068756104,-0.25591322779655457,-1.6270034313201904,0.19598138332366943,2.245903491973877,0.39050719141960144
0.923519492149353,0.6423594951629639,-0.26201263070106506,-1.6313762664794922,0.2003403902053833,2.247279167175293,0.4114903211593628
0.9295868873596191,0.6405725479125977,-0.2681165039539337,-1.6357301473617554,0.20469005405902863,2.2486350536346436,0.43247362971305847
0.9356725811958313,0.6388125419616699,-0.274223655462265,-1.6400643587112427,0.2090296745300293,2.249972105026245,0.45345696806907654
0.9417769312858582,0.6370784640312195,-0.28033462166786194,-1.64437997341156,0.21336007118225098,2.251290798187256,0.4744402766227722
0.947899341583252,0.6353716850280762,-0.2864494025707245,-1.648676872253418,0.21768173575401306,2.2525908946990967,0.4954236149787903
0.9540401697158813,0.6336913704872131,-0.29256823658943176,-1.6529550552368164,0.22199413180351257,2.253873109817505,0.5164068937301636
0.9601981043815613,0.6320372223854065,-0.29869017004966736,-1.657214879989624,0.22629772126674652,2.255136489868164,0.5373900532722473
0.9663755297660828,0.6304088234901428,-0.30481746792793274,-1.6614567041397095,0.23059308528900146,2.2563815116882324,0.5583733916282654
0.9725698232650757,0.6288071870803833,-0.31094831228256226,-1.6656806468963623,0.23488010466098785,2.2576088905334473,0.5793566703796387
0.9787824749946594,0.627231776714325,-0.3170839846134186,-1.669886589050293,0.23915928602218628,2.258817672729492,0.6003400087356567
0.9850119948387146,0.6256826519966125,-0.3232230246067047,-1.6740750074386597,0.2434307038784027,2.2600090503692627,0.62132328748703
0.9912593960762024,0.6241591572761536,-0.329367071390152,-1.6782457828521729,0.24769410490989685,2.2611820697784424,0.6423066258430481
0.9975242018699646,0.6226616501808167,-0.33551540970802307,-1.6823995113372803,0.251950740814209,2.2623374462127686,0.6632897853851318
1.0038063526153564,0.6211901307106018,-0.34166842699050903,-1.6865360736846924,0.2561998665332794,2.263475179672241,0.6842731237411499
1.0101053714752197,0.6197445392608643,-0.3478255569934845,-1.6906554698944092,0.26044172048568726,2.2645952701568604,0.7052563428878784
1.016420602798462,0.6183251738548279,-0.3539867401123047,-1.6947581768035889,0.2646771967411041,2.265698194503784,0.7262396812438965
1.0227532386779785,0.6169312596321106,-0.36015307903289795,-1.698844075202942,0.268905371427536,2.2667829990386963,0.7472230195999146
1.0291028022766113,0.6155630946159363,-0.36632421612739563,-1.7029134035110474,0.273127943277359,2.267850399017334,0.7682063579559326
1.0354681015014648,0.6142207980155945,-0.3724989593029022,-1.7069666385650635,0.2773432731628418,2.2689013481140137,0.7891895174980164
1.0418497323989868,0.6129047870635986,-0.37867850065231323,-1.711003303527832,0.28155356645584106,2.2699341773986816,0.8101727366447449
1.0482478141784668,0.6116135120391846,-0.3848626911640167,-1.7150243520736694,0.28575703501701355,2.2709503173828125,0.8311560750007629
1.054661512374878,0.6103483438491821,-0.3910510241985321,-1.7190289497375488,0.2899554371833801,2.27194881439209,0.852139413356781
1.1174440383911133,0.6220843195915222,-0.47125372290611267,-1.7273499965667725,0.3513363003730774,2.2647342681884766,0.8255232572555542
1.1782288551330566,0.6376491785049438,-0.5498425960540771,-1.7348294258117676,0.4130374789237976,2.2548766136169434,0.7989071011543274
1.2366859912872314,0.6571677327156067,-0.626701295375824,-1.741487979888916,0.4752751886844635,2.242198944091797,0.7722910046577454
1.2925658226013184,0.6808258891105652,-0.7018193602561951,-1.7473466396331787,0.538297176361084,2.226459503173828,0.7456748485565186
1.345685601234436,0.7088978290557861,-0.7752919793128967,-1.752425193786621,0.6023961305618286,2.20733904838562,0.7190586924552917
1.3959307670593262,0.7417758107185364,-0.8473420739173889,-1.7567427158355713,0.667934775352478,2.1844093799591064,0.6924425363540649
1.4432389736175537,0.7800207734107971,-0.918334424495697,-1.7603191137313843,0.735382616519928,2.157094717025757,0.6658264398574829
1.4875837564468384,0.8244425654411316,-0.9888105988502502,-1.7631725072860718,0.8053701519966125,2.124602794647217,0.6392102837562561
1.5289580821990967,0.8762357831001282,-1.0595600605010986,-1.7653223276138306,0.8787960410118103,2.085806369781494,0.6125941276550293
1.5673447847366333,0.9372428059577942,-1.1317678689956665,-1.7667865753173828,0.9570241570472717,2.039013147354126,0.5859779715538025
1.6026736497879028,1.010514736175537,-1.2073490619659424,-1.7675833702087402,1.0423239469528198,1.9814773797988892,0.5593618750572205
1.6347228288650513,1.1017646789550781,-1.289859414100647,-1.7677302360534668,1.1390235424041748,1.908136248588562,0.5327457189559937
1.6627486944198608,1.2245477437973022,-1.387802004814148,-1.7672460079193115,1.257714033126831,1.8071138858795166,0.5061295628547668
1.6465718746185303,1.1409026384353638,-1.3263741731643677,-1.777755856513977,1.1806693077087402,1.8764568567276,0.5361666083335876
1.6290093660354614,1.0726467370986938,-1.2742336988449097,-1.7880654335021973,1.1155941486358643,1.9322986602783203,0.5662037134170532
1.6103830337524414,1.0142098665237427,-1.2276500463485718,-1.7981764078140259,1.05789315700531,1.9794819355010986,0.596240758895874
1.5908483266830444,0.9627848267555237,-1.1847634315490723,-1.8080898523330688,1.0052833557128906,2.020456552505493,0.6262778043746948
1.5704665184020996,0.9167154431343079,-1.1444672346115112,-1.8178071975708008,0.9564387202262878,2.056673765182495,0.6563149094581604
1.5492684841156006,0.8749250769615173,-1.1060397624969482,-1.8273292779922485,0.9105069041252136,2.0890815258026123,0.6863519549369812
1.5272623300552368,0.836665689945221,-1.068972110748291,-1.8366576433181763,0.8669021725654602,2.1183419227600098,0.716389000415802
1.5044410228729248,0.8013928532600403,-1.0328840017318726,-1.8457927703857422,0.8252025246620178,2.14493989944458,0.7464260458946228
1.4807889461517334,0.7686954140663147,-0.9974788427352905,-1.8547358512878418,0.785091757774353,2.1692442893981934,0.7764631509780884
1.456282138824463,0.7382552623748779,-0.9625163674354553,-1.8634876012802124,0.7463251352310181,2.191542625427246,0.8065001964569092
1.4308923482894897,0.7098206281661987,-0.9277957081794739,-1.8720488548278809,0.7087098956108093,2.2120656967163086,0.83653724193573
1.404585599899292,0.6831892728805542,-0.8931440114974976,-1.8804206848144531,0.6720896363258362,2.231001377105713,0.8665743470191956
1.3773260116577148,0.6581965684890747,-0.8584112524986267,-1.8886034488677979,0.6363377571105957,2.248504400253296,0.8966113924980164
1.3336360454559326,0.6074749231338501,-0.8152358531951904,-1.929266333580017,0.5818616151809692,2.284432888031006,0.9206861853599548
1.2867807149887085,0.5605812668800354,-0.7726905345916748,-1.9679086208343506,0.5297555327415466,2.316702127456665,0.9447609782218933
1.2362815141677856,0.5170347094535828,-0.7297669053077698,-2.0046091079711914,0.47941866517066956,2.345752000808716,0.9688357710838318
1.181537389755249,0.4764881730079651,-0.6854579448699951,-2.039429187774658,0.4303871989250183,2.3719210624694824,0.9929105639457703
1.121814250946045,0.43869835138320923,-0.6387110352516174,-2.0724148750305176,0.3822944462299347,2.3954687118530273,1.016985297203064
1.056210994720459,0.40350908041000366,-0.588365912437439,-2.1035988330841064,0.3348461389541626,2.4166011810302734,1.0410600900650024
0.9836432933807373,0.37084484100341797,-0.533122181892395,-2.1330041885375977,0.28780242800712585,2.435479164123535,1.065134882926941
0.9028253555297852,0.34071075916290283,-0.47151514887809753,-2.16064453125,0.24096614122390747,2.4522314071655273,1.0892096757888794
0.8122937679290771,0.31319546699523926,-0.40191879868507385,-2.186525344848633,0.19417552649974823,2.4669549465179443,1.1132844686508179
0.7104774713516235,0.288482129573822,-0.32261717319488525,-2.210646152496338,0.14729659259319305,2.4797279834747314,1.1373592615127563
0.5958940982818604,0.26685282588005066,-0.23199301958084106,-2.233001232147217,0.10021914541721344,2.4906036853790283,1.1614340543746948
0.46749651432037354,0.24868987500667572,-0.12886998057365417,-2.253580093383789,0.05285138264298439,2.4996204376220703,1.1855088472366333
0.32525262236595154,0.2344551980495453,-0.013086619786918163,-2.272368907928467,0.0051266648806631565,2.506798267364502,1.2095836400985718
0.42218485474586487,0.2358900010585785,-0.1117023304104805,-2.272279739379883,0.04391436651349068,2.5062923431396484,1.1773760318756104
0.5172094702720642,0.2396700382232666,-0.20843562483787537,-2.271893262863159,0.08271832019090652,2.504929542541504,1.1451685428619385
0.6088148355484009,0.24572643637657166,-0.30180418491363525,-2.271209478378296,0.12155855447053909,2.5027015209198,1.112960934638977
0.6958106756210327,0.25395989418029785,-0.3906439542770386,-2.2702293395996094,0.16045401990413666,2.4995946884155273,1.0807533264160156
0.7773906588554382,0.2642510235309601,-0.4741758108139038,-2.268953800201416,0.19942401349544525,2.495589017868042,1.0485457181930542
0.8531182408332825,0.27647894620895386,-0.5519919395446777,-2.2673840522766113,0.23848861455917358,2.490659713745117,1.0163382291793823
0.9228833913803101,0.2905280292034149,-0.6240110993385315,-2.26552152633667,0.2776714563369751,2.484774112701416,0.9841306209564209
0.9868089556694031,0.30630025267601013,-0.6903874278068542,-2.2633681297302246,0.3169969618320465,2.477893114089966,0.9519230723381042
1.045182466506958,0.32371923327445984,-0.7514408826828003,-2.26092529296875,0.356492280960083,2.469970941543579,0.9197155237197876
1.0983896255493164,0.34273239970207214,-0.8075926899909973,-2.258195638656616,0.3961883783340454,2.4609508514404297,0.8875079154968262
1.14686119556427,0.363315612077713,-0.8593106269836426,-2.2551815509796143,0.43612003326416016,2.4507668018341064,0.8553003072738647
1.1910371780395508,0.3854711651802063,-0.9070764183998108,-2.251885414123535,0.47632670402526855,2.4393413066864014,0.8230927586555481
1.23134183883667,0.40923047065734863,-0.9513612389564514,-2.248310089111328,0.5168535113334656,2.4265828132629395,0.7908852100372314
1.2042855024337769,0.3917401134967804,-0.9385890364646912,-2.2599377632141113,0.4955121874809265,2.4369330406188965,0.7676512002944946
1.1758010387420654,0.37483319640159607,-0.9249122142791748,-2.270942449569702,0.4741787016391754,2.4466938972473145,0.7444171905517578
1.1457455158233643,0.3585021495819092,-0.9101581573486328,-2.2813215255737305,0.4528399407863617,2.455880880355835,0.721183180809021
1.1139583587646484,0.3427431881427765,-0.894138514995575,-2.291069984436035,0.4314858615398407,2.4645071029663086,0.6979491114616394
1.0802652835845947,0.32755565643310547,-0.8766509890556335,-2.300185441970825,0.4101075232028961,2.4725849628448486,0.6747151017189026
1.0444703102111816,0.31294384598731995,-0.8574726581573486,-2.3086631298065186,0.3886999785900116,2.4801251888275146,0.6514810919761658
1.006359338760376,0.2989153265953064,-0.836361289024353,-2.316499710083008,0.36725932359695435,2.487138032913208,0.628247082233429
0.9657005667686462,0.2854827046394348,-0.8130581378936768,-2.3236911296844482,0.3457833230495453,2.493633270263672,0.6050130724906921
0.9222472906112671,0.2726643681526184,-0.7872883677482605,-2.330233573913574,0.3242725133895874,2.4996182918548584,0.5817790627479553
0.8757323622703552,0.2604833245277405,-0.7587569952011108,-2.3361241817474365,0.30272719264030457,2.50510311126709,0.5585450530052185
0.825890064239502,0.2489713579416275,-0.7271700501441956,-2.3413591384887695,0.2811512053012848,2.5100936889648438,0.5353110432624817
0.7724558711051941,0.23816362023353577,-0.6922342777252197,-2.345935344696045,0.2595486044883728,2.514596462249756,0.5120769739151001
0.7151781916618347,0.2281055599451065,-0.6536697149276733,-2.3498501777648926,0.23792488873004913,2.518618583679199,0.48884299397468567
0.7632168531417847,0.2262299656867981,-0.6999795436859131,-2.36155366897583,0.2510521113872528,2.520824670791626,0.4621533155441284
0.8118100166320801,0.22483572363853455,-0.7467590570449829,-2.373175621032715,0.2641720771789551,2.522886037826538,0.4354636073112488
0.8607887029647827,0.22392785549163818,-0.7938401699066162,-2.3847172260284424,0.2772873640060425,2.5248022079467773,0.40877392888069153
0.9099713563919067,0.22351305186748505,-0.8410423994064331,-2.396179676055908,0.2904009521007538,2.5265722274780273,0.3820842504501343
0.9591720700263977,0.22359047830104828,-0.8881806135177612,-2.407565116882324,0.30351436138153076,2.528195381164551,0.35539454221725464
1.008199691772461,0.2241615355014801,-0.9350644946098328,-2.4188733100891113,0.31663087010383606,2.5296707153320312,0.3287048637866974
1.0568699836730957,0.22522330284118652,-0.9815101623535156,-2.4301068782806396,0.3297531008720398,2.5309975147247314,0.30201518535614014
1.105006456375122,0.22677035629749298,-1.0273418426513672,-2.4412660598754883,0.34288284182548523,2.5321738719940186,0.2753254771232605
1.1524436473846436,0.22879564762115479,-1.0723943710327148,-2.4523520469665527,0.3560228645801544,2.5331978797912598,0.24863578379154205
1.1990289688110352,0.23129123449325562,-1.116515874862671,-2.4633660316467285,0.3691761791706085,2.5340681076049805,0.2219460904598236
1.2446281909942627,0.23424497246742249,-1.1595717668533325,-2.474309206008911,0.3823438882827759,2.534782886505127,0.19525639712810516
1.2891273498535156,0.23764537274837494,-1.2014490365982056,-2.485182285308838,0.39552968740463257,2.535339593887329,0.1685667186975479
1.332431674003601,0.24147997796535492,-1.2420520782470703,-2.4959864616394043,0.4087345004081726,2.535735607147217,0.14187704026699066
1.374464988708496,0.2457352578639984,-1.2813053131103516,-2.506722927093506,0.42196163535118103,2.535968780517578,0.11518734693527222
1.4151699542999268,0.2503983974456787,-1.3191509246826172,-2.517392158508301,0.43521302938461304,2.5360355377197266,0.08849765360355377
1.4545115232467651,0.25545498728752136,-1.355554223060608,-2.5279946327209473,0.44849181175231934,2.5359318256378174,0.061807967722415924
1.4924639463424683,0.26089194416999817,-1.3904885053634644,-2.5385327339172363,0.4617994427680969,2.535655975341797,0.035118281841278076
1.529018759727478,0.26669612526893616,-1.423945426940918,-2.5490059852600098,0.47513848543167114,2.535202980041504,0.00842856802046299
1.5641844272613525,0.2728566527366638,-1.4559324979782104,-2.559415340423584,0.48851168155670166,2.5345683097839355,-0.01826108805835247
1.597970724105835,0.2793612480163574,-1.4864593744277954,-2.5697622299194336,0.5019210577011108,2.5337486267089844,-0.04495080187916756
1.6304049491882324,0.2862001359462738,-1.5155526399612427,-2.580047369003296,0.5153692960739136,2.532738208770752,-0.07164046913385391
1.6615158319473267,0.29336437582969666,-1.543239712715149,-2.59027099609375,0.5288588404655457,2.531531572341919,-0.09833018481731415
1.6913384199142456,0.30084529519081116,-1.5695552825927734,-2.6004340648651123,0.5423920750617981,2.5301239490509033,-0.125019833445549
1.7199125289916992,0.30863678455352783,-1.5945382118225098,-2.61053729057312,0.5559713840484619,2.5285086631774902,-0.15170955657958984
1.747281789779663,0.31673288345336914,-1.6182303428649902,-2.62058162689209,0.5696002840995789,2.526679039001465,-0.1783992052078247
1.7734897136688232,0.3251298666000366,-1.6406745910644531,-2.6305675506591797,0.5832812190055847,2.524627685546875,-0.20508892834186554
1.7985793352127075,0.33382391929626465,-1.6619126796722412,-2.640495777130127,0.597015917301178,2.522347927093506,-0.2317785769701004
1.8225980997085571,0.3428148329257965,-1.681990146636963,-2.65036678314209,0.610809326171875,2.5198304653167725,-0.25846830010414124
1.845587968826294,0.35210034251213074,-1.7009472846984863,-2.6601812839508057,0.6246621608734131,2.5170676708221436,-0.2851579785346985
1.8675944805145264,0.3616825342178345,-1.7188283205032349,-2.669940233230591,0.6385790109634399,2.5140490531921387,-0.3118476867675781
1.8886582851409912,0.3715624213218689,-1.7356715202331543,-2.6796441078186035,0.6525614261627197,2.510765552520752,-0.338537335395813
1.908820629119873,0.3817460238933563,-1.751516580581665,-2.6892929077148438,0.6666146516799927,2.507204532623291,-0.365227073431015
1.928121566772461,0.39223581552505493,-1.766400694847107,-2.698887825012207,0.6807412505149841,2.5033555030822754,-0.3919167220592499
1.9465974569320679,0.4030399024486542,-1.780357003211975,-2.7084290981292725,0.6949453949928284,2.499204635620117,-0.4186064302921295
1.9258455038070679,0.3930552005767822,-1.7976752519607544,-2.714409828186035,0.6803948879241943,2.506535530090332,-0.446933776140213
1.901745319366455,0.3829955756664276,-1.8124364614486694,-2.718651294708252,0.6654935479164124,2.5134406089782715,-0.4752611219882965
1.874077320098877,0.37288209795951843,-1.824270486831665,-2.7211270332336426,0.6503825783729553,2.519868850708008,-0.5035884976387024
1.842605471611023,0.3627462685108185,-1.832784652709961,-2.7218170166015625,0.6352111101150513,2.5257716178894043,-0.5319158434867859
1.8070839643478394,0.3526322841644287,-1.8375704288482666,-2.720707893371582,0.6201323866844177,2.531100273132324,-0.5602431893348694
1.7672525644302368,0.342601478099823,-1.8382028341293335,-2.7177937030792236,0.6053031086921692,2.5358080863952637,-0.5885705351829529
1.7228450775146484,0.33273380994796753,-1.8342537879943848,-2.7130749225616455,0.5908777713775635,2.539849281311035,-0.6168978810310364
1.673593521118164,0.3231297731399536,-1.82529878616333,-2.706559419631958,0.577007532119751,2.543180227279663,-0.6452252268791199
1.6192439794540405,0.313912034034729,-1.8109371662139893,-2.6982619762420654,0.5638346076011658,2.545761823654175,-0.6735525727272034
1.5595767498016357,0.30522865056991577,-1.7908153533935547,-2.688202142715454,0.5514945983886719,2.5475549697875977,-0.7018799185752869
1.494441032409668,0.2972511351108551,-1.764663577079773,-2.676405906677246,0.5401082634925842,2.548525333404541,-0.7302072644233704
1.4237923622131348,0.2901761531829834,-1.7323347330093384,-2.6629016399383545,0.5297877192497253,2.5486395359039307,-0.7585346102714539
1.347751259803772,0.28421875834465027,-1.6938650608062744,-2.647721767425537,0.5206288695335388,2.5478668212890625,-0.7868619561195374
1.266652226448059,0.2796071171760559,-1.6495236158370972,-2.6309008598327637,0.512715756893158,2.5461795330047607,-0.8151893019676208
1.1810940504074097,0.2765754163265228,-1.5998622179031372,-2.612473964691162,0.5061195492744446,2.543550729751587,-0.8435167074203491
1.0919623374938965,0.27534976601600647,-1.5457372665405273,-2.5924758911132812,0.5008992552757263,2.539954900741577,-0.8718439936637878
1.0004149675369263,0.27613505721092224,-1.4882957935333252,-2.57094144821167,0.4971027672290802,2.535367727279663,-0.9001713395118713
0.9078345894813538,0.2791043221950531,-1.428925633430481,-2.5479023456573486,0.4947708547115326,2.529761791229248,-0.9284987449645996
0.8156949281692505,0.2843826115131378,-1.3691213130950928,-2.523388624191284,0.4939354956150055,2.52311372756958,-0.9568260312080383
0.7254607677459717,0.29204997420310974,-1.3103835582733154,-2.4974255561828613,0.4946255385875702,2.515392780303955,-0.9851534366607666
0.6384373307228088,0.30213674902915955,-1.2540669441223145,-2.470036268234253,0.4968644082546234,2.5065696239471436,-1.01348078250885
0.5556831359863281,0.3146335184574127,-1.201292634010315,-2.441236734390259,0.5006767511367798,2.4966087341308594,-1.0418081283569336
0.47796353697776794,0.32950204610824585,-1.1529011726379395,-2.4110400676727295,0.5060884952545166,2.4854705333709717,-1.070135474205017
0.4057384729385376,0.34669026732444763,-1.109440803527832,-2.3794517517089844,0.5131292939186096,2.473109006881714,-1.0984628200531006
0.3392069935798645,0.3661399781703949,-1.0712096691131592,-2.3464713096618652,0.5218350887298584,2.459470272064209,-1.126790165901184
0.28652483224868774,0.3765484690666199,-1.031705379486084,-2.3187642097473145,0.5182984471321106,2.451016426086426,-1.1508044004440308
0.23680546879768372,0.38796740770339966,-0.9949373006820679,-2.2906112670898438,0.5153195858001709,2.44207763671875,-1.1748186349868774
0.1900034099817276,0.40033450722694397,-0.960893988609314,-2.2619993686676025,0.5128957033157349,2.432657480239868,-1.1988329887390137
0.14602850377559662,0.41358864307403564,-0.9295133352279663,-2.2329154014587402,0.5110166072845459,2.422759532928467,-1.2228472232818604
0.1047697588801384,0.427682101726532,-0.9007189869880676,-2.203342914581299,0.5096853375434875,2.4123833179473877,-1.246861457824707
0.06609465926885605,0.4425717890262604,-0.8744117021560669,-2.1732635498046875,0.5089029669761658,2.401526689529419,-1.2708756923675537
0.029862837865948677,0.4582214057445526,-0.8504858016967773,-2.1426572799682617,0.5086747407913208,2.3901848793029785,-1.2948899269104004
-0.004074969328939915,0.4746038615703583,-0.8288277387619019,-2.1115002632141113,0.5090084075927734,2.3783516883850098,-1.318904161453247
-0.035862602293491364,0.49169743061065674,-0.809332013130188,-2.0797672271728516,0.5099158883094788,2.3660168647766113,-1.3429183959960938
-0.06564554572105408,0.5094892978668213,-0.791893482208252,-2.047428846359253,0.5114132165908813,2.353168249130249,-1.36693274974823
-0.09356176108121872,0.5279732942581177,-0.7764180898666382,-2.0144524574279785,0.5135207176208496,2.339789867401123,-1.3909469842910767
-0.11974365264177322,0.5471501350402832,-0.7628208994865417,-1.9808013439178467,0.5162642002105713,2.3258633613586426,-1.4149612188339233
-0.14431554079055786,0.5670291185379028,-0.7510300278663635,-1.9464341402053833,0.519676148891449,2.3113656044006348,-1.43897545337677
-0.17060913145542145,0.5540519952774048,-0.7190540432929993,-1.9471291303634644,0.49277687072753906,2.319526433944702,-1.4497275352478027
-0.19771789014339447,0.5418533086776733,-0.6864631175994873,-1.947703242301941,0.4660695791244507,2.3270952701568604,-1.460479497909546
-0.22564059495925903,0.5304151773452759,-0.6532402634620667,-1.9481550455093384,0.4395349323749542,2.334096908569336,-1.4712315797805786
-0.2543782591819763,0.5197228193283081,-0.6193674206733704,-1.9484843015670776,0.41315627098083496,2.340557813644409,-1.4819836616516113
-0.2839212417602539,0.509762704372406,-0.5848386883735657,-1.9486896991729736,0.3869166076183319,2.346497058868408,-1.4927356243133545
-0.31426072120666504,0.5005265474319458,-0.5496482253074646,-1.9487707614898682,0.3608018755912781,2.351935625076294,-1.5034877061843872
-0.3453756868839264,0.49200665950775146,-0.5138026475906372,-1.948726773262024,0.3347981870174408,2.356889247894287,-1.51423978805542
-0.37724384665489197,0.4841974675655365,-0.47731152176856995,-1.9485570192337036,0.30889180302619934,2.3613741397857666,-1.524991750717163
-0.40983378887176514,0.47709596157073975,-0.44019344449043274,-1.94826078414917,0.2830715775489807,2.365402936935425,-1.5357438325881958
-0.4431077539920807,0.47069981694221497,-0.40247446298599243,-1.9478375911712646,0.25732508301734924,2.368988037109375,-1.5464959144592285
-0.47702255845069885,0.46500828862190247,-0.36418595910072327,-1.947286605834961,0.23164187371730804,2.372140407562256,-1.5572478771209717
-0.5115246772766113,0.46002134680747986,-0.32537052035331726,-1.9466071128845215,0.20601195096969604,2.3748672008514404,-1.5679999589920044
-0.5465566515922546,0.4557393491268158,-0.28607451915740967,-1.9457989931106567,0.18042497336864471,2.377178430557251,-1.578752040863037
-0.5820552706718445,0.45216435194015503,-0.2463504672050476,-1.9448610544204712,0.15487045049667358,2.379079580307007,-1.5895040035247803
-0.6179468631744385,0.4492957592010498,-0.20626194775104523,-1.9437934160232544,0.1293400526046753,2.380575180053711,-1.600256085395813
-0.654157280921936,0.44713717699050903,-0.16587284207344055,-1.9425947666168213,0.10382425040006638,2.3816707134246826,-1.6110081672668457
-0.6906062960624695,0.4456883668899536,-0.12525302171707153,-1.9412654638290405,0.07831379771232605,2.38236927986145,-1.6217601299285889
-0.7272104620933533,0.44495058059692383,-0.08447592705488205,-1.9398044347763062,0.052799224853515625,2.3826723098754883,-1.6325122117996216
-0.7638838887214661,0.4449249804019928,-0.04361743852496147,-1.938211441040039,0.027272092178463936,2.3825812339782715,-1.6432642936706543
-0.8005407452583313,0.44561246037483215,-0.0027531925588846207,-1.936486005783081,0.0017231269739568233,2.382096290588379,-1.654016375541687
-0.8370949625968933,0.44701212644577026,0.03804105892777443,-1.9346280097961426,-0.02385648526251316,2.381216049194336,-1.6647683382034302
-0.8734630346298218,0.44912418723106384,0.0786917582154274,-1.9326366186141968,-0.049476202577352524,2.3799383640289307,-1.6755203008651733
-0.9095621109008789,0.4519485831260681,0.11912700533866882,-1.9305118322372437,-0.07514577358961105,2.378260374069214,-1.686272382736206
-0.9453160762786865,0.45548415184020996,0.15928126871585846,-1.928252935409546,-0.10087496042251587,2.376178026199341,-1.6970244646072388
-0.9806519746780396,0.45973050594329834,0.19909270107746124,-1.9258601665496826,-0.12667322158813477,2.373685836791992,-1.7077765464782715
-1.015503168106079,0.4646870493888855,0.23850604891777039,-1.923332691192627,-0.15255166590213776,2.3707776069641113,-1.7185285091400146
-1.0498102903366089,0.47035399079322815,0.27747392654418945,-1.9206706285476685,-0.17852206528186798,2.3674447536468506,-1.7292805910110474
-1.0835174322128296,0.47673270106315613,0.3159523904323578,-1.9178730249404907,-0.2045939415693283,2.3636794090270996,-1.7400325536727905
-1.116579532623291,0.48382240533828735,0.3539091944694519,-1.914940595626831,-0.23078085482120514,2.3594703674316406,-1.7507846355438232
-1.1489561796188354,0.4916282594203949,0.3913179039955139,-1.911872386932373,-0.25709599256515503,2.354806661605835,-1.761536717414856
-1.180614709854126,0.5001512765884399,0.4281599223613739,-1.908668875694275,-0.283551961183548,2.3496742248535156,-1.7722887992858887
-1.2115288972854614,0.5093996524810791,0.4644240140914917,-1.9053289890289307,-0.3101651668548584,2.34405779838562,-1.7830407619476318
-1.2416795492172241,0.5193787217140198,0.5001068711280823,-1.901853322982788,-0.33695024251937866,2.3379411697387695,-1.7937928438186646
-1.2710514068603516,0.530099630355835,0.5352106690406799,-1.8982411623001099,-0.3639250695705414,2.3313045501708984,-1.8045449256896973
-1.2996370792388916,0.5415738821029663,0.5697464942932129,-1.894492745399475,-0.39110782742500305,2.324127197265625,-1.8152968883514404
-1.3274327516555786,0.5538167357444763,0.6037304401397705,-1.8906078338623047,-0.41851991415023804,2.316385269165039,-1.8260489702224731
-1.3544392585754395,0.5668476819992065,0.6371850371360779,-1.8865859508514404,-0.44618260860443115,2.308051109313965,-1.8368010520935059
-1.380661129951477,0.5806889533996582,0.6701382994651794,-1.8824275732040405,-0.47412237524986267,2.2990963459014893,-1.8475531339645386
-1.4061063528060913,0.5953670740127563,0.7026243209838867,-1.8781322240829468,-0.5023653507232666,2.2894864082336426,-1.8583050966262817
-1.4307844638824463,0.6109150648117065,0.7346811890602112,-1.8736999034881592,-0.5309416651725769,2.279183864593506,-1.8690571784973145
-1.4547101259231567,0.6273704767227173,0.7663557529449463,-1.8691304922103882,-0.5598868131637573,2.26814603805542,-1.8798092603683472
-1.477895975112915,0.6447780728340149,0.7976959347724915,-1.8644239902496338,-0.5892380475997925,2.2563252449035645,-1.8905613422393799
-1.5003589391708374,0.6631903648376465,0.828758716583252,-1.8595802783966064,-0.6190406680107117,2.243666648864746,-1.9013131856918335
-1.52211332321167,0.6826684474945068,0.8596042394638062,-1.8545989990234375,-0.6493428945541382,2.2301082611083984,-1.9120652675628662
-1.5431782007217407,0.703285813331604,0.8903032541275024,-1.8494807481765747,-0.6802031397819519,2.215578079223633,-1.922817349433899
-1.5635685920715332,0.7251278162002563,0.9209314584732056,-1.8442246913909912,-0.711688220500946,2.199993848800659,-1.933569312095642
-1.5833015441894531,0.7482953071594238,0.9515752792358398,-1.8388311862945557,-0.7438748478889465,2.1832590103149414,-1.9443213939666748
-1.6023921966552734,0.7729100584983826,0.9823333621025085,-1.8333001136779785,-0.7768571972846985,2.165260076522827,-1.9550734758377075
-1.6208546161651611,0.7991170883178711,1.013317584991455,-1.8276314735412598,-0.81074458360672,2.1458630561828613,-1.9658255577087402
-1.638700246810913,0.8270943760871887,1.0446598529815674,-1.8218251466751099,-0.8456716537475586,2.124906301498413,-1.9765775203704834
-1.6559386253356934,0.8570595979690552,1.0765161514282227,-1.8158807754516602,-0.8818057179450989,2.102191686630249,-1.9873296022415161
-1.6103744506835938,0.7304389476776123,1.007137417793274,-1.9172176122665405,-0.7717472314834595,2.199636697769165,-1.9912185668945312
-1.5597410202026367,0.6230384111404419,0.9543673992156982,-2.009413242340088,-0.6773443222045898,2.2787744998931885,-1.9951075315475464
-1.5032165050506592,0.5288621187210083,0.9111266136169434,-2.0934479236602783,-0.5913192629814148,2.3446810245513916,-1.9989964962005615
-1.439176321029663,0.4446350038051605,0.8724753260612488,-2.169900894165039,-0.5095447301864624,2.400090217590332,-2.002885341644287
-1.3646914958953857,0.36838847398757935,0.8335199952125549,-2.2390661239624023,-0.429390549659729,2.446627140045166,-2.006774425506592
-1.2743709087371826,0.2989274561405182,0.7875872254371643,-2.301027774810791,-0.34906864166259766,2.4853055477142334,-2.0106632709503174
-1.239525556564331,0.30726462602615356,0.7599765062332153,-2.2829370498657227,-0.34584641456604004,2.4796547889709473,-2.0314598083496094
-1.2064745426177979,0.3159436881542206,0.7340490221977234,-2.264660358428955,-0.34280622005462646,2.4738359451293945,-2.0522565841674805
-1.1751353740692139,0.3249441683292389,0.7097282409667969,-2.246194362640381,-0.33994585275650024,2.4678497314453125,-2.0730531215667725
-1.1454180479049683,0.3342471420764923,0.6869311928749084,-2.227534770965576,-0.337262362241745,2.4616973400115967,-2.0938498973846436
-1.1172385215759277,0.3438366949558258,0.665579617023468,-2.208677291870117,-0.33475419878959656,2.4553780555725098,-2.1146464347839355
-1.0905089378356934,0.35369762778282166,0.6455920934677124,-2.189617156982422,-0.33241909742355347,2.44889235496521,-2.1354429721832275
-1.0651460886001587,0.3638174533843994,0.6268913745880127,-2.170349597930908,-0.3302549123764038,2.442239999771118,-2.1562397480010986
-1.0410685539245605,0.37418505549430847,0.609402596950531,-2.1508688926696777,-0.32826146483421326,2.435420036315918,-2.1770362854003906
-1.0182011127471924,0.3847913444042206,0.5930566787719727,-2.131168842315674,-0.32643669843673706,2.428431272506714,-2.1978330612182617
-0.9964688420295715,0.3956281840801239,0.5777868032455444,-2.111243724822998,-0.3247811198234558,2.4212725162506104,-2.2186295986175537
-0.9758039116859436,0.4066884219646454,0.5635281205177307,-2.0910863876342773,-0.3232935965061188,2.4139418601989746,-2.239426374435425
-0.9561399817466736,0.41796812415122986,0.5502229928970337,-2.0706892013549805,-0.32197561860084534,2.406437635421753,-2.260222911834717
-0.9374147057533264,0.42946362495422363,0.5378156304359436,-2.0500447750091553,-0.32082635164260864,2.3987576961517334,-2.281019449234009
-0.9195740818977356,0.4411711096763611,0.5262590646743774,-2.029144525527954,-0.31984755396842957,2.3908982276916504,-2.301815986633301
-0.9025607109069824,0.45309001207351685,0.5155029892921448,-2.007979154586792,-0.31904035806655884,2.382857322692871,-2.322612762451172
-0.8863250613212585,0.4652203917503357,0.5055055618286133,-1.9865387678146362,-0.3184065520763397,2.37463116645813,-2.343409538269043
-0.8708232045173645,0.47756215929985046,0.4962305724620819,-1.9648125171661377,-0.3179493248462677,2.3662145137786865,-2.364206075668335
-0.8560099601745605,0.49011722207069397,0.48764073848724365,-1.9427894353866577,-0.3176708221435547,2.3576040267944336,-2.385002613067627
-0.841843843460083,0.5028895735740662,0.47970354557037354,-1.9204567670822144,-0.3175750970840454,2.3487942218780518,-2.405799388885498
-0.8282879590988159,0.5158827304840088,0.47239112854003906,-1.8978008031845093,-0.31766653060913086,2.3397793769836426,-2.42659592628479
-0.8153072595596313,0.5291011929512024,0.4656778573989868,-1.874807596206665,-0.31794974207878113,2.3305532932281494,-2.447392702102661
-0.8028693795204163,0.5425523519515991,0.45954224467277527,-1.8514606952667236,-0.31843218207359314,2.321108102798462,-2.468189239501953
-0.790943443775177,0.5562433004379272,0.4539641737937927,-1.8277432918548584,-0.3191191852092743,2.311436891555786,-2.488985776901245
-0.7794997096061707,0.5701832175254822,0.4489261507987976,-1.803635835647583,-0.3200192153453827,2.301530599594116,-2.509782552719116
-0.7685137987136841,0.5843818783760071,0.44441717863082886,-1.779118537902832,-0.32114213705062866,2.29137921333313,-2.530579090118408
