1.8003886938095093,1.1496630907058716,-1.3237738609313965,-1.7527872323989868,1.1828243732452393,1.8686354160308838,-2.196605920791626
1.7999267578125,1.13991117477417,-1.3170640468597412,-1.756219744682312,1.1740628480911255,1.8767142295837402,-2.1734864711761475
1.7994530200958252,1.1303908824920654,-1.3105335235595703,-1.7596436738967896,1.1655107736587524,1.8845906257629395,-2.15036678314209
1.7989684343338013,1.1210894584655762,-1.3041722774505615,-1.7630584239959717,1.1571565866470337,1.8922759294509888,-2.1272473335266113
1.7984745502471924,1.111992597579956,-1.297970175743103,-1.7664649486541748,1.1489875316619873,1.899781584739685,-2.1041276454925537
1.7979713678359985,1.1030895709991455,-1.2919182777404785,-1.7698622941970825,1.1409932374954224,1.9071176052093506,-2.081008195877075
1.7974601984024048,1.094367504119873,-1.2860074043273926,-1.7732516527175903,1.1331627368927002,1.9142944812774658,-2.0578885078430176
1.7969410419464111,1.0858204364776611,-1.2802317142486572,-1.7766317129135132,1.1254892349243164,1.9213179349899292,-2.034769058227539
1.796414852142334,1.0774356126785278,-1.274583101272583,-1.7800037860870361,1.11796236038208,1.9281985759735107,-2.0116493701934814
1.7958818674087524,1.0692074298858643,-1.269055724143982,-1.7833672761917114,1.110575795173645,1.9349415302276611,-1.9885298013687134
1.7953428030014038,1.0611276626586914,-1.2636442184448242,-1.7867223024368286,1.1033223867416382,1.9415535926818848,-1.9654102325439453
1.7947978973388672,1.0531885623931885,-1.2583421468734741,-1.790069341659546,1.0961956977844238,1.9480419158935547,-1.9422906637191772
1.7942475080490112,1.0453852415084839,-1.253145694732666,-1.793407917022705,1.0891900062561035,1.9544107913970947,-1.9191712141036987
1.7936919927597046,1.037710428237915,-1.2480496168136597,-1.7967383861541748,1.0823001861572266,1.9606657028198242,-1.8960516452789307
1.7931256294250488,1.0301588773727417,-1.243045449256897,-1.800060749053955,1.0755199193954468,1.9668123722076416,-1.8729320764541626
1.792562484741211,1.022727608680725,-1.2381402254104614,-1.803375005722046,1.0688471794128418,1.9728517532348633,-1.8498125076293945
1.791993498802185,1.0154088735580444,-1.2333216667175293,-1.8066811561584473,1.06227445602417,1.978792428970337,-1.8266929388046265
1.791420817375183,1.0081990957260132,-1.2285884618759155,-1.8099795579910278,1.0557986497879028,1.9846363067626953,-1.8035733699798584
1.7908447980880737,1.0010943412780762,-1.2239375114440918,-1.8132704496383667,1.049416422843933,1.9903873205184937,-1.7804538011550903
1.790265440940857,0.9940919876098633,-1.2193665504455566,-1.8165528774261475,1.0431253910064697,1.9960471391677856,-1.7573342323303223
1.7896828651428223,0.9871862530708313,-1.2148712873458862,-1.8198277950286865,1.036919116973877,2.0016214847564697,-1.7342146635055542
1.7890968322753906,0.9803747534751892,-1.21044921875,-1.8230950832366943,1.030797004699707,2.0071120262145996,-1.7110950946807861
1.7885085344314575,0.9736546277999878,-1.206099033355713,-1.826354742050171,1.0247553586959839,2.012521266937256,-1.687975525856018
1.7879174947738647,0.9670219421386719,-1.201817274093628,-1.8296066522598267,1.0187910795211792,2.017852783203125,-1.66485595703125
1.787324070930481,0.9604746699333191,-1.1976025104522705,-1.8328508138656616,1.0129021406173706,2.0231080055236816,-1.641736388206482
1.786728858947754,0.9540092349052429,-1.19345223903656,-1.836087942123413,1.0070855617523193,2.028290271759033,-1.6186168193817139
1.786130666732788,0.9476233124732971,-1.1893633604049683,-1.8393173217773438,1.001338005065918,2.0334019660949707,-1.5954972505569458
1.7855312824249268,0.9413149952888489,-1.1853362321853638,-1.8425393104553223,0.9956592917442322,2.0384440422058105,-1.5723776817321777
1.7849295139312744,0.9350813627243042,-1.1813671588897705,-1.8457540273666382,0.9900457859039307,2.043419599533081,-1.5492581129074097
1.7843265533447266,0.9289203882217407,-1.1774556636810303,-1.848961591720581,0.9844956398010254,2.0483298301696777,-1.5261385440826416
1.7837225198745728,0.9228297472000122,-1.1735997200012207,-1.8521615266799927,0.9790078401565552,2.0531768798828125,-1.5030189752578735
1.7831165790557861,0.9168084263801575,-1.1697975397109985,-1.8553544282913208,0.9735798239707947,2.057962656021118,-1.4798994064331055
1.7825089693069458,0.9108522534370422,-1.1660468578338623,-1.8585402965545654,0.9682081937789917,2.0626893043518066,-1.4567798376083374
1.781901240348816,0.9049622416496277,-1.1623486280441284,-1.861719012260437,0.9628950953483582,2.067356824874878,-1.4336602687835693
1.7812916040420532,0.8991342782974243,-1.1586987972259521,-1.864890694618225,0.9576351642608643,2.0719685554504395,-1.4105406999588013
1.7806816101074219,0.8933685421943665,-1.1550984382629395,-1.8680552244186401,0.9524299502372742,2.076524257659912,-1.3874212503433228
1.7800700664520264,0.8876612782478333,-1.1515437364578247,-1.8712130784988403,0.9472746253013611,2.0810275077819824,-1.3643015623092651
1.7794585227966309,0.8820136189460754,-1.1480364799499512,-1.874363660812378,0.9421715140342712,2.085477113723755,-1.341181993484497
1.778846263885498,0.8764219284057617,-1.14457368850708,-1.8775074481964111,0.937116801738739,2.0898756980895996,-1.318062424659729
1.7782336473464966,0.8708864450454712,-1.1411548852920532,-1.8806445598602295,0.932110071182251,2.094224214553833,-1.294942855834961
1.7776203155517578,0.8654047250747681,-1.137778878211975,-1.883774757385254,0.9271499514579773,2.0985238552093506,-1.2718234062194824
1.77700674533844,0.8599754571914673,-1.1344441175460815,-1.8868980407714844,0.9222346544265747,2.102776050567627,-1.2487038373947144
1.776393175125122,0.8545979857444763,-1.131150722503662,-1.890014886856079,0.9173640608787537,2.1069812774658203,-1.2255842685699463
1.7757786512374878,0.8492698073387146,-1.1278963088989258,-1.8931251764297485,0.9125354886054993,2.111142158508301,-1.2024646997451782
1.7751648426055908,0.8439920544624329,-1.1246819496154785,-1.8962286710739136,0.907750129699707,2.1152572631835938,-1.1793451309204102
1.7745487689971924,0.8387585878372192,-1.121502161026001,-1.8993258476257324,0.9030014276504517,2.1193313598632812,-1.156225562095642
1.7739338874816895,0.833574116230011,-1.1183620691299438,-1.902416467666626,0.8982957601547241,2.123361587524414,-1.1331058740615845
1.7733196020126343,0.8284363746643066,-1.115258812904358,-1.9055004119873047,0.8936298489570618,2.127349615097046,-1.109986424446106
1.7727054357528687,0.8233432769775391,-1.1121914386749268,-1.908577799797058,0.8890022039413452,2.1312966346740723,-1.086866855621338
1.7720917463302612,0.8182948231697083,-1.1091595888137817,-1.9116488695144653,0.8844118118286133,2.1352031230926514,-1.0637472867965698
1.7714784145355225,0.8132885694503784,-1.1061615943908691,-1.9147138595581055,0.8798575401306152,2.139070987701416,-1.0406277179718018
1.7708646059036255,0.8083244562149048,-1.1031969785690308,-1.9177720546722412,0.8753389716148376,2.1429004669189453,-1.0175081491470337
1.770251989364624,0.8034025430679321,-1.1002660989761353,-1.9208241701126099,0.8708559274673462,2.1466915607452393,-0.9943885803222656
1.769639253616333,0.7985199689865112,-1.0973665714263916,-1.9238700866699219,0.8664052486419678,2.150446653366089,-0.9712690114974976
1.7690280675888062,0.793677806854248,-1.0945004224777222,-1.9269098043441772,0.8619897365570068,2.1541643142700195,-0.9481494426727295
1.768416166305542,0.7888740301132202,-1.0916638374328613,-1.9299432039260864,0.857606053352356,2.1578474044799805,-0.9250299334526062
1.7678056955337524,0.7841086983680725,-1.0888586044311523,-1.932970404624939,0.8532542586326599,2.1614952087402344,-0.9019103646278381
1.7671958208084106,0.7793804407119751,-1.0860835313796997,-1.9359917640686035,0.8489344716072083,2.1651086807250977,-0.8787907958030701
1.7665866613388062,0.7746890187263489,-1.0833377838134766,-1.9390068054199219,0.844645082950592,2.1686885356903076,-0.855671226978302
1.7659783363342285,0.7700340151786804,-1.0806214809417725,-1.9420157670974731,0.8403856158256531,2.1722347736358643,-0.8325516581535339
1.7653708457946777,0.7654131650924683,-1.0779330730438232,-1.9450188875198364,0.8361550569534302,2.1757493019104004,-0.8094320297241211
1.7647647857666016,0.7608279585838318,-1.0752735137939453,-1.9480161666870117,0.831954300403595,2.1792314052581787,-0.786312460899353
1.7641592025756836,0.7562763690948486,-1.0726410150527954,-1.9510071277618408,0.8277814388275146,2.1826820373535156,-0.7631930112838745
1.7635552883148193,0.751758337020874,-1.0700359344482422,-1.9539926052093506,0.8236362338066101,2.1861019134521484,-0.7400734424591064
1.7629520893096924,0.7472730278968811,-1.0674577951431274,-1.9569720029830933,0.8195186853408813,2.1894912719726562,-0.7169538140296936
1.7623491287231445,0.7428197860717773,-1.064904808998108,-1.9599454402923584,0.8154267072677612,2.1928517818450928,-0.6938342452049255
1.7617483139038086,0.7383986711502075,-1.0623786449432373,-1.9629133939743042,0.8113618493080139,2.1961820125579834,-0.6707146763801575
1.7611486911773682,0.7340081334114075,-1.0598775148391724,-1.965875506401062,0.8073222041130066,2.1994833946228027,-0.6475951075553894
1.7605503797531128,0.7296485304832458,-1.0574020147323608,-1.9688318967819214,0.8033080697059631,2.202756404876709,-0.6244755387306213
1.7599525451660156,0.7253187894821167,-1.0549499988555908,-1.9717825651168823,0.7993183732032776,2.2060022354125977,-0.6013559699058533
1.759357213973999,0.7210188508033752,-1.0525234937667847,-1.9747275114059448,0.7953526973724365,2.2092196941375732,-0.57823646068573
1.758763074874878,0.7167479991912842,-1.0501208305358887,-1.9776668548583984,0.7914116382598877,2.2124099731445312,-0.5551167726516724
1.7581692934036255,0.7125056385993958,-1.0477406978607178,-1.9806005954742432,0.7874932289123535,2.2155745029449463,-0.5319973230361938
1.7575781345367432,0.70829176902771,-1.0453848838806152,-1.9835284948349,0.7835984230041504,2.2187116146087646,-0.5088778138160706
1.7569886445999146,0.7041053771972656,-1.043052315711975,-1.986451268196106,0.7797259092330933,2.221823215484619,-0.4857581555843353
1.7563998699188232,0.6999459862709045,-1.040741205215454,-1.9893683195114136,0.7758752703666687,2.224909782409668,-0.4626386761665344
1.755813717842102,0.695813775062561,-1.0384535789489746,-1.9922800064086914,0.7720467448234558,2.227970600128174,-0.4395189881324768
1.7552282810211182,0.6917077302932739,-1.036186933517456,-1.9951863288879395,0.7682395577430725,2.2310070991516113,-0.4163995087146759
1.7546457052230835,0.6876282691955566,-1.0339436531066895,-1.998086929321289,0.7644540667533875,2.234018564224243,-0.3932798504829407
1.754063367843628,0.6835730671882629,-1.031719446182251,-2.0009822845458984,0.7606875896453857,2.2370073795318604,-0.37016037106513977
1.7534840106964111,0.67954421043396,-1.0295180082321167,-2.0038723945617676,0.7569425106048584,2.239971160888672,-0.3470408618450165
1.7529065608978271,0.6755403876304626,-1.0273377895355225,-2.0067570209503174,0.7532179355621338,2.2429115772247314,-0.32392120361328125
1.7523304224014282,0.6715604066848755,-1.0251774787902832,-2.009636402130127,0.7495127320289612,2.2458293437957764,-0.30080172419548035
1.7517569065093994,0.6676048040390015,-1.0230382680892944,-2.0125107765197754,0.7458270192146301,2.2487239837646484,-0.27768203616142273
1.7511842250823975,0.663672685623169,-1.0209178924560547,-2.0153794288635254,0.7421595454216003,2.2515969276428223,-0.2545625567436218
1.750614881515503,0.6597643494606018,-1.0188190937042236,-2.0182433128356934,0.7385116219520569,2.2544469833374023,-0.2314428836107254
1.7500466108322144,0.6558787226676941,-1.0167386531829834,-2.021101713180542,0.7348816394805908,2.2572755813598633,-0.2083234041929245
1.7494813203811646,0.6520160436630249,-1.014678716659546,-2.0239551067352295,0.7312703728675842,2.260082483291626,-0.1852039247751236
1.7489174604415894,0.6481757760047913,-1.0126373767852783,-2.0268032550811768,0.7276764512062073,2.2628681659698486,-0.16208425164222717
1.748356580734253,0.6443576216697693,-1.0106158256530762,-2.029646158218384,0.724100649356842,2.265632390975952,-0.13896477222442627
1.747796893119812,0.6405608654022217,-1.0086116790771484,-2.032484292984009,0.7205411195755005,2.2683768272399902,-0.11584509164094925
1.7472409009933472,0.636786162853241,-1.0066280364990234,-2.0353174209594727,0.7169998288154602,2.271099805831909,-0.09272561222314835
1.7466859817504883,0.6330324411392212,-1.0046615600585938,-2.038145065307617,0.7134743928909302,2.2738029956817627,-0.06960593909025192
1.7461333274841309,0.6292994022369385,-1.0027130842208862,-2.0409679412841797,0.709965705871582,2.27648663520813,-0.04648645222187042
1.7455841302871704,0.6255872249603271,-1.0007834434509277,-2.04378604888916,0.7064734697341919,2.2791497707366943,-0.02336697094142437
1.7450366020202637,0.6218949556350708,-0.9988712668418884,-2.0465989112854004,0.7029966711997986,2.2817940711975098,-0.00024729734286665916
1.744492530822754,0.6182230710983276,-0.9969776272773743,-2.0494070053100586,0.6995368003845215,2.2844185829162598,0.022872185334563255
1.7439501285552979,0.6145709156990051,-0.9951005578041077,-2.0522103309631348,0.69609135389328,2.28702449798584,0.04599186033010483
1.743410348892212,0.610938549041748,-0.993241012096405,-2.0550084114074707,0.6926618218421936,2.289611339569092,0.06911133974790573
1.7428728342056274,0.6073250770568848,-0.9913983941078186,-2.0578019618988037,0.6892470121383667,2.292180061340332,0.09223101288080215
1.7423388957977295,0.6037305593490601,-0.9895733594894409,-2.0605905055999756,0.6858473420143127,2.2947301864624023,0.11535049974918365
1.7418076992034912,0.6001554131507874,-0.9877656102180481,-2.0633742809295654,0.6824622750282288,2.2972617149353027,0.13846997916698456
1.7412781715393066,0.596598207950592,-0.9859734177589417,-2.0661532878875732,0.679091215133667,2.299776315689087,0.16158965229988098
1.7407524585723877,0.5930598378181458,-0.9841986298561096,-2.06892728805542,0.67573481798172,2.302272319793701,0.18470913171768188
1.740229845046997,0.5895391702651978,-0.9824406504631042,-2.0716969966888428,0.6723927855491638,2.304750919342041,0.20782874524593353
1.7397093772888184,0.5860361456871033,-0.9806984663009644,-2.0744619369506836,0.6690635681152344,2.3072128295898438,0.23094823956489563
1.7391924858093262,0.5825513601303101,-0.9789729118347168,-2.0772218704223633,0.6657488942146301,2.3096566200256348,0.25406789779663086
1.7386788129806519,0.5790838599205017,-0.9772636294364929,-2.079977512359619,0.6624475717544556,2.3120837211608887,0.27718737721443176
1.7381669282913208,0.5756330490112305,-0.9755691289901733,-2.082728385925293,0.659159243106842,2.3144948482513428,0.3003070652484894
1.7376588582992554,0.5721994042396545,-0.9738910794258118,-2.0854744911193848,0.6558842062950134,2.3168890476226807,0.3234265446662903
1.7371536493301392,0.5687828660011292,-0.9722285866737366,-2.0882158279418945,0.6526219248771667,2.3192665576934814,0.3465460240840912
1.7366522550582886,0.5653824806213379,-0.9705821871757507,-2.0909528732299805,0.6493723392486572,2.3216280937194824,0.3696657121181488
1.7361536026000977,0.5619980692863464,-0.9689506888389587,-2.0936856269836426,0.646134614944458,2.3239736557006836,0.3927851915359497
1.7356584072113037,0.5586307048797607,-0.9673347473144531,-2.0964136123657227,0.6429099440574646,2.326303005218506,0.41590484976768494
1.735166311264038,0.5552786588668823,-0.9657340049743652,-2.0991370677948,0.6396974325180054,2.3286170959472656,0.43902432918548584
1.7346781492233276,0.5519424676895142,-0.9641489386558533,-2.101855993270874,0.636496901512146,2.3309154510498047,0.46214401721954346
1.7341928482055664,0.5486223697662354,-0.962578535079956,-2.1045703887939453,0.6333082914352417,2.333198308944702,0.48526349663734436
1.733710527420044,0.5453172326087952,-0.9610223770141602,-2.1072802543640137,0.630131185054779,2.3354663848876953,0.5083829760551453
1.733233094215393,0.5420276522636414,-0.9594826698303223,-2.1099860668182373,0.626966118812561,2.3377187252044678,0.5315026640892029
1.73275887966156,0.5387529134750366,-0.9579573273658752,-2.112687110900879,0.623812198638916,2.339956283569336,0.5546221137046814
1.7322876453399658,0.5354930758476257,-0.9564458727836609,-2.115384101867676,0.6206692457199097,2.342179536819458,0.577741801738739
1.7318205833435059,0.5322477221488953,-0.9549497365951538,-2.1180765628814697,0.6175374388694763,2.344388008117676,0.6008613109588623
1.7313566207885742,0.5290172100067139,-0.9534675478935242,-2.12076473236084,0.6144174933433533,2.3465821743011475,0.6239809393882751
1.7308976650238037,0.5258010625839233,-0.9520007371902466,-2.123448610305786,0.6113074421882629,2.3487613201141357,0.6471004486083984
1.730441689491272,0.522598922252655,-0.9505479335784912,-2.1261281967163086,0.6082082390785217,2.3509268760681152,0.6702199578285217
1.729990005493164,0.5194110870361328,-0.9491097331047058,-2.128803253173828,0.605120062828064,2.3530781269073486,0.6933395862579346
1.7295424938201904,0.5162370204925537,-0.947685718536377,-2.131474256515503,0.6020417809486389,2.355215311050415,0.7164590954780579
1.729097604751587,0.513076663017273,-0.9462747573852539,-2.134140968322754,0.5989739298820496,2.357339382171631,0.7395787835121155
1.728658676147461,0.5099299550056458,-0.9448800086975098,-2.13680362701416,0.5959163904190063,2.3594491481781006,0.762698233127594
1.7282226085662842,0.5067967176437378,-0.9434978365898132,-2.1394617557525635,0.5928685069084167,2.3615455627441406,0.7858179211616516
1.7277917861938477,0.5036767721176147,-0.9421310424804688,-2.142116069793701,0.589830756187439,2.363628387451172,0.8089374303817749
1.7273645401000977,0.5005699992179871,-0.9407773613929749,-2.144765615463257,0.5868028998374939,2.3656980991363525,0.8320568799972534
1.7269413471221924,0.4974759817123413,-0.9394370913505554,-2.147411346435547,0.5837842226028442,2.3677549362182617,0.855176568031311
1.7265228033065796,0.49439534544944763,-0.938111424446106,-2.150053024291992,0.580775797367096,2.369798421859741,0.8782960176467896
1.7261097431182861,0.4913268983364105,-0.9368002414703369,-2.152690887451172,0.5777762532234192,2.371829032897949,0.9014157056808472
1.7257000207901,0.488271564245224,-0.9355021715164185,-2.1553239822387695,0.5747864246368408,2.3738467693328857,0.9245352149009705
1.725294828414917,0.48522812128067017,-0.9342175126075745,-2.1579535007476807,0.5718053579330444,2.375852108001709,0.9476548433303833
1.7248955965042114,0.48219719529151917,-0.9329480528831482,-2.160578727722168,0.5688337683677673,2.3778443336486816,0.9707743525505066
1.685308575630188,0.49210307002067566,-0.9015734791755676,-2.1308865547180176,0.5600824356079102,2.369645357131958,0.9954081177711487
1.6471889019012451,0.5027387738227844,-0.8715553283691406,-2.100734233856201,0.551591157913208,2.3610332012176514,1.0200419425964355
1.6105103492736816,0.514079213142395,-0.8428824543952942,-2.070096015930176,0.5433562994003296,2.3520069122314453,1.0446757078170776
1.5752394199371338,0.526102602481842,-0.8155345320701599,-2.0389456748962402,0.5353755354881287,2.342564344406128,1.0693094730377197
1.5413322448730469,0.5387924909591675,-0.7894835472106934,-2.0072529315948486,0.5276479721069336,2.332700729370117,1.0939433574676514
1.5087426900863647,0.552136242389679,-0.7646980285644531,-1.9749846458435059,0.5201756954193115,2.322408676147461,1.1185771226882935
1.4774181842803955,0.5661263465881348,-0.7411423921585083,-1.9421038627624512,0.5129607319831848,2.311678647994995,1.1432108879089355
1.4473066329956055,0.5807584524154663,-0.7187814712524414,-1.908569574356079,0.5060067772865295,2.3004984855651855,1.1678446531295776
1.4183484315872192,0.5960338711738586,-0.6975744962692261,-1.8743360042572021,0.49931979179382324,2.2888541221618652,1.1924784183502197
1.3904954195022583,0.6119627952575684,-0.6774953007698059,-1.839350938796997,0.49291399121284485,2.2767248153686523,1.2171123027801514
1.3636903762817383,0.6285570859909058,-0.6585100293159485,-1.803555965423584,0.48680034279823303,2.2640886306762695,1.2417460680007935
1.3378793001174927,0.6458361744880676,-0.640590488910675,-1.7668850421905518,0.48099422454833984,2.2509193420410156,1.2663798332214355
1.3130102157592773,0.6638267636299133,-0.6237162351608276,-1.7292617559432983,0.47551849484443665,2.237185001373291,1.2910135984420776
1.2882789373397827,0.6771141886711121,-0.6115868091583252,-1.7014118432998657,0.47129762172698975,2.22700572013855,1.3117761611938477
1.2642731666564941,0.6910388469696045,-0.6002421379089355,-1.6727460622787476,0.46752941608428955,2.216329336166382,1.3325386047363281
1.2409758567810059,0.7056207656860352,-0.589697003364563,-1.6432138681411743,0.46423882246017456,2.2051334381103516,1.3533011674880981
1.218369483947754,0.7208860516548157,-0.5799710750579834,-1.6127578020095825,0.4614543616771698,2.1933913230895996,1.3740636110305786
1.1964366436004639,0.736865222454071,-0.5710904002189636,-1.5813121795654297,0.4592129588127136,2.1810708045959473,1.3948261737823486
1.1751577854156494,0.7535990476608276,-0.563087522983551,-1.5487983226776123,0.4575584828853607,2.168134927749634,1.415588617324829
1.1545133590698242,0.7711346745491028,-0.5560038089752197,-1.515127420425415,0.4565449655056,2.154538869857788,1.4363511800765991
1.134484052658081,0.7895306944847107,-0.5498941540718079,-1.4801926612854004,0.4562399089336395,2.140228748321533,1.4571136236190796
1.1150481700897217,0.8088614344596863,-0.5448293685913086,-1.4438674449920654,0.4567282199859619,2.1251392364501953,1.4778761863708496
1.096186876296997,0.8292155265808105,-0.5409040451049805,-1.4059998989105225,0.4581194221973419,2.109191656112671,1.49863862991333
1.0778777599334717,0.8507078886032104,-0.5382416844367981,-1.3664040565490723,0.4605521559715271,2.0922861099243164,1.5194011926651
1.060100793838501,0.8734816908836365,-0.5370104908943176,-1.324850082397461,0.46421030163764954,2.0742995738983154,1.5401636362075806
1.0428322553634644,0.8977223038673401,-0.537437379360199,-1.2810473442077637,0.4693394601345062,2.0550734996795654,1.5609261989593506
1.0732146501541138,0.8752697110176086,-0.567545473575592,-1.3374414443969727,0.49032729864120483,2.0733118057250977,1.5692827701568604
1.1039257049560547,0.85523521900177,-0.5980688333511353,-1.3903603553771973,0.5113380551338196,2.0896270275115967,1.5776392221450806
1.1349403858184814,0.8373092412948608,-0.6289180517196655,-1.4403715133666992,0.5323042869567871,2.1042871475219727,1.5859957933425903
1.1662318706512451,0.8212614059448242,-0.6600332260131836,-1.4879026412963867,0.5531895160675049,2.1174917221069336,1.5943522453308105
1.1977708339691162,0.8069133162498474,-0.6913662552833557,-1.5332868099212646,0.5739726424217224,2.1293954849243164,1.6027088165283203
1.229522705078125,0.7941290736198425,-0.7228760123252869,-1.576786994934082,0.594643235206604,2.1401195526123047,1.6110652685165405
1.2614502906799316,0.7827975153923035,-0.754522442817688,-1.618618130683899,0.6151960492134094,2.1497609615325928,1.6194218397140503
1.2935130596160889,0.7728307843208313,-0.7862672805786133,-1.6589560508728027,0.6356279850006104,2.158398151397705,1.62777841091156
1.3256683349609375,0.7641575336456299,-0.818072497844696,-1.6979490518569946,0.6559418439865112,2.166095495223999,1.6361348628997803
1.3578696250915527,0.7567189931869507,-0.8498975038528442,-1.7357208728790283,0.6761382222175598,2.1729037761688232,1.64449143409729
1.390068531036377,0.7504662275314331,-0.8816997408866882,-1.7723792791366577,0.6962201595306396,2.1788666248321533,1.6528478860855103
1.4222133159637451,0.7453591227531433,-0.9134347438812256,-1.8080159425735474,0.7161890864372253,2.184018611907959,1.66120445728302
1.4542515277862549,0.7413647770881653,-0.9450578093528748,-1.842711091041565,0.7360495328903198,2.188387870788574,1.6695609092712402
1.4599015712738037,0.7269658446311951,-0.9590609073638916,-1.8761166334152222,0.7383007407188416,2.20015811920166,1.6409612894058228
1.4647759199142456,0.7131732106208801,-0.9731126427650452,-1.908115267753601,0.7403966188430786,2.2114391326904297,1.6123616695404053
1.4688373804092407,0.6999353170394897,-0.987156093120575,-1.9387651681900024,0.7422970533370972,2.2222726345062256,1.5837621688842773
1.4720476865768433,0.6872098445892334,-1.0011401176452637,-1.9681129455566406,0.7439686059951782,2.232691764831543,1.5551625490188599
1.4743694067001343,0.6749584078788757,-1.015016794204712,-1.9961990118026733,0.7453832030296326,2.2427258491516113,1.5265629291534424
1.4757627248764038,0.6631481647491455,-1.0287389755249023,-2.0230553150177,0.7465177774429321,2.252399444580078,1.497963309288025
1.4761875867843628,0.6517520546913147,-1.0422613620758057,-2.0487070083618164,0.7473533153533936,2.261732339859009,1.4693636894226074
1.475603699684143,0.6407464146614075,-1.0555387735366821,-2.0731749534606934,0.7478747367858887,2.270740509033203,1.4407641887664795
1.4739692211151123,0.6301112174987793,-1.068525791168213,-2.0964746475219727,0.7480704188346863,2.27943754196167,1.412164568901062
1.4712440967559814,0.6198316216468811,-1.081178069114685,-2.1186165809631348,0.7479348182678223,2.287832021713257,1.3835649490356445
1.4673850536346436,0.609894871711731,-1.0934476852416992,-2.1396093368530273,0.7474617958068848,2.295931339263916,1.354965329170227
1.4623489379882812,0.6002923250198364,-1.1052862405776978,-2.159456729888916,0.7466510534286499,2.303738832473755,1.3263657093048096
1.4560933113098145,0.5910189747810364,-1.1166436672210693,-2.178159475326538,0.7455054521560669,2.31125545501709,1.2977662086486816
1.4485783576965332,0.5820727348327637,-1.127471685409546,-2.1957168579101562,0.7440313100814819,2.318478584289551,1.2691665887832642
1.439759612083435,0.5734542608261108,-1.1377149820327759,-2.212125539779663,0.7422378659248352,2.3254051208496094,1.2405669689178467
1.4295984506607056,0.5651684999465942,-1.1473219394683838,-2.2273802757263184,0.7401394248008728,2.3320276737213135,1.2119673490524292
1.418052077293396,0.5572213530540466,-1.1562339067459106,-2.2414746284484863,0.7377511858940125,2.338338851928711,1.1833677291870117
1.4050891399383545,0.5496270060539246,-1.1644014120101929,-2.2544000148773193,0.735097348690033,2.344325065612793,1.1547681093215942
1.3906670808792114,0.5423932671546936,-1.1717607975006104,-2.266148090362549,0.7321958541870117,2.349977731704712,1.1261686086654663
1.3747572898864746,0.5355391502380371,-1.1782594919204712,-2.2767090797424316,0.729076623916626,2.355280637741089,1.0975689888000488
1.3573335409164429,0.529083251953125,-1.1838440895080566,-2.2860732078552246,0.7257705926895142,2.360218048095703,1.068969488143921
1.338373064994812,0.5230491161346436,-1.1884630918502808,-2.2942299842834473,0.7223123908042908,2.364771842956543,1.0403698682785034
1.317856788635254,0.5174604654312134,-1.1920651197433472,-2.3011693954467773,0.718738853931427,2.3689260482788086,1.011770248413086
1.2957812547683716,0.5123472809791565,-1.1946122646331787,-2.3068809509277344,0.7150915265083313,2.3726577758789062,0.9831706285476685
1.2721459865570068,0.5077401995658875,-1.1960678100585938,-2.3113560676574707,0.7114134430885315,2.3759474754333496,0.954571008682251
1.3108268976211548,0.5279477834701538,-1.2314584255218506,-2.323568820953369,0.7442885041236877,2.364497661590576,0.9239775538444519
1.347485065460205,0.5497902035713196,-1.2648391723632812,-2.335557699203491,0.7774267196655273,2.3516597747802734,0.8933841586112976
1.3821897506713867,0.5733761191368103,-1.2963042259216309,-2.3473284244537354,0.8108699917793274,2.33730411529541,0.8627907633781433
1.41501784324646,0.5988442301750183,-1.3259588479995728,-2.358886241912842,0.8446677327156067,2.3212738037109375,0.8321973085403442
1.4460422992706299,0.6263651847839355,-1.3539090156555176,-2.370236396789551,0.8788776397705078,2.3033854961395264,0.8016039133071899
1.4753347635269165,0.6561535000801086,-1.3802646398544312,-2.3813834190368652,0.9135710000991821,2.283416509628296,0.7710104584693909
1.5029641389846802,0.6884778141975403,-1.4051401615142822,-2.3923330307006836,0.9488347172737122,2.2610971927642822,0.7404170632362366
1.528988242149353,0.7236736416816711,-1.4286500215530396,-2.403090238571167,0.9847762584686279,2.2360968589782715,0.7098236083984375
1.5534584522247314,0.762167751789093,-1.4509159326553345,-2.4136600494384766,1.0215340852737427,2.208003044128418,0.6792302131652832
1.5764119625091553,0.8045125603675842,-1.4720669984817505,-2.4240474700927734,1.0592899322509766,2.176288604736328,0.6486367583274841
1.5978710651397705,0.8514358997344971,-1.4922480583190918,-2.4342575073242188,1.0982873439788818,2.140265464782715,0.6180433630943298
1.6178314685821533,0.9039246439933777,-1.5116256475448608,-2.4442949295043945,1.1388676166534424,2.0990102291107178,0.5874499082565308
1.6362560987472534,0.9633783102035522,-1.5304127931594849,-2.454164981842041,1.1815308332443237,2.0512213706970215,0.5568565130233765
1.6476128101348877,0.9758566617965698,-1.5451678037643433,-2.477832555770874,1.192991852760315,2.0426483154296875,0.5271080732345581
1.658056616783142,0.9886091351509094,-1.5592708587646484,-2.501150131225586,1.2040271759033203,2.0338025093078613,0.49735963344573975
1.6675856113433838,1.0015584230422974,-1.572731375694275,-2.5241217613220215,1.2146048545837402,2.0247457027435303,0.4676111936569214
1.6761999130249023,1.014609456062317,-1.5855615139007568,-2.5467512607574463,1.2246862649917603,2.0155563354492188,0.437862753868103
1.6839022636413574,1.0276591777801514,-1.5977786779403687,-2.5690412521362305,1.234231948852539,2.006321907043457,0.40811431407928467
1.6906970739364624,1.040593147277832,-1.6094056367874146,-2.590991497039795,1.243199110031128,1.9971412420272827,0.3783658742904663
1.6965941190719604,1.0532786846160889,-1.6204718351364136,-2.612603187561035,1.251539945602417,1.9881305694580078,0.34861743450164795
1.7016022205352783,1.065575361251831,-1.6310124397277832,-2.6338744163513184,1.259207010269165,1.979414939880371,0.3188689947128296
1.7057350873947144,1.0773333311080933,-1.6410713195800781,-2.6548027992248535,1.2661491632461548,1.9711297750473022,0.28912055492401123
1.7090098857879639,1.0883878469467163,-1.6507000923156738,-2.675384044647217,1.2723121643066406,1.9634273052215576,0.25937211513519287
1.7114397287368774,1.098565936088562,-1.6599565744400024,-2.695613384246826,1.2776427268981934,1.9564638137817383,0.2296236753463745
1.7130454778671265,1.1076964139938354,-1.6689107418060303,-2.715484380722046,1.2820861339569092,1.950402021408081,0.19987523555755615
1.7138460874557495,1.1156013011932373,-1.6776387691497803,-2.7349889278411865,1.285588026046753,1.9454097747802734,0.1701267957687378
1.649848222732544,0.9378878474235535,-1.6867660284042358,-2.7265942096710205,1.1865242719650269,2.098634719848633,0.1496400088071823
1.5761507749557495,0.812775731086731,-1.6884918212890625,-2.7120628356933594,1.1035619974136353,2.201265335083008,0.12915322184562683
1.4930033683776855,0.7187588214874268,-1.6803734302520752,-2.6915855407714844,1.030930757522583,2.2736194133758545,0.10866643488407135
1.4000471830368042,0.6460123658180237,-1.660563349723816,-2.665412425994873,0.9665080904960632,2.3252933025360107,0.08817964792251587
1.2970163822174072,0.5892850756645203,-1.6278995275497437,-2.6338298320770264,0.9093319177627563,2.361757516860962,0.06769285351037979
1.1840944290161133,0.5456028580665588,-1.5820595026016235,-2.597135543823242,0.858866274356842,2.3864712715148926,0.04720607027411461
1.0622150897979736,0.5132684707641602,-1.5237582921981812,-2.555616855621338,0.8147355318069458,2.4017605781555176,0.026719283312559128
0.9332786202430725,0.4913080632686615,-1.4548934698104858,-2.5095319747924805,0.7766274809837341,2.4092538356781006,0.00623250100761652
0.8001766204833984,0.47911742329597473,-1.3785151243209839,-2.4590959548950195,0.7442595362663269,2.410116672515869,-0.014254293404519558
0.6665191650390625,0.4762195348739624,-1.2985121011734009,-2.4044718742370605,0.7173792123794556,2.40519380569458,-0.034741081297397614
0.536091148853302,0.48212382197380066,-1.2190399169921875,-2.345759868621826,0.6957709193229675,2.3950915336608887,-0.05522787198424339
0.4122280478477478,0.49628207087516785,-1.1438803672790527,-2.2829911708831787,0.6792774796485901,2.3802287578582764,-0.07571465522050858
0.2973572909832001,0.5181166529655457,-1.075975775718689,-2.2161178588867188,0.6678169965744019,2.360866069793701,-0.09620144218206406
0.19283881783485413,0.5470967292785645,-1.017287254333496,-2.145002841949463,0.6614168286323547,2.337120771408081,-0.11668822914361954
0.09908226877450943,0.5828196406364441,-0.9689286947250366,-2.069399833679199,0.6602436900138855,2.308962821960449,-0.13717500865459442
0.015791090205311775,0.6250935196876526,-0.9314676523208618,-1.9889312982559204,0.6646701097488403,2.2762017250061035,-0.1576617956161499
-0.057760097086429596,0.6740191578865051,-0.9052938222885132,-1.903041124343872,0.6753665804862976,2.2384397983551025,-0.17814858257770538
-0.09166481345891953,0.651362955570221,-0.8617817759513855,-1.9007209539413452,0.6350425481796265,2.253749132156372,-0.14696408808231354
-0.12702356278896332,0.6306352615356445,-0.8173506855964661,-1.8981552124023438,0.5952656865119934,2.26749587059021,-0.11577960103750229
-0.16383980214595795,0.6117238402366638,-0.771920382976532,-1.8953403234481812,0.5559510588645935,2.2798051834106445,-0.08459511399269104
-0.20210899412631989,0.5945399403572083,-0.7254287600517273,-1.892270565032959,0.5170261859893799,2.2907819747924805,-0.05341062694787979
-0.24181236326694489,0.5790135264396667,-0.6778352856636047,-1.8889425992965698,0.47842809557914734,2.300516128540039,-0.022226136177778244
-0.28291597962379456,0.565090537071228,-0.6291210651397705,-1.8853517770767212,0.4401005208492279,2.309082269668579,0.008958347141742706
-0.3253653645515442,0.5527305006980896,-0.579292356967926,-1.8814938068389893,0.40199482440948486,2.316542387008667,0.040142837911844254
-0.3690911531448364,0.5419024229049683,-0.5283734798431396,-1.8773645162582397,0.36406487226486206,2.322950601577759,0.0713273286819458
-0.41400206089019775,0.5325847268104553,-0.47641414403915405,-1.8729592561721802,0.3262692093849182,2.3283510208129883,0.10251181572675705
-0.4599846601486206,0.5247623920440674,-0.4234886169433594,-1.868274450302124,0.28856998682022095,2.332779884338379,0.1336963176727295
-0.5069094300270081,0.5184261798858643,-0.3696877360343933,-1.8633053302764893,0.25092893838882446,2.3362674713134766,0.16488079726696014
-0.5546237230300903,0.5135703086853027,-0.315127968788147,-1.8580482006072998,0.21331319212913513,2.338837146759033,0.1960652768611908
-0.602962076663971,0.5101929306983948,-0.2599380314350128,-1.8524985313415527,0.17568659782409668,2.340506076812744,0.22724975645542145
-0.651742696762085,0.5082921981811523,-0.20426373183727264,-1.8466522693634033,0.13801664113998413,2.3412864208221436,0.2584342658519745
-0.7007778286933899,0.5078696012496948,-0.1482565999031067,-1.840505838394165,0.10026821494102478,2.3411855697631836,0.28961873054504395
-0.7498708963394165,0.5089282989501953,-0.09207651019096375,-1.8340542316436768,0.06240826100111008,2.3402042388916016,0.3208032548427582
-0.7988294363021851,0.5114694237709045,-0.03587764501571655,-1.827293872833252,0.024399947375059128,2.3383398056030273,0.35198771953582764
-0.8474626541137695,0.515497624874115,0.020188169553875923,-1.8202205896377563,-0.013792669400572777,2.3355836868286133,0.3831722140312195
-0.8955923318862915,0.5210185050964355,0.0759839341044426,-1.8128297328948975,-0.05220956727862358,2.3319203853607178,0.41435667872428894
-0.9430496096611023,0.5280387997627258,0.13138453662395477,-1.8051176071166992,-0.09089108556509018,2.3273324966430664,0.4455412030220032
-0.9896849393844604,0.5365701913833618,0.18628713488578796,-1.7970794439315796,-0.12988242506980896,2.3217930793762207,0.47672566771507263
-1.0353679656982422,0.5466266870498657,0.24061182141304016,-1.7887109518051147,-0.16923362016677856,2.3152711391448975,0.5079101920127869
-1.0799856185913086,0.5582292675971985,0.2943001985549927,-1.7800076007843018,-0.20899759232997894,2.307727098464966,0.5390946865081787
-1.1234482526779175,0.5714043378829956,0.34732308983802795,-1.7709647417068481,-0.2492351233959198,2.2991137504577637,0.5702791213989258
-1.1656851768493652,0.5861895680427551,0.3996771574020386,-1.761577844619751,-0.29001349210739136,2.289374351501465,0.6014636158943176
-1.206645131111145,0.6026324033737183,0.45138680934906006,-1.75184166431427,-0.3314095735549927,2.278442144393921,0.6326481103897095
-1.2462929487228394,0.6207945346832275,0.5025015473365784,-1.7417510747909546,-0.37351056933403015,2.266237497329712,0.6638326048851013
-1.284610390663147,0.6407550573348999,0.5531014204025269,-1.7313013076782227,-0.4164181053638458,2.252666711807251,0.6950170993804932
-1.2835021018981934,0.6417478919029236,0.5512468218803406,-1.7288442850112915,-0.4154008626937866,2.251899242401123,0.6719392538070679
-1.2823911905288696,0.642745852470398,0.5493906140327454,-1.7263808250427246,-0.4143809974193573,2.251128911972046,0.6488614082336426
-1.2812798023223877,0.6437475085258484,0.5475342273712158,-1.7239097356796265,-0.413358598947525,2.250354766845703,0.6257835626602173
-1.2801671028137207,0.6447542309761047,0.5456774830818176,-1.7214317321777344,-0.4123344123363495,2.249577283859253,0.602705717086792
-1.2790539264678955,0.6457652449607849,0.5438207387924194,-1.7189465761184692,-0.41130733489990234,2.248796224594116,0.5796278715133667
-1.2779384851455688,0.6467810273170471,0.541962206363678,-1.7164541482925415,-0.4102775454521179,2.248012065887451,0.5565500259399414
-1.2768218517303467,0.6478018760681152,0.5401034355163574,-1.713953971862793,-0.40924498438835144,2.2472240924835205,0.5334721803665161
-1.2757043838500977,0.6488271355628967,0.5382441282272339,-1.7114465236663818,-0.40821078419685364,2.246432304382324,0.5103943347930908
-1.2745856046676636,0.6498574614524841,0.5363844633102417,-1.7089319229125977,-0.40717342495918274,2.2456371784210205,0.4873164892196655
-1.2734663486480713,0.6508918404579163,0.5345245599746704,-1.7064098119735718,-0.4061339497566223,2.2448384761810303,0.4642386734485626
-1.2723453044891357,0.6519312858581543,0.5326633453369141,-1.7038803100585938,-0.405091255903244,2.2440361976623535,0.44116079807281494
-1.2712233066558838,0.6529756784439087,0.5308018922805786,-1.7013431787490845,-0.40404659509658813,2.2432303428649902,0.41808298230171204
-1.2700998783111572,0.6540245413780212,0.5289394855499268,-1.698798656463623,-0.40299883484840393,2.2424211502075195,0.39500510692596436
-1.268975019454956,0.6550785303115845,0.527076244354248,-1.6962463855743408,-0.40194934606552124,2.241607904434204,0.37192729115486145
-1.2678494453430176,0.6561370491981506,0.5252127051353455,-1.693686604499817,-0.4008963704109192,2.2407913208007812,0.34884941577911377
-1.2667235136032104,0.6572007536888123,0.523349404335022,-1.6911193132400513,-0.3998417854309082,2.2399704456329346,0.32577160000801086
-1.2655949592590332,0.6582694053649902,0.5214840173721313,-1.6885441541671753,-0.39878368377685547,2.2391464710235596,0.3026937246322632
-1.264467477798462,0.6593427658081055,0.5196201801300049,-1.6859612464904785,-0.3977237343788147,2.2383182048797607,0.2796159088611603
-1.2633376121520996,0.6604213714599609,0.5177542567253113,-1.6833704710006714,-0.39666101336479187,2.2374866008758545,0.2565380334854126
-1.2622066736221313,0.6615044474601746,0.5158877968788147,-1.680771827697754,-0.3955951929092407,2.2366509437561035,0.2334602326154709
-1.2610751390457153,0.662592887878418,0.514021098613739,-1.6781655550003052,-0.39452704787254333,2.235811233520508,0.2103823721408844
-1.2599414587020874,0.6636863350868225,0.5121524930000305,-1.675551414489746,-0.3934561014175415,2.234968662261963,0.1873045116662979
-1.2588081359863281,0.6647852659225464,0.5102850198745728,-1.672928810119629,-0.39238324761390686,2.234121322631836,0.16422663629055023
-1.2576736211776733,0.6658889055252075,0.5084167122840881,-1.670298457145691,-0.3913072347640991,2.233269691467285,0.14114885032176971
-1.2565375566482544,0.6669973134994507,0.5065468549728394,-1.6676602363586426,-0.39022812247276306,2.232415199279785,0.11807097494602203
-1.2554012537002563,0.6681115031242371,0.504677414894104,-1.6650139093399048,-0.38914725184440613,2.231555938720703,0.09499311447143555
-1.2542632818222046,0.6692308187484741,0.5028066635131836,-1.6623591184616089,-0.3880634009838104,2.2306931018829346,0.07191527634859085
-1.2531250715255737,0.670354962348938,0.500935971736908,-1.6596965789794922,-0.386976957321167,2.229825973510742,0.04883747920393944
-1.25198495388031,0.6714847087860107,0.4990636706352234,-1.6570253372192383,-0.38588768243789673,2.2289555072784424,0.025759585201740265
-1.2508448362350464,0.6726195812225342,0.4971916377544403,-1.6543458700180054,-0.3847959041595459,2.2280802726745605,0.002681749640032649
-1.249703049659729,0.6737598180770874,0.4953182339668274,-1.651658296585083,-0.38370075821876526,2.227201461791992,-0.020396076142787933
-1.2485607862472534,0.6749057173728943,0.4934447705745697,-1.6489624977111816,-0.38260334730148315,2.226318120956421,-0.04347391054034233
-1.24741792678833,0.6760561466217041,0.49157097935676575,-1.6462576389312744,-0.38150322437286377,2.2254300117492676,-0.0665518045425415
-1.2462738752365112,0.6772133708000183,0.4896962642669678,-1.6435444355010986,-0.3804011940956116,2.224539041519165,-0.0896296426653862
-1.245129108428955,0.6783745884895325,0.4878208041191101,-1.6408228874206543,-0.37929534912109375,2.2236433029174805,-0.1127074658870697
-1.243983268737793,0.6795420050621033,0.4859444797039032,-1.6380929946899414,-0.37818700075149536,2.222743272781372,-0.135785311460495
-1.2428362369537354,0.6807148456573486,0.484067440032959,-1.6353540420532227,-0.37707629799842834,2.221839189529419,-0.1588631421327591
-1.2416892051696777,0.6818932890892029,0.4821905493736267,-1.6326062679290771,-0.3759624660015106,2.220930576324463,-0.18194103240966797
-1.2405409812927246,0.6830772161483765,0.48031243681907654,-1.629850149154663,-0.37484613060951233,2.220017910003662,-0.20501887798309326
-1.239391565322876,0.6842665076255798,0.4784333407878876,-1.6270852088928223,-0.3737263083457947,2.2191009521484375,-0.2280966341495514
-1.2382417917251587,0.6854619383811951,0.4765542447566986,-1.6243109703063965,-0.37260472774505615,2.2181789875030518,-0.2511745095252991
-1.237091302871704,0.6866626739501953,0.47467443346977234,-1.621528148651123,-0.3714797794818878,2.2172532081604004,-0.27425235509872437
-1.2359402179718018,0.687869131565094,0.4727939963340759,-1.6187362670898438,-0.37035199999809265,2.216322898864746,-0.29733020067214966
-1.2347880601882935,0.6890818476676941,0.47091296315193176,-1.6159350872039795,-0.36922192573547363,2.2153878211975098,-0.32040807604789734
-1.2336353063583374,0.6903002858161926,0.4690312445163727,-1.6131248474121094,-0.368088960647583,2.2144482135772705,-0.34348592162132263
-1.2324814796447754,0.6915239095687866,0.4671481251716614,-1.610305905342102,-0.36695221066474915,2.2135047912597656,-0.3665638267993927
-1.2313275337219238,0.6927542686462402,0.4652654528617859,-1.6074771881103516,-0.3658142387866974,2.2125561237335205,-0.38964158296585083
-1.230172038078308,0.6939897537231445,0.4633808434009552,-1.6046392917633057,-0.3646712303161621,2.2116034030914307,-0.41271939873695374
-1.229015827178955,0.6952309608459473,0.46149569749832153,-1.601792335510254,-0.363526314496994,2.2106454372406006,-0.43579724431037903
-1.2278597354888916,0.6964788436889648,0.4596106708049774,-1.598935604095459,-0.36237871646881104,2.2096831798553467,-0.4588751494884491
-1.2267022132873535,0.6977325081825256,0.45772430300712585,-1.596069574356079,-0.36122775077819824,2.2087156772613525,-0.481952965259552
-1.2255442142486572,0.698992133140564,0.4558372497558594,-1.593193769454956,-0.3600741922855377,2.2077441215515137,-0.5050308704376221
-1.224386215209961,0.700258195400238,0.45395025610923767,-1.590308427810669,-0.3589182496070862,2.2067675590515137,-0.5281087160110474
-1.2232264280319214,0.7015295028686523,0.4520612061023712,-1.5874137878417969,-0.35775813460350037,2.2057862281799316,-0.5511865615844727
-1.2220667600631714,0.7028080821037292,0.4501723647117615,-1.5845088958740234,-0.3565964698791504,2.2047998905181885,-0.5742642879486084
-1.220907211303711,0.7040926218032837,0.4482835829257965,-1.581594467163086,-0.3554317355155945,2.203808546066284,-0.5973421335220337
-1.2197456359863281,0.7053833603858948,0.44639259576797485,-1.5786700248718262,-0.3542631268501282,2.202812433242798,-0.6204200387001038
-1.218583583831787,0.706680417060852,0.44450095295906067,-1.5757355690002441,-0.35309165716171265,2.2018115520477295,-0.6434979438781738
-1.217421531677246,0.7079833745956421,0.44260916113853455,-1.5727910995483398,-0.351917564868927,2.200805425643921,-0.6665757298469543
-1.2162588834762573,0.7092931866645813,0.4407164752483368,-1.5698363780975342,-0.3507404625415802,2.199794292449951,-0.6896535754203796
-1.2150954008102417,0.7106093168258667,0.43882277607917786,-1.5668718814849854,-0.3495599031448364,2.1987783908843994,-0.7127314805984497
-1.2139315605163574,0.7119320631027222,0.43692877888679504,-1.563896656036377,-0.34837719798088074,2.197756767272949,-0.7358092665672302
-1.212766170501709,0.7132613658905029,0.43503254652023315,-1.5609114170074463,-0.3471902310848236,2.196730852127075,-0.7588871717453003
-1.2116014957427979,0.714596688747406,0.4331369400024414,-1.5579156875610352,-0.3460012972354889,2.1956992149353027,-0.781964898109436
-1.2104356288909912,0.7159392237663269,0.4312399625778198,-1.5549094676971436,-0.3448086082935333,2.194662094116211,-0.8050428032875061
-1.2092691659927368,0.7172887921333313,0.42934200167655945,-1.5518925189971924,-0.34361279010772705,2.193620443344116,-0.8281207084655762
-1.208102822303772,0.7186442613601685,0.42744386196136475,-1.5488648414611816,-0.34241414070129395,2.192572593688965,-0.8511984944343567
-1.2069352865219116,0.7200067639350891,0.4255441129207611,-1.5458269119262695,-0.34121209383010864,2.1915202140808105,-0.8742763996124268
-1.2057676315307617,0.7213768362998962,0.42364412546157837,-1.5427772998809814,-0.340007483959198,2.1904613971710205,-0.8973543047904968
-1.2045994997024536,0.7227529287338257,0.4217430055141449,-1.539717197418213,-0.3387991487979889,2.1893978118896484,-0.9204320311546326
-1.2034307718276978,0.7241358160972595,0.4198409914970398,-1.5366463661193848,-0.3375878632068634,2.188328504562378,-0.9435099363327026
-1.2022616863250732,0.7255263924598694,0.4179382026195526,-1.5335640907287598,-0.33637356758117676,2.1872541904449463,-0.9665877223014832
-1.2010917663574219,0.7269237041473389,0.4160339832305908,-1.530470609664917,-0.33515557646751404,2.186173915863037,-0.9896654486656189
-1.199921727180481,0.7283279895782471,0.4141293466091156,-1.5273661613464355,-0.3339347243309021,2.1850876808166504,-1.012743353843689
-1.198750615119934,0.7297397255897522,0.412223219871521,-1.524249792098999,-0.3327105939388275,2.1839962005615234,-1.0358211994171143
-1.1975798606872559,0.7311579585075378,0.4103167653083801,-1.521122694015503,-0.33148303627967834,2.18289852142334,-1.058899164199829
-1.1964082717895508,0.7325839400291443,0.4084088206291199,-1.5179836750030518,-0.33025190234184265,2.181795597076416,-1.0819768905639648
-1.1952365636825562,0.734017014503479,0.40650027990341187,-1.5148329734802246,-0.3290182054042816,2.1806864738464355,-1.1050548553466797
-1.1940640211105347,0.7354581952095032,0.40459057688713074,-1.5116705894470215,-0.3277806043624878,2.1795713901519775,-1.1281325817108154
-1.1928915977478027,0.7369063496589661,0.4026801586151123,-1.5084960460662842,-0.32653993368148804,2.178450584411621,-1.1512103080749512
-1.1917182207107544,0.7383620142936707,0.40076810121536255,-1.50531005859375,-0.3252960443496704,2.177324056625366,-1.1742883920669556
-1.190542221069336,0.7398244738578796,0.39885213971138,-1.5021116733551025,-0.324045866727829,2.1761913299560547,-1.1973661184310913
-1.189368724822998,0.7412950992584229,0.39693883061408997,-1.4989013671875,-0.3227952718734741,2.1750524044036865,-1.2204440832138062
-1.188194990158081,0.742774486541748,0.39502471685409546,-1.495678424835205,-0.3215417265892029,2.1739070415496826,-1.243521809577942
-1.1870208978652954,0.7442604899406433,0.3931092619895935,-1.4924430847167969,-0.3202849328517914,2.172755718231201,-1.2665997743606567
-1.185845971107483,0.7457541227340698,0.3911921977996826,-1.4891958236694336,-0.3190237879753113,2.171598434448242,-1.2896775007247925
-1.184671401977539,0.7472566366195679,0.38927504420280457,-1.4859352111816406,-0.3177603483200073,2.17043399810791,-1.3127552270889282
-1.183495283126831,0.7487664222717285,0.3873550295829773,-1.4826624393463135,-0.31649142503738403,2.169264078140259,-1.3358333110809326
-1.1823197603225708,0.7502837181091309,0.38543495535850525,-1.4793767929077148,-0.31522005796432495,2.1680874824523926,-1.3589110374450684
-1.181143879890442,0.7518098950386047,0.38351374864578247,-1.4760780334472656,-0.31394532322883606,2.1669039726257324,-1.3819890022277832
-1.1799676418304443,0.7533437609672546,0.381591260433197,-1.472766399383545,-0.3126670718193054,2.1657137870788574,-1.405066728591919
-1.17879056930542,0.7548865675926208,0.3796669542789459,-1.4694409370422363,-0.3113844692707062,2.164517402648926,-1.4281446933746338
-1.177613377571106,0.7564370036125183,0.37774133682250977,-1.4661026000976562,-0.3100990056991577,2.1633143424987793,-1.451222538948059
-1.176435947418213,0.7579963207244873,0.3758149743080139,-1.4627506732940674,-0.308809757232666,2.162104606628418,-1.4743002653121948
-1.1752586364746094,0.7595638632774353,0.3738875091075897,-1.4593851566314697,-0.30751705169677734,2.1608874797821045,-1.4973781108856201
-1.1740806102752686,0.7611395716667175,0.37195834517478943,-1.4560065269470215,-0.3062197268009186,2.1596641540527344,-1.5204559564590454
-1.1729025840759277,0.7627245783805847,0.37002837657928467,-1.452613115310669,-0.30491963028907776,2.158432960510254,-1.5435338020324707
-1.1717238426208496,0.7643175721168518,0.3680960536003113,-1.4492063522338867,-0.30361518263816833,2.157196044921875,-1.566611647605896
-1.170545220375061,0.7659198045730591,0.3661632239818573,-1.4457850456237793,-0.30230775475502014,2.1559512615203857,-1.5896896123886108
-1.1693662405014038,0.7675305008888245,0.3642284870147705,-1.4423496723175049,-0.30099618434906006,2.1546998023986816,-1.6127673387527466
-1.168186902999878,0.7691503763198853,0.3622923493385315,-1.4388999938964844,-0.29967987537384033,2.1534407138824463,-1.6358451843261719
-1.1670079231262207,0.7707792520523071,0.3603556752204895,-1.4354355335235596,-0.298361212015152,2.1521739959716797,-1.6589230298995972
-1.1658282279968262,0.7724171876907349,0.35841649770736694,-1.4319565296173096,-0.2970380485057831,2.1509008407592773,-1.682000756263733
-1.1646479368209839,0.7740643620491028,0.35647574067115784,-1.4284625053405762,-0.29571041464805603,2.1496195793151855,-1.7050788402557373
-1.1634682416915894,0.7757207155227661,0.35453441739082336,-1.4249534606933594,-0.2943800389766693,2.1483306884765625,-1.728156566619873
-1.162287950515747,0.7773868441581726,0.3525910973548889,-1.42142915725708,-0.2930450439453125,2.147034168243408,-1.751234531402588
-1.1611080169677734,0.7790621519088745,0.3506467044353485,-1.4178898334503174,-0.2917064130306244,2.1457300186157227,-1.7743122577667236
-1.1599273681640625,0.7807470560073853,0.34870022535324097,-1.414334774017334,-0.29036378860473633,2.144418239593506,-1.7973902225494385
-1.1587464809417725,0.7824413180351257,0.3467518389225006,-1.410764217376709,-0.28901657462120056,2.143098831176758,-1.8204679489135742
-1.1575660705566406,0.7841460108757019,0.3448027968406677,-1.407177448272705,-0.28766611218452454,2.141770839691162,-1.84354567527771
-1.1563847064971924,0.7858599424362183,0.34285101294517517,-1.4035751819610596,-0.28631114959716797,2.1404356956481934,-1.8666237592697144
-1.1552038192749023,0.7875840663909912,0.340898334980011,-1.399956226348877,-0.284952312707901,2.1390914916992188,-1.8897013664245605
-1.1540225744247437,0.7893184423446655,0.33894360065460205,-1.3963208198547363,-0.283588707447052,2.137739896774292,-1.912779450416565
-1.152841567993164,0.7910624146461487,0.33698752522468567,-1.392669677734375,-0.28222182393074036,2.1363792419433594,-1.9358571767807007
-1.1516598463058472,0.7928175330162048,0.33502906560897827,-1.3890008926391602,-0.2808500826358795,2.1350107192993164,-1.9589351415634155
-1.1504778861999512,0.7945823073387146,0.3330684304237366,-1.3853154182434082,-0.2794734239578247,2.133633613586426,-1.9820129871368408
-1.1492960453033447,0.7963582873344421,0.33110642433166504,-1.381612777709961,-0.2780930697917938,2.1322481632232666,-2.0050907135009766
-1.148114800453186,0.7981448173522949,0.32914355397224426,-1.3778924942016602,-0.2767094075679779,2.1308531761169434,-2.0281684398651123
-1.1469333171844482,0.7999417185783386,0.32717829942703247,-1.374155044555664,-0.2753206789493561,2.1294498443603516,-2.051246166229248
-1.1457509994506836,0.8017492890357971,0.325210303068161,-1.3703999519348145,-0.2739276587963104,2.128037691116333,-2.074324369430542
-1.144568920135498,0.80356764793396,0.32324039936065674,-1.3666269779205322,-0.27252939343452454,2.126616954803467,-2.0974020957946777
-1.1433863639831543,0.8053981065750122,0.3212685286998749,-1.362835168838501,-0.27112749218940735,2.1251871585845947,-2.1204800605773926
-1.142204761505127,0.8072394132614136,0.3192955553531647,-1.359025001525879,-0.26972100138664246,2.1237471103668213,-2.1435577869415283
-1.1410224437713623,0.8090918064117432,0.31731975078582764,-1.3551967144012451,-0.2683100700378418,2.122298240661621,-2.166635513305664
-1.1398398876190186,0.8109560608863831,0.31534144282341003,-1.351348638534546,-0.26689380407333374,2.120840072631836,-2.189713716506958
-1.1386581659317017,0.8128315806388855,0.313362181186676,-1.347482442855835,-0.2654736638069153,2.1193718910217285,-2.2127914428710938
-1.1374759674072266,0.8147194981575012,0.31138014793395996,-1.3435962200164795,-0.26404911279678345,2.1178946495056152,-2.2358691692352295
-1.136293888092041,0.8166194558143616,0.30939605832099915,-1.3396902084350586,-0.26261964440345764,2.1164069175720215,-2.2589468955993652
-1.1351107358932495,0.8185306787490845,0.30740827322006226,-1.3357648849487305,-0.26118430495262146,2.114910364151001,-2.282025098800659
-1.1339285373687744,0.8204545974731445,0.3054196238517761,-1.3318190574645996,-0.2597455084323883,2.113402843475342,-2.305102825164795
-1.1327463388442993,0.8223909139633179,0.3034283518791199,-1.327852725982666,-0.2583014667034149,2.1118850708007812,-2.3281805515289307
-1.1315642595291138,0.824339747428894,0.3014349937438965,-1.3238656520843506,-0.2568523585796356,2.1103572845458984,-2.3512585163116455
-1.13038170337677,0.8263014554977417,0.2994384169578552,-1.3198575973510742,-0.2553986608982086,2.1088194847106934,-2.3743362426757812
-1.1292002201080322,0.8282756805419922,0.29744094610214233,-1.3158283233642578,-0.2539403736591339,2.107269763946533,-2.397413969039917
-1.1280176639556885,0.8302631378173828,0.29543933272361755,-1.3117778301239014,-0.25247645378112793,2.105710506439209,-2.420491933822632
-1.1268352270126343,0.8322643041610718,0.2934352457523346,-1.3077049255371094,-0.251007080078125,2.104139566421509,-2.4435698986053467
-1.1256530284881592,0.8342779874801636,0.29142874479293823,-1.30361008644104,-0.24953314661979675,2.1025583744049072,-2.4666476249694824
-1.1562317609786987,0.8200486898422241,0.33818718791007996,-1.3417589664459229,-0.2873133420944214,2.113983631134033,-2.4688010215759277
-1.1868817806243896,0.8079060316085815,0.3839874267578125,-1.377854824066162,-0.32385897636413574,2.123825788497925,-2.470954656600952
-1.2175343036651611,0.7977014183998108,0.4289570748806,-1.4121277332305908,-0.359365314245224,2.132213592529297,-2.4731080532073975
-1.2481149435043335,0.7893173694610596,0.47317925095558167,-1.444765567779541,-0.3939864933490753,2.1392507553100586,-2.4752614498138428
-1.278550148010254,0.782659649848938,0.5167115926742554,-1.475921630859375,-0.4278498888015747,2.145016670227051,-2.477414846420288
-1.308763861656189,0.7776514887809753,0.5595868825912476,-1.5057258605957031,-0.4610615670681,2.1495749950408936,-2.4795684814453125
-1.3386785984039307,0.7742321491241455,0.60182124376297,-1.534287452697754,-0.4937109053134918,2.1529767513275146,-2.481721878051758
-1.3682180643081665,0.7723519802093506,0.6434193849563599,-1.5616986751556396,-0.5258756875991821,2.155259609222412,-2.483875274658203
-1.3973065614700317,0.771972119808197,0.6843767762184143,-1.588040828704834,-0.5576226711273193,2.156451463699341,-2.4860289096832275
-1.4258697032928467,0.773061990737915,0.7246827483177185,-1.6133840084075928,-0.5890118479728699,2.1565723419189453,-2.488182306289673
-1.4538384675979614,0.7756010293960571,0.7643271684646606,-1.6377886533737183,-0.6200991868972778,2.155630588531494,-2.490335702896118
-1.481142282485962,0.7795737385749817,0.8032927513122559,-1.6613094806671143,-0.6509348750114441,2.1536312103271484,-2.4924893379211426
-1.507719874382019,0.7849747538566589,0.841569185256958,-1.6839933395385742,-0.681566596031189,2.150567054748535,-2.494642734527588
-1.5335103273391724,0.7918051481246948,0.8791438341140747,-1.705883502960205,-0.7120406031608582,2.1464269161224365,-2.496796131134033
-1.5584585666656494,0.8000736832618713,0.916008710861206,-1.7270171642303467,-0.7424014210700989,2.1411900520324707,-2.4989495277404785
-1.5825145244598389,0.8097988963127136,0.9521612524986267,-1.7474285364151,-0.7726971507072449,2.1348273754119873,-2.501102924346924
-1.605634331703186,0.8210070133209229,0.9876043200492859,-1.7671481370925903,-0.8029730319976807,2.1273012161254883,-2.5032565593719482
-1.6277776956558228,0.8337384462356567,1.0223474502563477,-1.7862032651901245,-0.8332805633544922,2.118563175201416,-2.5054099559783936
-1.6489098072052002,0.8480437397956848,1.0564076900482178,-1.8046189546585083,-0.8636748790740967,2.108553647994995,-2.507563352584839
-1.6689990758895874,0.8639891743659973,1.0898096561431885,-1.8224172592163086,-0.894214928150177,2.0971996784210205,-2.509716749191284
-1.688019871711731,0.8816583156585693,1.1225883960723877,-1.8396189212799072,-0.9249687790870667,2.0844125747680664,-2.5118703842163086
-1.705949068069458,0.9011591076850891,1.1547917127609253,-1.856242060661316,-0.956015944480896,2.070082902908325,-2.514023780822754
