2.0201241970062256,1.1600850820541382,-1.502652645111084,-2.2541110515594482,1.2835643291473389,1.87600576877594,-2.5315067768096924
2.018676996231079,1.1358404159545898,-1.4938313961029053,-2.2532501220703125,1.2674554586410522,1.8963890075683594,-2.505697727203369
2.0170669555664062,1.1129472255706787,-1.4853019714355469,-2.2523751258850098,1.2519724369049072,1.9155490398406982,-2.479888677597046
2.0153071880340576,1.091235876083374,-1.4770140647888184,-2.251485586166382,1.2370260953903198,1.933637261390686,-2.4540796279907227
2.013406753540039,1.0705723762512207,-1.4689291715621948,-2.250581741333008,1.2225468158721924,1.9507734775543213,-2.4282705783843994
2.011369466781616,1.0508456230163574,-1.4610117673873901,-2.2496628761291504,1.2084791660308838,1.9670560359954834,-2.402461528778076
2.0092108249664307,1.0319650173187256,-1.4532413482666016,-2.248729944229126,1.1947746276855469,1.9825680255889893,-2.376652479171753
2.0069308280944824,1.0138535499572754,-1.4455926418304443,-2.247781991958618,1.1813952922821045,1.997377634048462,-2.3508434295654297
2.004533290863037,0.9964429140090942,-1.4380452632904053,-2.246819496154785,1.1683070659637451,2.0115461349487305,-2.3250343799591064
2.002020835876465,0.9796767234802246,-1.4305827617645264,-2.2458419799804688,1.1554814577102661,2.0251245498657227,-2.299225330352783
1.9993977546691895,0.9635074138641357,-1.4231921434402466,-2.244849443435669,1.142896056175232,2.0381550788879395,-2.27341628074646
1.9966633319854736,0.9478889107704163,-1.4158579111099243,-2.2438416481018066,1.1305272579193115,2.050680160522461,-2.2476072311401367
1.9938223361968994,0.9327857494354248,-1.4085718393325806,-2.242818832397461,1.118358850479126,2.0627307891845703,-2.2217981815338135
1.9908738136291504,0.918161153793335,-1.4013214111328125,-2.241780996322632,1.1063722372055054,2.074341058731079,-2.195988893508911
1.9878193140029907,0.9039868712425232,-1.3940980434417725,-2.240727424621582,1.0945545434951782,2.085536003112793,-2.170179843902588
1.9846603870391846,0.890236496925354,-1.3868943452835083,-2.2396583557128906,1.082892894744873,2.0963401794433594,-2.1443707942962646
1.9813963174819946,0.8768835067749023,-1.3797013759613037,-2.2385740280151367,1.0713751316070557,2.1067771911621094,-2.1185617446899414
1.9780280590057373,0.8639066815376282,-1.3725128173828125,-2.237473964691162,1.0599913597106934,2.1168665885925293,-2.092752695083618
1.9745557308197021,0.8512869477272034,-1.3653223514556885,-2.236358165740967,1.0487325191497803,2.1266257762908936,-2.066943645477295
1.9709786176681519,0.8390037417411804,-1.3581233024597168,-2.2352261543273926,1.0375893115997314,2.136073112487793,-2.0411345958709717
1.9672962427139282,0.827041745185852,-1.3509094715118408,-2.234078884124756,1.0265543460845947,2.145223617553711,-2.0153255462646484
1.9635103940963745,0.8153859972953796,-1.3436777591705322,-2.232914924621582,1.015621542930603,2.15408992767334,-1.9895164966583252
1.959618091583252,0.804021418094635,-1.3364201784133911,-2.2317354679107666,1.004782795906067,2.162686824798584,-1.963707447052002
1.955620288848877,0.792935848236084,-1.3291345834732056,-2.230539321899414,0.9940341114997864,2.171024799346924,-1.9378983974456787
1.951516032218933,0.782116711139679,-1.3218156099319458,-2.2293269634246826,0.9833690524101257,2.1791160106658936,-1.9120893478393555
1.9473037719726562,0.771552562713623,-1.3144581317901611,-2.2280983924865723,0.9727823734283447,2.1869709491729736,-1.8862802982330322
1.9429831504821777,0.761232852935791,-1.3070582151412964,-2.2268528938293457,0.96226966381073,2.194599151611328,-1.860471248626709
1.9385533332824707,0.751148521900177,-1.2996124029159546,-2.2255911827087402,0.951826810836792,2.2020092010498047,-1.8346621990203857
1.9340137243270874,0.7412915825843811,-1.2921171188354492,-2.2243123054504395,0.9414508938789368,2.2092087268829346,-1.8088531494140625
1.9293627738952637,0.731652021408081,-1.284567952156067,-2.2230169773101807,0.9311363101005554,2.2162070274353027,-1.7830440998077393
1.924599528312683,0.7222227454185486,-1.276961326599121,-2.2217047214508057,0.9208807349205017,2.223010778427124,-1.7572349309921265
1.919722080230713,0.7129957675933838,-1.2692935466766357,-2.2203755378723145,0.9106804728507996,2.2296276092529297,-1.7314258813858032
1.9147309064865112,0.7039656639099121,-1.2615622282028198,-2.2190287113189697,0.9005331993103027,2.236062526702881,-1.70561683177948
1.9096224308013916,0.6951252818107605,-1.253762125968933,-2.217664957046509,0.8904354572296143,2.242323160171509,-1.6798079013824463
1.9043976068496704,0.6864680647850037,-1.2458919286727905,-2.2162840366363525,0.8803848624229431,2.2484145164489746,-1.653998851776123
1.8990538120269775,0.6779894828796387,-1.237947702407837,-2.2148854732513428,0.8703795671463013,2.2543418407440186,-1.6281898021697998
1.8935893774032593,0.6696829795837402,-1.2299256324768066,-2.2134695053100586,0.860415518283844,2.260111093521118,-1.602380633354187
1.8880038261413574,0.6615447998046875,-1.2218236923217773,-2.212035655975342,0.8504922986030579,2.265726089477539,-1.5765715837478638
1.88229501247406,0.653569221496582,-1.2136378288269043,-2.2105844020843506,0.8406068086624146,2.271192789077759,-1.5507625341415405
1.8764612674713135,0.6457528471946716,-1.2053651809692383,-2.2091150283813477,0.8307581543922424,2.2765142917633057,-1.5249534845352173
1.8705018758773804,0.6380904316902161,-1.197003722190857,-2.207628011703491,0.8209431171417236,2.2816953659057617,-1.499144434928894
1.864414095878601,0.6305791139602661,-1.188549518585205,-2.206122875213623,0.8111608028411865,2.2867398262023926,-1.4733353853225708
1.8581969738006592,0.6232144236564636,-1.179999589920044,-2.204599380493164,0.8014089465141296,2.291651725769043,-1.4475263357162476
1.8518494367599487,0.615993320941925,-1.1713521480560303,-2.2030577659606934,0.7916868925094604,2.296433925628662,-1.4217172861099243
1.845368504524231,0.6089125871658325,-1.1626030206680298,-2.201497793197632,0.7819927334785461,2.301090717315674,-1.3959081172943115
1.8387532234191895,0.6019690632820129,-1.1537503004074097,-2.1999192237854004,0.7723245620727539,2.3056247234344482,-1.3700990676879883
1.8320025205612183,0.5951599478721619,-1.1447911262512207,-2.198322057723999,0.7626816630363464,2.3100388050079346,-1.344290018081665
1.8251136541366577,0.5884817838668823,-1.1357221603393555,-2.196706533432007,0.7530620694160461,2.3143367767333984,-1.3184809684753418
1.8180854320526123,0.5819330215454102,-1.1265413761138916,-2.1950716972351074,0.7434649467468262,2.3185205459594727,-1.2926719188690186
1.8109164237976074,0.5755113959312439,-1.117246389389038,-2.193418025970459,0.7338896989822388,2.3225927352905273,-1.2668628692626953
1.803604006767273,0.5692136883735657,-1.107832908630371,-2.1917455196380615,0.724334180355072,2.326557159423828,-1.241053819656372
1.7961472272872925,0.563038170337677,-1.0982998609542847,-2.190053939819336,0.7147979736328125,2.3304152488708496,-1.2152447700500488
1.7885444164276123,0.5569831728935242,-1.08864426612854,-2.188343048095703,0.7052798271179199,2.334169387817383,-1.1894357204437256
1.7807914018630981,0.5510439276695251,-1.078861117362976,-2.1866133213043213,0.6957749724388123,2.3378236293792725,-1.1636266708374023
1.772890329360962,0.5452234745025635,-1.068951964378357,-2.184863567352295,0.6862896084785461,2.341377019882202,-1.137817621231079
1.7648385763168335,0.5395180583000183,-1.0589135885238647,-2.1830945014953613,0.6768192052841187,2.3448328971862793,-1.1120085716247559
1.7566332817077637,0.5339263081550598,-1.0487419366836548,-2.181305408477783,0.6673623919487,2.348193645477295,-1.0861995220184326
1.7482738494873047,0.5284469723701477,-1.038435935974121,-2.1794967651367188,0.6579195261001587,2.3514606952667236,-1.0603904724121094
1.7397584915161133,0.5230780243873596,-1.0279924869537354,-2.1776680946350098,0.6484890580177307,2.3546359539031982,-1.0345814228057861
1.7310844659805298,0.5178187489509583,-1.0174087285995483,-2.1758198738098145,0.6390700936317444,2.357722043991089,-1.008772373199463
1.7222520112991333,0.512668251991272,-1.0066840648651123,-2.1739509105682373,0.6296625137329102,2.3607189655303955,-0.9829632043838501
1.7132594585418701,0.50762540102005,-0.9958159327507019,-2.1720621585845947,0.6202651262283325,2.3636293411254883,-0.9571541547775269
1.7041046619415283,0.5026887655258179,-0.9848018288612366,-2.1701531410217285,0.6108769774436951,2.366454601287842,-0.9313451051712036
1.6947882175445557,0.49785879254341125,-0.973641574382782,-2.1682233810424805,0.6014984250068665,2.3691954612731934,-0.9055360555648804
1.6853049993515015,0.4931333363056183,-0.9623294472694397,-2.1662731170654297,0.5921269655227661,2.3718550205230713,-0.8797270059585571
1.6756583452224731,0.4885126054286957,-0.9508679509162903,-2.164301872253418,0.5827638506889343,2.3744330406188965,-0.8539179563522339
1.6658439636230469,0.483995258808136,-0.9392523169517517,-2.1623103618621826,0.5734071731567383,2.376931667327881,-0.8281089067459106
1.6558632850646973,0.47958168387413025,-0.9274836182594299,-2.1602976322174072,0.5640576481819153,2.3793511390686035,-0.8022998571395874
1.6457140445709229,0.47527116537094116,-0.9155581593513489,-2.158263921737671,0.5547127723693848,2.3816936016082764,-0.7764908075332642
1.6353960037231445,0.4710628092288971,-0.903476357460022,-2.1562092304229736,0.5453734993934631,2.383960008621216,-0.7506817579269409
1.6249090433120728,0.46695655584335327,-0.8912365436553955,-2.1541333198547363,0.5360391736030579,2.38615083694458,-0.7248727083206177
1.6142526865005493,0.46295249462127686,-0.8788380026817322,-2.152035713195801,0.5267084836959839,2.3882675170898438,-0.6990636587142944
1.603424310684204,0.45905032753944397,-0.8662773966789246,-2.149916648864746,0.5173810720443726,2.3903117179870605,-0.6732544302940369
1.5924259424209595,0.4552493989467621,-0.8535564541816711,-2.1477763652801514,0.5080564022064209,2.3922841548919678,-0.6474453806877136
1.5812585353851318,0.45155060291290283,-0.8406755328178406,-2.1456139087677,0.498734712600708,2.3941843509674072,-0.6216363310813904
1.5699197053909302,0.44795310497283936,-0.8276316523551941,-2.143429756164551,0.489414244890213,2.396014928817749,-0.5958272814750671
1.5584124326705933,0.4444570541381836,-0.8144273161888123,-2.141223669052124,0.48009607195854187,2.397775173187256,-0.5700182318687439
1.5467339754104614,0.441062867641449,-0.8010590076446533,-2.13899564743042,0.47077783942222595,2.399467945098877,-0.5442091822624207
1.5348891019821167,0.437770277261734,-0.7875310182571411,-2.1367454528808594,0.461460679769516,2.4010918140411377,-0.5184001326560974
1.5228744745254517,0.43458011746406555,-0.7738398313522339,-2.134472608566284,0.45214319229125977,2.402649164199829,-0.49259111285209656
1.5106960535049438,0.43149152398109436,-0.7599906325340271,-2.1321773529052734,0.4428255259990692,2.4041388034820557,-0.4667820632457733
1.4983502626419067,0.4285057783126831,-0.7459791898727417,-2.1298599243164062,0.43350595235824585,2.405564069747925,-0.4409730136394501
1.4858423471450806,0.425622820854187,-0.7318106293678284,-2.1275196075439453,0.42418625950813293,2.4069230556488037,-0.4151639938354492
1.4731718301773071,0.42284274101257324,-0.7174834609031677,-2.1251564025878906,0.4148632884025574,2.4082179069519043,-0.3893549144268036
1.460343360900879,0.4201661944389343,-0.703002393245697,-2.122770309448242,0.405538946390152,2.4094481468200684,-0.36354589462280273
1.4473565816879272,0.41759350895881653,-0.6883658170700073,-2.120361328125,0.3962114155292511,2.4106156826019287,-0.3377368450164795
1.4342163801193237,0.4151250422000885,-0.6735787987709045,-2.117928981781006,0.3868809640407562,2.411719560623169,-0.31192776560783386
1.420924186706543,0.412760853767395,-0.6586421728134155,-2.1154732704162598,0.3775469660758972,2.4127609729766846,-0.2861187160015106
1.407483696937561,0.4105018377304077,-0.6435588002204895,-2.112994432449341,0.3682088255882263,2.4137401580810547,-0.26030948758125305
1.393897294998169,0.40834903717041016,-0.6283305883407593,-2.1104917526245117,0.35886630415916443,2.4146580696105957,-0.2345004379749298
1.380170226097107,0.4063016176223755,-0.612962543964386,-2.1079654693603516,0.3495183289051056,2.4155144691467285,-0.20869138836860657
1.3663057088851929,0.4043607711791992,-0.5974572896957397,-2.1054158210754395,0.3401654064655304,2.4163100719451904,-0.1828823834657669
1.3523070812225342,0.4025273323059082,-0.5818173885345459,-2.10284161567688,0.33080658316612244,2.4170451164245605,-0.15707331895828247
1.3381798267364502,0.40080150961875916,-0.5660482048988342,-2.1002438068389893,0.3214414119720459,2.417720079421997,-0.13126426935195923
1.3239285945892334,0.3991833031177521,-0.5501537322998047,-2.097621440887451,0.31206971406936646,2.4183349609375,-0.10545520484447479
1.3095588684082031,0.39767351746559143,-0.5341389775276184,-2.094974994659424,0.3026909828186035,2.4188899993896484,-0.07964614033699036
1.2950748205184937,0.39627310633659363,-0.5180073380470276,-2.092304229736328,0.2933047115802765,2.4193859100341797,-0.05383714288473129
1.2804821729660034,0.3949819803237915,-0.501764178276062,-2.089608669281006,0.28391072154045105,2.4198226928710938,-0.028028082102537155
1.2657876014709473,0.3938010334968567,-0.48541587591171265,-2.086888551712036,0.2745080292224884,2.4201998710632324,-0.002219022950157523
1.2509957551956177,0.39273062348365784,-0.46896612644195557,-2.08414363861084,0.2650967240333557,2.4205188751220703,0.02359003759920597
1.2361139059066772,0.3917713761329651,-0.4524206817150116,-2.081373453140259,0.2556760907173157,2.420778751373291,0.049399036914110184
1.2211476564407349,0.39092332124710083,-0.4357870817184448,-2.078578472137451,0.24624614417552948,2.42098069190979,0.07520809769630432
1.2061039209365845,0.39018714427948,-0.4190705716609955,-2.075758457183838,0.2368057817220688,2.421123743057251,0.10101715475320816
1.1909886598587036,0.389563649892807,-0.4022763669490814,-2.0729126930236816,0.22735458612442017,2.4212090969085693,0.126826211810112
1.1758098602294922,0.3890525996685028,-0.38541221618652344,-2.0700411796569824,0.21789264678955078,2.4212355613708496,0.15263542532920837
1.1605744361877441,0.38865455985069275,-0.3684840202331543,-2.0671443939208984,0.2084190547466278,2.421204090118408,0.1784444898366928
1.1452898979187012,0.38836973905563354,-0.351499080657959,-2.0642218589782715,0.19893410801887512,2.421113967895508,0.20425353944301605
1.1299619674682617,0.38819923996925354,-0.33446234464645386,-2.0612733364105225,0.189436137676239,2.420966148376465,0.2300626039505005
1.1145987510681152,0.38814303278923035,-0.31738153100013733,-2.0582988262176514,0.17992575466632843,2.420760154724121,0.25587159395217896
1.0992088317871094,0.3882003724575043,-0.3002644181251526,-2.055298089981079,0.170401468873024,2.4204955101013184,0.2816806733608246
1.0837986469268799,0.38837242126464844,-0.28311699628829956,-2.0522708892822266,0.16086363792419434,2.4201724529266357,0.3074897229671478
1.068375587463379,0.3886597752571106,-0.2659462094306946,-2.049217462539673,0.1513112336397171,2.4197914600372314,0.33329877257347107
1.052946925163269,0.38906171917915344,-0.24875834584236145,-2.0461370944976807,0.14174418151378632,2.419351577758789,0.3591078519821167
1.0375208854675293,0.38957932591438293,-0.23156149685382843,-2.043030261993408,0.13216164708137512,2.418853282928467,0.38491684198379517
1.0221033096313477,0.3902120590209961,-0.21436041593551636,-2.039896011352539,0.12256239354610443,2.4182958602905273,0.4107258915901184
1.0067031383514404,0.3909604251384735,-0.19716349244117737,-2.0367350578308105,0.11294737458229065,2.41767954826355,0.43653497099876404
0.9913272857666016,0.39182379841804504,-0.17997756600379944,-2.0335469245910645,0.1033153161406517,2.417004108428955,0.4623440206050873
0.9759830832481384,0.3928031623363495,-0.16280916333198547,-2.030331611633301,0.09366566687822342,2.416269063949585,0.48815304040908813
0.9606775045394897,0.3938984274864197,-0.14566387236118317,-2.0270884037017822,0.08399820327758789,2.4154744148254395,0.5139620900154114
0.9454166889190674,0.39510929584503174,-0.12854726612567902,-2.023817539215088,0.07431155443191528,2.4146196842193604,0.5397711396217346
0.9302077293395996,0.39643552899360657,-0.11146650463342667,-2.0205190181732178,0.06460514664649963,2.4137043952941895,0.565580427646637
0.9150581359863281,0.39787712693214417,-0.09442776441574097,-2.017192840576172,0.05487958341836929,2.412728786468506,0.5913894176483154
0.8999729752540588,0.3994345963001251,-0.07743561267852783,-2.0138378143310547,0.04513305798172951,2.4116921424865723,0.6171984672546387
0.8849590420722961,0.40110793709754944,-0.06049622222781181,-2.0104548931121826,0.035365354269742966,2.4105942249298096,0.6430075168609619
0.8700218796730042,0.4028967618942261,-0.04361424222588539,-2.0070433616638184,0.02557581104338169,2.4094345569610596,0.6688165664672852
0.855167806148529,0.40480077266693115,-0.02679501660168171,-2.003603458404541,0.01576366275548935,2.408212423324585,0.6946256160736084
0.8404012322425842,0.4068205654621124,-0.01004285179078579,-2.0001344680786133,0.005928128957748413,2.406928062438965,0.7204346656799316
0.8257290124893188,0.4089552164077759,0.006636769510805607,-1.9966367483139038,-0.003931084647774696,2.4055800437927246,0.7462437152862549
0.6864792108535767,0.44584226608276367,0.1264016479253769,-1.9411033391952515,-0.0790473073720932,2.382275342941284,0.7734888195991516
0.5628722906112671,0.4902166724205017,0.2352258265018463,-1.8811132907867432,-0.15542981028556824,2.353757858276367,0.8007339239120483
0.45318034291267395,0.5420368313789368,0.33574044704437256,-1.816327452659607,-0.2341509759426117,2.3195133209228516,0.8279790878295898
0.35545796155929565,0.6017399430274963,0.43118050694465637,-1.7462689876556396,-0.31669268012046814,2.2787482738494873,0.8552241921424866
0.26787877082824707,0.6703895926475525,0.5253063440322876,-1.6702650785446167,-0.4052180051803589,2.2302422523498535,0.8824692964553833
0.18888457119464874,0.7499791383743286,0.6227896809577942,-1.5873510837554932,-0.5031112432479858,2.1720635890960693,0.90971440076828
0.1172502413392067,0.8441455960273743,0.7303156852722168,-1.4961037635803223,-0.6161857843399048,2.100940704345703,0.9369595050811768
0.0521436370909214,0.9601202607154846,0.8596651554107666,-1.394315242767334,-0.7559309601783752,2.0105795860290527,0.9642046689987183
0.07097064703702927,0.9329404234886169,0.8193780183792114,-1.4081990718841553,-0.7147889137268066,2.0317611694335938,0.9358424544334412
0.09020315855741501,0.907610297203064,0.7806186079978943,-1.4217829704284668,-0.6756320595741272,2.051358938217163,0.9074801802635193
0.1098385900259018,0.8839166760444641,0.7431226968765259,-1.4350790977478027,-0.6381804943084717,2.069558620452881,0.8791179656982422
0.12987759709358215,0.8616882562637329,0.7066746354103088,-1.4480969905853271,-0.6022074222564697,2.0865135192871094,0.8507557511329651
0.15031924843788147,0.8407860398292542,0.6711006760597229,-1.4608473777770996,-0.5675306916236877,2.1023459434509277,0.8223934769630432
0.1711646467447281,0.8210960626602173,0.636255145072937,-1.4733376502990723,-0.5339983701705933,2.1171584129333496,0.7940312623977661
0.19241482019424438,0.8025216460227966,0.6020145416259766,-1.4855782985687256,-0.5014820098876953,2.131038188934326,0.765669047832489
0.2140706181526184,0.7849816679954529,0.568274736404419,-1.4975757598876953,-0.46987369656562805,2.144059181213379,0.7373067736625671
0.23613345623016357,0.7684069275856018,0.5349453091621399,-1.50933837890625,-0.43908044695854187,2.156285524368286,0.70894455909729
0.2586044669151306,0.7527397274971008,0.5019484162330627,-1.520871639251709,-0.4090215265750885,2.167771816253662,0.6805823445320129
0.2814822494983673,0.7379285097122192,0.46921858191490173,-1.5321834087371826,-0.37962764501571655,2.178565740585327,0.6522200703620911
0.3047671318054199,0.7239305377006531,0.4366965591907501,-1.5432789325714111,-0.35083723068237305,2.1887099742889404,0.623857855796814
0.3284578025341034,0.7107071876525879,0.40433159470558167,-1.554163932800293,-0.3225960433483124,2.1982412338256836,0.5954956412315369
0.35255101323127747,0.6982260942459106,0.3720804750919342,-1.5648443698883057,-0.29485613107681274,2.207192897796631,0.5671334266662598
0.37704288959503174,0.6864590644836426,0.3399062156677246,-1.5753250122070312,-0.26757463812828064,2.2155935764312744,0.5387711524963379
0.40192899107933044,0.6753802299499512,0.30777350068092346,-1.5856106281280518,-0.24071243405342102,2.2234697341918945,0.5104089379310608
0.427202433347702,0.6649689674377441,0.2756598889827728,-1.5957059860229492,-0.21423569321632385,2.230844497680664,0.4820466935634613
0.4528551399707794,0.6552059054374695,0.243540957570076,-1.6056151390075684,-0.18811242282390594,2.2377381324768066,0.4536844789981842
0.4788776636123657,0.6460751891136169,0.2113979607820511,-1.615342378616333,-0.16231417655944824,2.2441697120666504,0.4253222346305847
0.5052585601806641,0.6375619173049927,0.17921701073646545,-1.624891996383667,-0.1368151605129242,2.2501556873321533,0.39695999026298523
0.531985342502594,0.6296542882919312,0.14698730409145355,-1.6342673301696777,-0.11159039288759232,2.255711317062378,0.36859774589538574
0.5590425729751587,0.622341513633728,0.11470256745815277,-1.6434720754623413,-0.08661933243274689,2.2608494758605957,0.34023550152778625
0.5864133834838867,0.6156142950057983,0.0823599249124527,-1.6525096893310547,-0.06188086420297623,2.2655816078186035,0.31187328696250916
0.6140795946121216,0.6094658970832825,0.04995901882648468,-1.6613836288452148,-0.0373566560447216,2.2699198722839355,0.28351107239723206
0.6420203447341919,0.6038880944252014,0.017503058537840843,-1.670096755027771,-0.013028537854552269,2.273871421813965,0.25514882802963257
0.6702138185501099,0.5988764762878418,-0.01500201877206564,-1.6786525249481201,0.01111963577568531,2.2774457931518555,0.22678659856319427
0.6986359357833862,0.594425618648529,-0.04754726588726044,-1.6870532035827637,0.035101912915706635,2.2806496620178223,0.19842438399791718
0.727260947227478,0.5905312895774841,-0.08012155443429947,-1.6953022480010986,0.0589342825114727,2.2834885120391846,0.17006215453147888
0.7560614943504333,0.5871919393539429,-0.11271088570356369,-1.7034019231796265,0.08262956887483597,2.2859692573547363,0.14169983565807343
0.7850094437599182,0.5844034552574158,-0.145300030708313,-1.711355447769165,0.10620030760765076,2.2880945205688477,0.11333762109279633
0.8140748143196106,0.5821638703346252,-0.17787115275859833,-1.7191650867462158,0.12965886294841766,2.2898683547973633,0.08497539162635803
0.8432267904281616,0.5804727673530579,-0.2104053646326065,-1.726832628250122,0.15301713347434998,2.2912933826446533,0.056613169610500336
0.8724341988563538,0.5793282389640808,-0.24288275837898254,-1.7343614101409912,0.1762860119342804,2.292370557785034,0.028250930830836296
0.9016634821891785,0.5787299871444702,-0.2752804160118103,-1.741753101348877,0.19947613775730133,2.2931017875671387,-0.00011129214544780552
0.9308838248252869,0.5786779522895813,-0.30757829546928406,-1.7490103244781494,0.22259850800037384,2.2934861183166504,-0.028473515063524246
0.9600608944892883,0.5791724324226379,-0.3397522270679474,-1.7561352252960205,0.24566221237182617,2.2935242652893066,-0.05683574080467224
0.9891634583473206,0.5802140831947327,-0.37178072333335876,-1.763129711151123,0.26867806911468506,2.2932138442993164,-0.08519796282052994
1.0181586742401123,0.5818041563034058,-0.40364083647727966,-1.769996166229248,0.2916548252105713,2.2925524711608887,-0.11356018483638763
1.0470147132873535,0.5839439034461975,-0.43531090021133423,-1.7767363786697388,0.3146032392978668,2.291537284851074,-0.14192244410514832
1.0757009983062744,0.5866367220878601,-0.46676909923553467,-1.7833523750305176,0.3375316858291626,2.2901644706726074,-0.17028465867042542
1.104188323020935,0.5898833274841309,-0.49799636006355286,-1.7898461818695068,0.3604501187801361,2.288428544998169,-0.19864694774150848
1.1324470043182373,0.5936891436576843,-0.5289720296859741,-1.7962195873260498,0.38336822390556335,2.2863240242004395,-0.22700920701026917
1.1604509353637695,0.5980563759803772,-0.5596796274185181,-1.802474856376648,0.40629521012306213,2.283844470977783,-0.25537142157554626
1.188173532485962,0.6029914021492004,-0.5901023745536804,-1.8086131811141968,0.42924124002456665,2.2809815406799316,-0.28373363614082336
1.2155920267105103,0.6084994077682495,-0.6202274560928345,-1.8146365880966187,0.4522165060043335,2.277726173400879,-0.31209588050842285
1.242682695388794,0.6145870089530945,-0.6500407457351685,-1.820547103881836,0.47523069381713867,2.27406907081604,-0.34045809507369995
1.1625910997390747,0.5552829504013062,-0.5721173286437988,-1.8745015859603882,0.3982970118522644,2.314574956893921,-0.3150409460067749
1.0737217664718628,0.5026227831840515,-0.49128249287605286,-1.9247362613677979,0.32485318183898926,2.349212646484375,-0.28962376713752747
0.9744596481323242,0.4559914171695709,-0.4048914313316345,-1.9714601039886475,0.25375238060951233,2.3787450790405273,-0.2642066180706024
0.8630133271217346,0.4151349663734436,-0.31039753556251526,-2.014824390411377,0.18415489792823792,2.4037060737609863,-0.23878946900367737
0.7376099824905396,0.3801068663597107,-0.20544806122779846,-2.0549356937408447,0.11542323976755142,2.4244701862335205,-0.21337230503559113
0.5969088673591614,0.35122600197792053,-0.08823830634355545,-2.0918660163879395,0.04706371948122978,2.441288948059082,-0.18795515596866608
0.4406760334968567,0.32903531193733215,0.04185996577143669,-2.1256604194641113,-0.02131626009941101,2.4543161392211914,-0.16253799200057983
0.2706177234649658,0.3142039477825165,0.18349382281303406,-2.1563405990600586,-0.09003126621246338,2.463620185852051,-0.13712084293365479
0.09097147732973099,0.3073769509792328,0.3327503800392151,-2.183913230895996,-0.15934155881404877,2.4691901206970215,-0.11170367896556854
-0.09177534282207489,0.3090013861656189,0.4834657609462738,-2.2083728313446045,-0.2294652760028839,2.470935821533203,-0.0862865149974823
-0.2703075706958771,0.31920748949050903,0.6286550164222717,-2.2297046184539795,-0.300592839717865,2.4686808586120605,-0.06086937338113785
-0.43840286135673523,0.33783137798309326,0.7624466419219971,-2.247889518737793,-0.372903436422348,2.4621500968933105,-0.03545220568776131
-0.5922067761421204,0.36458098888397217,0.881369411945343,-2.262907028198242,-0.4465794265270233,2.450949192047119,-0.01003506314009428
-0.7303666472434998,0.3992455005645752,0.9845046997070312,-2.2747373580932617,-0.5218294262886047,2.4345309734344482,0.01538210641592741
-0.8533656597137451,0.4418923556804657,1.0728304386138916,-2.2833642959594727,-0.5989181399345398,2.4121451377868652,0.04079924896359444
-0.9626871347427368,0.49302932620048523,1.1484280824661255,-2.2887773513793945,-0.6782141923904419,2.382753372192383,0.06621641665697098
-1.0601588487625122,0.5537664294242859,1.2138657569885254,-2.290972948074341,-0.7602627277374268,2.3448972702026367,0.09163355827331543
-1.1475659608840942,0.6260727643966675,1.2719054222106934,-2.2899556159973145,-0.8459188342094421,2.2964508533477783,0.11705072969198227
-1.130601167678833,0.5814946889877319,1.245784044265747,-2.2976884841918945,-0.7976956367492676,2.327307939529419,0.08480382710695267
-1.1120195388793945,0.5404105186462402,1.219218373298645,-2.305128574371338,-0.7506812214851379,2.35479736328125,0.05255692079663277
-1.0916134119033813,0.5023286938667297,1.1918296813964844,-2.3122708797454834,-0.7046575546264648,2.3793723583221436,0.020310021936893463
-1.0691232681274414,0.4668610692024231,1.1632219552993774,-2.319110870361328,-0.6594542264938354,2.401393413543701,-0.01193689089268446
-1.0442326068878174,0.43370282649993896,1.1329679489135742,-2.3256442546844482,-0.614936351776123,2.421151638031006,-0.04418378695845604
-1.0165507793426514,0.4026108384132385,1.100584864616394,-2.33186674118042,-0.5709948539733887,2.438884973526001,-0.07643068581819534
-0.9856031537055969,0.3733944892883301,1.0655180215835571,-2.3377740383148193,-0.527539849281311,2.4547905921936035,-0.10867760330438614
-0.9508148431777954,0.34590864181518555,1.0271284580230713,-2.343362808227539,-0.48449692130088806,2.4690322875976562,-0.14092451333999634
-0.9114871621131897,0.3200494050979614,0.9846572279930115,-2.348629951477051,-0.4418046772480011,2.4817473888397217,-0.17317141592502594
-0.8667722344398499,0.295753538608551,0.9372044205665588,-2.353571653366089,-0.3994101285934448,2.493051528930664,-0.20541830360889435
-0.8156530857086182,0.2729986011981964,0.8837059140205383,-2.358185052871704,-0.35726889967918396,2.5030431747436523,-0.23766522109508514
-0.7569345831871033,0.25180894136428833,0.8229236006736755,-2.3624682426452637,-0.3153427541255951,2.5118043422698975,-0.26991209387779236
-0.6892418265342712,0.23225755989551544,0.7534436583518982,-2.36641788482666,-0.2735985219478607,2.519404411315918,-0.30215901136398315
-0.7710374593734741,0.24192897975444794,0.8341324329376221,-2.3756844997406006,-0.3084285855293274,2.517226219177246,-0.2704629600048065
-0.8463801741600037,0.2532448172569275,0.9082946181297302,-2.3846969604492188,-0.3432486653327942,2.5142765045166016,-0.23876692354679108
-0.9152982831001282,0.26607757806777954,0.9759758710861206,-2.3934595584869385,-0.3780726194381714,2.5105323791503906,-0.20707087218761444
-0.9780343174934387,0.2803155183792114,1.03743577003479,-2.4019763469696045,-0.4129124581813812,2.5059661865234375,-0.175374835729599
-1.034966230392456,0.29587072134017944,1.0930696725845337,-2.410252571105957,-0.44778138399124146,2.5005459785461426,-0.14367878437042236
-1.0865440368652344,0.3126777112483978,1.1433449983596802,-2.418292284011841,-0.482693612575531,2.4942328929901123,-0.11198274791240692
-1.1332424879074097,0.33069509267807007,1.1887540817260742,-2.426100254058838,-0.5176640152931213,2.48698091506958,-0.08028669655323029
-1.1755250692367554,0.3499031364917755,1.2297786474227905,-2.4336817264556885,-0.5527098178863525,2.4787373542785645,-0.04859064891934395
-1.213832139968872,0.3703068494796753,1.2668784856796265,-2.4410414695739746,-0.5878483653068542,2.469440460205078,-0.01689460314810276
-1.2485703229904175,0.3919314742088318,1.3004790544509888,-2.4481844902038574,-0.623100757598877,2.459017753601074,0.014801443554461002
-1.280099630355835,0.41482463479042053,1.3309621810913086,-2.455115795135498,-0.658490002155304,2.4473862648010254,0.04649747535586357
-1.3087458610534668,0.4390571415424347,1.3586742877960205,-2.461840867996216,-0.6940429210662842,2.434448480606079,0.07819352298974991
-1.334796667098999,0.4647233486175537,1.383927822113037,-2.468364715576172,-0.7297902703285217,2.4200901985168457,0.10988956689834595
-1.3585021495819092,0.4919450581073761,1.4069992303848267,-2.4746932983398438,-0.7657694816589355,2.404177665710449,0.14158561825752258
-1.3800777196884155,0.5208721160888672,1.428133249282837,-2.4808316230773926,-0.8020241856575012,2.3865549564361572,0.17328165471553802
-1.3997139930725098,0.5516912341117859,1.4475537538528442,-2.4867849349975586,-0.8386065363883972,2.3670341968536377,0.20497772097587585
-1.417572259902954,0.5846315622329712,1.465459942817688,-2.4925599098205566,-0.8755817413330078,2.3453915119171143,0.2366737574338913
-1.433788537979126,0.6199727058410645,1.482033133506775,-2.4981613159179688,-0.91302889585495,2.3213579654693604,0.26836979389190674
-1.4484792947769165,0.658064067363739,1.497443675994873,-2.5035955905914307,-0.9510481953620911,2.2946009635925293,0.300065815448761
-1.4617350101470947,0.6993415951728821,1.511849045753479,-2.5088682174682617,-0.9897680282592773,2.2647106647491455,0.33176189661026
-1.473626971244812,0.7443600296974182,1.5254051685333252,-2.5139853954315186,-1.0293562412261963,2.231165885925293,0.36345791816711426
-1.484201431274414,0.7938416600227356,1.5382691621780396,-2.5189528465270996,-1.0700385570526123,2.1932930946350098,0.3951539695262909
-1.4934756755828857,0.8487526774406433,1.5506101846694946,-2.5237765312194824,-1.1121271848678589,2.150193929672241,0.42684999108314514
-1.5014283657073975,0.9104349613189697,1.5626229047775269,-2.5284626483917236,-1.1560736894607544,2.1006250381469727,0.4585460424423218
-1.507981777191162,0.9808621406555176,1.5745596885681152,-2.533017158508301,-1.2025729417800903,2.04276442527771,0.4902420938014984
-1.5129574537277222,1.0631556510925293,1.586787462234497,-2.5374460220336914,-1.2527759075164795,1.9737402200698853,0.521938145160675
-1.5467478036880493,1.0011900663375854,1.5882624387741089,-2.555037498474121,-1.2172366380691528,2.027526617050171,0.4908748269081116
-1.5810813903808594,0.947797417640686,1.5922620296478271,-2.571981906890869,-1.1854465007781982,2.0736725330352783,0.4598115384578705
-1.616042971611023,0.9010528922080994,1.5983226299285889,-2.58827805519104,-1.1565401554107666,2.113924026489258,0.428748220205307
-1.6516587734222412,0.8596721291542053,1.6061079502105713,-2.6039247512817383,-1.129951000213623,2.149449348449707,0.3976849317550659
-1.6879156827926636,0.8227335810661316,1.6153517961502075,-2.61892032623291,-1.1052780151367188,2.1810851097106934,0.36662161350250244
-1.7247742414474487,0.7895521521568298,1.625832200050354,-2.6332616806030273,-1.0822277069091797,2.2094526290893555,0.33555832505226135
-1.76217520236969,0.7595908641815186,1.6373531818389893,-2.646946430206299,-1.0605722665786743,2.235036611557007,0.3044950067996979
-1.8000472784042358,0.7324211001396179,1.6497399806976318,-2.65997314453125,-1.04013192653656,2.2582201957702637,0.2734316885471344
-1.838305115699768,0.7076910734176636,1.662828803062439,-2.6723380088806152,-1.0207598209381104,2.27931547164917,0.24236838519573212
-1.876856803894043,0.6851028800010681,1.6764678955078125,-2.6840391159057617,-1.002333402633667,2.2985823154449463,0.21130508184432983
-1.9156033992767334,0.6644027233123779,1.6905137300491333,-2.6950736045837402,-0.9847465753555298,2.3162379264831543,0.18024177849292755
-1.9544411897659302,0.6453677415847778,1.7048289775848389,-2.7054390907287598,-0.9679076075553894,2.332470178604126,0.14917847514152527
-1.9932664632797241,0.6278021931648254,1.7192878723144531,-2.7151334285736084,-0.9517338275909424,2.3474392890930176,0.11811517179012299
-2.0072383880615234,0.6222380995750427,1.7178385257720947,-2.7129526138305664,-0.9464566111564636,2.351205825805664,0.08868006616830826
-2.0206055641174316,0.616593062877655,1.7159948348999023,-2.7104549407958984,-0.9410480260848999,2.3549556732177734,0.05924495309591293
-2.0333566665649414,0.6108616590499878,1.7137504816055298,-2.707643985748291,-0.9354979991912842,2.3586926460266113,0.029809843748807907
-2.045480251312256,0.6050391793251038,1.711098551750183,-2.7045235633850098,-0.9297945499420166,2.362419366836548,0.0003747353330254555
-2.0569658279418945,0.5991222262382507,1.7080323696136475,-2.701097011566162,-0.9239298701286316,2.366137981414795,-0.029060373082756996
-2.067800998687744,0.5931097865104675,1.7045427560806274,-2.6973676681518555,-0.9178943634033203,2.3698487281799316,-0.05849548429250717
-2.077974319458008,0.5870011448860168,1.7006217241287231,-2.6933398246765137,-0.9116796851158142,2.373551368713379,-0.0879305899143219
-2.0874743461608887,0.5807968974113464,1.6962599754333496,-2.6890170574188232,-0.9052783846855164,2.377244710922241,-0.11736570298671722
-2.0962882041931152,0.5744991302490234,1.6914467811584473,-2.6844027042388916,-0.8986842036247253,2.380927085876465,-0.14680081605911255
-2.104403495788574,0.5681115984916687,1.686171054840088,-2.6795008182525635,-0.8918905258178711,2.3845949172973633,-0.17623591423034668
-2.111806869506836,0.5616371631622314,1.6804208755493164,-2.6743149757385254,-0.8848916888237,2.3882460594177246,-0.205671027302742
-2.1184844970703125,0.5550805926322937,1.6741825342178345,-2.6688485145568848,-0.8776829242706299,2.391876697540283,-0.23510614037513733
-2.1244211196899414,0.5484486818313599,1.6674412488937378,-2.6631052494049072,-0.8702599406242371,2.395481824874878,-0.26454123854637146
-2.129605293273926,0.541747510433197,1.6601852178573608,-2.6570887565612793,-0.8626187443733215,2.3990561962127686,-0.293976366519928
-2.1340172290802,0.5349844098091125,1.6523938179016113,-2.6508021354675293,-0.8547560572624207,2.4025955200195312,-0.3234114646911621
-2.137644052505493,0.5281675457954407,1.6440534591674805,-2.6442487239837646,-0.8466694951057434,2.406093120574951,-0.35284656286239624
-2.1404690742492676,0.5213053226470947,1.6351455450057983,-2.637432098388672,-0.8383565545082092,2.409543991088867,-0.38228169083595276
-2.1424736976623535,0.5144062638282776,1.62565016746521,-2.6303553581237793,-0.8298144936561584,2.412942409515381,-0.4117167890071869
-2.143641948699951,0.5074817538261414,1.615549087524414,-2.623020887374878,-0.8210433125495911,2.4162802696228027,-0.441151887178421
-2.1439521312713623,0.5005404353141785,1.6048181056976318,-2.615431785583496,-0.8120407462120056,2.419553756713867,-0.47058701515197754
-2.1433889865875244,0.49359452724456787,1.5934392213821411,-2.6075916290283203,-0.8028075695037842,2.4227542877197266,-0.5000221133232117
-2.141929864883423,0.4866541624069214,1.5813870429992676,-2.599501609802246,-0.793342113494873,2.4258766174316406,-0.5294572114944458
-2.139556884765625,0.4797319173812866,1.5686399936676025,-2.5911648273468018,-0.7836454510688782,2.428913116455078,-0.5588923096656799
-2.136247396469116,0.4728383719921112,1.5551724433898926,-2.5825839042663574,-0.7737168669700623,2.431859016418457,-0.5883274674415588
-2.1319823265075684,0.46598750352859497,1.5409611463546753,-2.573760509490967,-0.7635570764541626,2.434706211090088,-0.617762565612793
-2.1267378330230713,0.45919111371040344,1.5259788036346436,-2.5646963119506836,-0.7531672120094299,2.4374494552612305,-0.6471976637840271
-2.120493173599243,0.45246338844299316,1.5102002620697021,-2.5553934574127197,-0.7425482273101807,2.44008207321167,-0.6766327619552612
-2.1132240295410156,0.4458165764808655,1.493597149848938,-2.5458531379699707,-0.7317004203796387,2.442599296569824,-0.7060678601264954
-2.104912757873535,0.43926575779914856,1.4761468172073364,-2.5360774993896484,-0.7206257581710815,2.444993495941162,-0.7355030179023743
-2.095536470413208,0.4328252971172333,1.4578220844268799,-2.5260672569274902,-0.70932537317276,2.4472596645355225,-0.7649381160736084
-2.0850725173950195,0.42650991678237915,1.4385954141616821,-2.5158233642578125,-0.6978004574775696,2.449392557144165,-0.7943732142448425
-2.0735015869140625,0.4203350841999054,1.4184426069259644,-2.5053467750549316,-0.6860528588294983,2.4513862133026123,-0.8238083124160767
-2.0608065128326416,0.41431668400764465,1.397341251373291,-2.494638204574585,-0.6740837693214417,2.453235149383545,-0.8532434105873108
-2.0469682216644287,0.40847048163414,1.3752670288085938,-2.4836978912353516,-0.6618940234184265,2.45493483543396,-0.8826785087585449
-2.031970500946045,0.40281373262405396,1.352198839187622,-2.4725260734558105,-0.6494867205619812,2.456479787826538,-0.9121136665344238
-2.015805721282959,0.3973637819290161,1.3281224966049194,-2.461122989654541,-0.6368627548217773,2.457864284515381,-0.941548764705658
-1.9984567165374756,0.3921380341053009,1.303015112876892,-2.4494879245758057,-0.6240231394767761,2.459085464477539,-0.9709838628768921
-1.9799238443374634,0.38715484738349915,1.2768727540969849,-2.4376211166381836,-0.6109698414802551,2.460136890411377,-1.000419020652771
-1.9602038860321045,0.38243308663368225,1.2496838569641113,-2.4255213737487793,-0.5977038741111755,2.46101450920105,-1.0298540592193604
-1.9392999410629272,0.37799063324928284,1.2214481830596924,-2.4131884574890137,-0.5842264294624329,2.4617137908935547,-1.0592892169952393
-1.9172202348709106,0.37384867668151855,1.192166805267334,-2.400620222091675,-0.5705393552780151,2.4622302055358887,-1.0887242555618286
-1.8939838409423828,0.3700249195098877,1.1618520021438599,-2.3878164291381836,-0.5566429495811462,2.462559223175049,-1.1181594133377075
-1.86961030960083,0.36654067039489746,1.1305172443389893,-2.3747751712799072,-0.5425379872322083,2.4626965522766113,-1.1475945711135864
-1.8441314697265625,0.36341506242752075,1.0981874465942383,-2.361494302749634,-0.5282257199287415,2.462636947631836,-1.1770296096801758
-1.8175804615020752,0.360666960477829,1.0648889541625977,-2.3479723930358887,-0.5137038230895996,2.4623782634735107,-1.2064647674560547
-1.7900151014328003,0.3583189845085144,1.0306727886199951,-2.3342065811157227,-0.49897781014442444,2.461911916732788,-1.235899806022644
-1.7614810466766357,0.35638856887817383,0.9955772161483765,-2.3201942443847656,-0.48404473066329956,2.4612367153167725,-1.265334963798523
-1.7320457696914673,0.3548949658870697,0.9596623778343201,-2.3059329986572266,-0.46890392899513245,2.460345983505249,-1.2947701215744019
-1.701777458190918,0.35385647416114807,0.9229888916015625,-2.29141902923584,-0.45355501770973206,2.4592366218566895,-1.3242051601409912
-1.6707606315612793,0.35329097509384155,0.8856334090232849,-2.2766497135162354,-0.43799757957458496,2.4579017162323,-1.3536403179168701
-1.6390798091888428,0.3532148003578186,0.847672164440155,-2.2616207599639893,-0.422230064868927,2.4563374519348145,-1.3830753564834595
-1.6068267822265625,0.3536439836025238,0.8091887831687927,-2.2463278770446777,-0.40625065565109253,2.454537868499756,-1.4125105142593384
-1.5740996599197388,0.3545936644077301,0.7702726125717163,-2.230767250061035,-0.3900575339794159,2.452497720718384,-1.4419455528259277
-1.5410000085830688,0.35607612133026123,0.7310160398483276,-2.2149338722229004,-0.3736480474472046,2.4502108097076416,-1.4713807106018066
-1.5076295137405396,0.3581044375896454,0.6915115714073181,-2.198822021484375,-0.3570188283920288,2.4476709365844727,-1.5008158683776855
-1.474094033241272,0.36068886518478394,0.6518549919128418,-2.182426929473877,-0.340168297290802,2.444871664047241,-1.530250906944275
-1.4404937028884888,0.3638392388820648,0.6121360659599304,-2.1657421588897705,-0.3230898380279541,2.4418060779571533,-1.5596860647201538
-1.4069280624389648,0.36756399273872375,0.5724436044692993,-2.14876127243042,-0.3057791590690613,2.438467025756836,-1.5891211032867432
-1.3734931945800781,0.3718703091144562,0.5328623056411743,-2.1314778327941895,-0.2882320284843445,2.4348461627960205,-1.618556261062622
-1.3402795791625977,0.37676453590393066,0.4934704899787903,-2.1138839721679688,-0.27044203877449036,2.4309353828430176,-1.647991418838501
-1.3073675632476807,0.38225239515304565,0.45433586835861206,-2.0959715843200684,-0.2524007558822632,2.4267263412475586,-1.6774264574050903
-1.2748357057571411,0.38833823800086975,0.415523499250412,-2.077732563018799,-0.234101802110672,2.422208547592163,-1.7068616151809692
-1.2427494525909424,0.3950270414352417,0.37708553671836853,-2.059157371520996,-0.21553495526313782,2.417372465133667,-1.7362966537475586
-1.2111694812774658,0.4023233950138092,0.33906450867652893,-2.040236473083496,-0.1966908574104309,2.4122066497802734,-1.7657318115234375
-1.2816400527954102,0.4214796721935272,0.42010247707366943,-2.0285425186157227,-0.24999888241291046,2.4013936519622803,-1.7549115419387817
-1.3473010063171387,0.4437336027622223,0.49709242582321167,-2.016178607940674,-0.3040388524532318,2.3885698318481445,-1.744091272354126
-1.4081847667694092,0.4691195487976074,0.5702088475227356,-2.003135919570923,-0.3589507043361664,2.3735716342926025,-1.7332710027694702
-1.464452862739563,0.497726708650589,0.6397784948348999,-1.9894065856933594,-0.41490086913108826,2.356196403503418,-1.7224507331848145
-1.5163609981536865,0.5297159552574158,0.7062545418739319,-1.9749828577041626,-0.4720936119556427,2.336188793182373,-1.7116304636001587
-1.5642071962356567,0.5653361678123474,0.7701749205589294,-1.9598556756973267,-0.530781090259552,2.3132288455963135,-1.700810194015503
-1.6083091497421265,0.6049497127532959,0.8321554660797119,-1.9440160989761353,-0.591284453868866,2.286909341812134,-1.6899899244308472
-1.648979902267456,0.6490674018859863,0.8928914666175842,-1.9274547100067139,-0.6540204882621765,2.2567012310028076,-1.6791696548461914
-1.686511754989624,0.6984072923660278,0.9531792998313904,-1.910161018371582,-0.7195460796356201,2.2219038009643555,-1.6683493852615356
-1.688043475151062,0.7036688327789307,0.9565348625183105,-1.905981421470642,-0.7245294451713562,2.2180163860321045,-1.6896165609359741
-1.6895722150802612,0.7089716792106628,0.9599263072013855,-1.901789665222168,-0.7295494079589844,2.2140893936157227,-1.7108838558197021
-1.6910982131958008,0.7143166661262512,0.963354229927063,-1.8975868225097656,-0.7346071004867554,2.210123300552368,-1.7321510314941406
-1.6926226615905762,0.7197048664093018,0.9668213129043579,-1.89337158203125,-0.7397040724754333,2.206115245819092,-1.7534183263778687
-1.6941415071487427,0.7251366376876831,0.9703236222267151,-1.889144778251648,-0.7448400259017944,2.2020676136016846,-1.7746855020523071
-1.6956589221954346,0.7306129932403564,0.9738664627075195,-1.8849056959152222,-0.7500163316726685,2.197977066040039,-1.7959527969360352
-1.6971724033355713,0.7361355423927307,0.9774485230445862,-1.8806548118591309,-0.7552343010902405,2.1938440799713135,-1.8172200918197632
-1.6986838579177856,0.7417047023773193,0.9810724258422852,-1.8763915300369263,-0.7604951858520508,2.189666986465454,-1.8384872674942017
-1.700191617012024,0.7473214268684387,0.9847373366355896,-1.8721158504486084,-0.765798807144165,2.185445547103882,-1.8597545623779297
-1.7016955614089966,0.7529869675636292,0.9884445667266846,-1.8678276538848877,-0.7711475491523743,2.181178569793701,-1.8810217380523682
-1.7031965255737305,0.75870281457901,0.9921959042549133,-1.8635268211364746,-0.7765424251556396,2.176865339279175,-1.9022890329360962
-1.7046949863433838,0.7644697427749634,0.9959927797317505,-1.8592135906219482,-0.7819846868515015,2.172504186630249,-1.9235562086105347
-1.7061901092529297,0.7702888250350952,0.9998353719711304,-1.8548874855041504,-0.7874752283096313,2.1680941581726074,-1.9448233842849731
-1.7076807022094727,0.7761614918708801,1.0037243366241455,-1.8505483865737915,-0.7930150032043457,2.163635492324829,-1.9660906791687012
-1.7091690301895142,0.7820887565612793,1.0076624155044556,-1.846196174621582,-0.798606276512146,2.159125328063965,-1.9873579740524292
-1.71065354347229,0.7880725264549255,1.01164972782135,-1.841831088066101,-0.8042495250701904,2.1545639038085938,-2.008625030517578
-1.7121341228485107,0.7941135168075562,1.0156874656677246,-1.8374526500701904,-0.8099467754364014,2.149949550628662,-2.0298924446105957
-1.7136121988296509,0.8002141118049622,1.0197787284851074,-1.8330607414245605,-0.815700352191925,2.145280122756958,-2.051159620285034
-1.7150864601135254,0.8063752055168152,1.0239231586456299,-1.8286551237106323,-0.8215107917785645,2.1405551433563232,-2.0724267959594727
-1.7165565490722656,0.8125979900360107,1.0281221866607666,-1.824236273765564,-0.8273794054985046,2.1357736587524414,-2.093693971633911
-1.7180231809616089,0.8188846111297607,1.0323781967163086,-1.8198033571243286,-0.8333086967468262,2.1309332847595215,-2.1149613857269287
-1.7194856405258179,0.8252370953559875,1.0366922616958618,-1.8153566122055054,-0.8393000960350037,2.1260335445404053,-2.136228561401367
-1.7209446430206299,0.8316565155982971,1.0410666465759277,-1.8108959197998047,-0.8453560471534729,2.1210720539093018,-2.1574957370758057
-1.7223997116088867,0.8381451964378357,1.0455025434494019,-1.8064210414886475,-0.851478099822998,2.1160473823547363,-2.178762912750244
-1.7238494157791138,0.8447039723396301,1.0500001907348633,-1.8019319772720337,-0.8576673269271851,2.110959529876709,-2.2000303268432617
-1.7252966165542603,0.8513369560241699,1.0545653104782104,-1.7974283695220947,-0.863927960395813,2.1058034896850586,-2.2212975025177
-1.7267391681671143,0.8580452799797058,1.0591975450515747,-1.792910099029541,-0.8702613115310669,2.1005795001983643,-2.2425646781921387
-1.7281763553619385,0.8648300170898438,1.0638976097106934,-1.788377046585083,-0.8766684532165527,2.0952863693237305,-2.2638320922851562
-1.7296106815338135,0.8716955780982971,1.0686712265014648,-1.7838293313980103,-0.8831546902656555,2.0899195671081543,-2.2850992679595947
-1.7310391664505005,0.8786435723304749,1.0735176801681519,-1.779266595840454,-0.8897203207015991,2.0844790935516357,-2.306366443634033
-1.7324639558792114,0.8856766223907471,1.0784416198730469,-1.774688482284546,-0.896369218826294,2.07896089553833,-2.3276336193084717
-1.7338826656341553,0.8927969932556152,1.0834431648254395,-1.7700949907302856,-0.9031035900115967,2.073364734649658,-2.34890079498291
-1.7352981567382812,0.900007963180542,1.0885279178619385,-1.765486478805542,-0.9099275469779968,2.067686080932617,-2.3701682090759277
-1.7367067337036133,0.907312273979187,1.0936952829360962,-1.7608617544174194,-0.9168428778648376,2.061924457550049,-2.391435384750366
-1.7381112575531006,0.9147142171859741,1.098951816558838,-1.7562216520309448,-0.9238543510437012,2.056074857711792,-2.412702798843384
-1.7395097017288208,0.9222164750099182,1.10429847240448,-1.7515652179718018,-0.9309648275375366,2.0501351356506348,-2.4339699745178223
-1.7409024238586426,0.9298227429389954,1.1097389459609985,-1.7468926906585693,-0.938178539276123,2.044102668762207,-2.4552371501922607
-1.7422899007797241,0.9375370144844055,1.115277886390686,-1.7422040700912476,-0.9454998970031738,2.037973403930664,-2.476504325866699
-1.7436707019805908,0.9453631639480591,1.120917558670044,-1.7374987602233887,-0.9529321193695068,2.0317444801330566,-2.4977715015411377
-1.7450460195541382,0.9533064365386963,1.126664161682129,-1.7327766418457031,-0.9604814648628235,2.0254108905792236,-2.519038677215576
-1.7464145421981812,0.9613698124885559,1.1325198411941528,-1.7280378341674805,-0.9681508541107178,2.018970251083374,-2.5403060913085938
-1.7477765083312988,0.9695596098899841,1.1384904384613037,-1.7232820987701416,-0.9759476184844971,2.0124170780181885,-2.5615732669830322
-1.7491310834884644,0.9778810143470764,1.144580364227295,-1.7185089588165283,-0.9838758111000061,2.005747079849243,-2.58284068107605
-1.7504783868789673,0.9863389730453491,1.1507947444915771,-1.7137184143066406,-0.9919425249099731,1.9989557266235352,-2.6041078567504883
-1.751818060874939,0.9949413537979126,1.1571401357650757,-1.7089101076126099,-1.0001537799835205,1.992037057876587,-2.6253750324249268
-1.753150463104248,1.003693699836731,1.163623332977295,-1.7040841579437256,-1.008517861366272,1.9849843978881836,-2.6466422080993652
