0.20936031639575958,0.7434995174407959,-1.140990972518921,-2.042588710784912,0.862076997756958,2.1966404914855957,2.5230929851531982
0.20215027034282684,0.7111356258392334,-1.1195653676986694,-2.0559258460998535,0.8297228217124939,2.2206594944000244,2.513532876968384
0.19465743005275726,0.6805957555770874,-1.098860263824463,-2.0690560340881348,0.7984840273857117,2.2429935932159424,2.5039727687835693
0.1868714541196823,0.6516773700714111,-1.0787436962127686,-2.0819828510284424,0.7682250738143921,2.2638235092163086,2.494412422180176
0.178774893283844,0.6242114901542664,-1.0590980052947998,-2.0947093963623047,0.7388284206390381,2.2833008766174316,2.4848523139953613
0.17035023868083954,0.5980557203292847,-1.0398211479187012,-2.107238292694092,0.7102006077766418,2.3015522956848145,2.475292205810547
0.1615714281797409,0.5730899572372437,-1.0208160877227783,-2.119572639465332,0.6822596192359924,2.3186869621276855,2.4657320976257324
0.15241235494613647,0.5492112040519714,-1.0019954442977905,-2.1317148208618164,0.654937207698822,2.3347973823547363,2.456171751022339
0.14283795654773712,0.5263288617134094,-0.9832711219787598,-2.143667697906494,0.6281735897064209,2.349966526031494,2.4466116428375244
0.1328141987323761,0.5043662786483765,-0.9645631313323975,-2.155433177947998,0.6019175052642822,2.3642635345458984,2.43705153465271
0.12229812890291214,0.4832551181316376,-0.9457880258560181,-2.1670141220092773,0.576123833656311,2.3777518272399902,2.4274914264678955
0.11124236136674881,0.46293553709983826,-0.9268626570701599,-2.1784121990203857,0.5507539510726929,2.390486478805542,2.417931318283081
0.09959441423416138,0.44335588812828064,-0.9077025651931763,-2.1896300315856934,0.5257724523544312,2.4025166034698486,2.4083709716796875
0.08729160577058792,0.42446911334991455,-0.8882164359092712,-2.200669050216675,0.5011476874351501,2.4138870239257812,2.398810863494873
0.07426953315734863,0.4062345027923584,-0.8683144450187683,-2.2115318775177,0.4768536388874054,2.424636125564575,2.3892507553100586
0.06044813245534897,0.3886174261569977,-0.847891628742218,-2.222219705581665,0.4528639614582062,2.434800386428833,2.379690647125244
0.04574267193675041,0.37158575654029846,-0.8268452286720276,-2.2327351570129395,0.4291572868824005,2.4444119930267334,2.3701305389404297
0.030058180913329124,0.35511261224746704,-0.8050596714019775,-2.243079423904419,0.4057140052318573,2.4534993171691895,2.360570192337036
0.013280771672725677,0.3391757309436798,-0.7824036478996277,-2.2532541751861572,0.3825150728225708,2.462089776992798,2.3510100841522217
-0.0047105117700994015,0.32375505566596985,-0.7587401866912842,-2.263261318206787,0.35954543948173523,2.4702069759368896,2.3414499759674072
-0.024056317284703255,0.30883491039276123,-0.7339138388633728,-2.273101806640625,0.3367888629436493,2.477872848510742,2.3318898677825928
-0.04491477832198143,0.29440435767173767,-0.7077524662017822,-2.282778263092041,0.3142339289188385,2.4851083755493164,2.322329521179199
-0.06746438890695572,0.28045356273651123,-0.6800650954246521,-2.2922909259796143,0.29186615347862244,2.4919309616088867,2.3127694129943848
-0.0919041633605957,0.266978919506073,-0.6506407260894775,-2.3016421794891357,0.26967495679855347,2.4983580112457275,2.3032093048095703
-0.11846330016851425,0.2539810240268707,-0.6192391514778137,-2.310832977294922,0.2476503849029541,2.5044054985046387,2.293649196624756
-0.14739079773426056,0.2414627969264984,-0.5856010317802429,-2.3198647499084473,0.22578251361846924,2.510087013244629,2.2840890884399414
-0.17896796762943268,0.22943389415740967,-0.5494354367256165,-2.3287386894226074,0.20406334102153778,2.5154154300689697,2.274528741836548
-0.21350522339344025,0.21790935099124908,-0.5104227662086487,-2.337456226348877,0.1824846863746643,2.5204033851623535,2.2649686336517334
-0.25133779644966125,0.20690838992595673,-0.46821898221969604,-2.3460185527801514,0.16103920340538025,2.525062084197998,2.255408525466919
-0.29282641410827637,0.19645841419696808,-0.4224556088447571,-2.3544273376464844,0.13972033560276031,2.5294017791748047,2.2458484172821045
-0.3383389115333557,0.18659257888793945,-0.3727565407752991,-2.362682819366455,0.11852262914180756,2.533430814743042,2.236288070678711
-0.38824987411499023,0.17735329270362854,-0.31874024868011475,-2.3707871437072754,0.09743843227624893,2.537158489227295,2.2267279624938965
-0.44290298223495483,0.16878923773765564,-0.2600558400154114,-2.3787407875061035,0.07646375894546509,2.5405921936035156,2.217167854309082
-0.5025812983512878,0.16095766425132751,-0.19641397893428802,-2.386545419692993,0.05559419468045235,2.543740749359131,2.2076077461242676
-0.5674602389335632,0.15392135083675385,-0.1276324987411499,-2.3942017555236816,0.034824077039957047,2.5466086864471436,2.198047637939453
-0.6375519633293152,0.14774759113788605,-0.05369291454553604,-2.4017112255096436,0.014150180853903294,2.5492026805877686,2.1884875297546387
-0.712647020816803,0.1425083577632904,0.02520058862864971,-2.409074544906616,-0.006431652698665857,2.551528215408325,2.178927183151245
-0.7922532558441162,0.13826783001422882,0.10856214165687561,-2.416292905807495,-0.026925204321742058,2.5535902976989746,2.1693670749664307
-0.8755702972412109,0.1350879669189453,0.1955963522195816,-2.423367500305176,-0.047332990914583206,2.5553932189941406,2.159806966781616
-0.961498498916626,0.13300877809524536,0.285209059715271,-2.4302992820739746,-0.06765871495008469,2.556940793991089,2.1502468585968018
-1.0486878156661987,0.1320565938949585,0.3760552704334259,-2.437088966369629,-0.08790408819913864,2.558236598968506,2.140686511993408
-1.135672926902771,0.13222984969615936,0.46667441725730896,-2.4437379837036133,-0.10807313024997711,2.5592832565307617,2.1311264038085938
-1.2209819555282593,0.13350404798984528,0.5555999875068665,-2.450247287750244,-0.12816791236400604,2.5600833892822266,2.1215662956237793
-1.3032885789871216,0.13583210110664368,0.6415096521377563,-2.456617832183838,-0.14819099009037018,2.5606400966644287,2.112006187438965
-1.3815174102783203,0.1391468197107315,0.7233328819274902,-2.462850570678711,-0.16814331710338593,2.5609543323516846,2.1024458408355713
-1.4549082517623901,0.1433698683977127,0.8003135919570923,-2.4689462184906006,-0.18802806735038757,2.5610270500183105,2.092885732650757
-1.52298903465271,0.14841780066490173,0.8719844818115234,-2.4749059677124023,-0.20784613490104675,2.5608601570129395,2.0833256244659424
-1.5855839252471924,0.1542060524225235,0.9381735324859619,-2.4807305335998535,-0.2276006042957306,2.560452938079834,2.073765516281128
-1.6427139043807983,0.16065354645252228,0.9989059567451477,-2.4864213466644287,-0.24729132652282715,2.559807300567627,2.0642051696777344
-1.6945792436599731,0.1676868200302124,1.0543861389160156,-2.491978645324707,-0.2669218182563782,2.5589213371276855,2.05464506149292
-1.7414668798446655,0.17523907124996185,1.1049045324325562,-2.497404098510742,-0.2864927053451538,2.557795524597168,2.0450849533081055
-1.7837224006652832,0.18325269222259521,1.1508115530014038,-2.5026979446411133,-0.30600544810295105,2.556428909301758,2.035524845123291
-1.8217207193374634,0.19167807698249817,1.1924848556518555,-2.507861614227295,-0.325461745262146,2.5548202991485596,2.0259647369384766
-1.8558377027511597,0.2004733830690384,1.2303047180175781,-2.5128955841064453,-0.3448624610900879,2.552967071533203,2.016404628753662
-1.8864277601242065,0.20960445702075958,1.2646288871765137,-2.517800807952881,-0.3642105460166931,2.550867795944214,2.0068442821502686
-1.9138274192810059,0.2190420925617218,1.2957978248596191,-2.522578477859497,-0.3835049569606781,2.5485198497772217,1.997284173965454
-1.9383407831192017,0.228763610124588,1.3241190910339355,-2.527229070663452,-0.40274885296821594,2.5459208488464355,1.9877240657806396
-1.9602510929107666,0.23875108361244202,1.349879503250122,-2.5317535400390625,-0.42194345593452454,2.5430665016174316,1.9781638383865356
-1.9798089265823364,0.2489907294511795,1.3733346462249756,-2.5361528396606445,-0.44109007716178894,2.5399532318115234,1.9686037302017212
-1.9972381591796875,0.2594723403453827,1.3947087526321411,-2.5404276847839355,-0.46018946170806885,2.536576986312866,1.9590435028076172
-2.0127389430999756,0.2701886296272278,1.414206862449646,-2.544579029083252,-0.4792441129684448,2.532933235168457,1.9494833946228027
-2.026488780975342,0.2811351716518402,1.432010293006897,-2.548607349395752,-0.49825596809387207,2.5290160179138184,1.9399232864379883
-2.038646697998047,0.29231008887290955,1.4482814073562622,-2.552513837814331,-0.5172264575958252,2.524819850921631,1.9303630590438843
-2.0493507385253906,0.30371323227882385,1.463161587715149,-2.5562992095947266,-0.536156952381134,2.520339012145996,1.9208029508590698
-2.058727741241455,0.3153471052646637,1.476780891418457,-2.5599639415740967,-0.5550497770309448,2.5155656337738037,1.9112428426742554
-2.0668883323669434,0.3272155523300171,1.4892537593841553,-2.563508987426758,-0.5739073157310486,2.5104923248291016,1.9016826152801514
-2.0739293098449707,0.3393235206604004,1.5006799697875977,-2.5669355392456055,-0.5927311182022095,2.5051116943359375,1.8921223878860474
-2.0799407958984375,0.3516794443130493,1.5111533403396606,-2.5702435970306396,-0.6115239262580872,2.49941349029541,1.882562279701233
-2.085000991821289,0.36429035663604736,1.520755410194397,-2.573434352874756,-0.6302885413169861,2.4933886528015137,1.873002052307129
-2.089179277420044,0.3771677315235138,1.5295592546463013,-2.576508045196533,-0.6490280032157898,2.4870262145996094,1.8634419441223145
-2.0925374031066895,0.3903215825557709,1.5376298427581787,-2.5794661045074463,-0.6677451133728027,2.480315685272217,1.8538818359375
-2.0951342582702637,0.4037674069404602,1.545029878616333,-2.582308292388916,-0.6864444017410278,2.4732425212860107,1.844321608543396
-2.097018003463745,0.4175160229206085,1.5518109798431396,-2.585036277770996,-0.7051271200180054,2.4657962322235107,1.8347615003585815
-2.098238945007324,0.4315861761569977,1.5580271482467651,-2.5876498222351074,-0.7237992286682129,2.4579591751098633,1.8252012729644775
-2.098834991455078,0.4459940195083618,1.5637203454971313,-2.5901503562927246,-0.7424650192260742,2.4497170448303223,1.815641164779663
-2.0988450050354004,0.4607594907283783,1.568933367729187,-2.5925374031066895,-0.7611292004585266,2.441051483154297,1.8060810565948486
-2.098302125930786,0.47590240836143494,1.5737029314041138,-2.5948128700256348,-0.7797958850860596,2.4319450855255127,1.796520709991455
-2.0972378253936768,0.4914470613002777,1.5780653953552246,-2.5969762802124023,-0.7984729409217834,2.4223759174346924,1.7869606018066406
-2.095679521560669,0.5074179172515869,1.5820523500442505,-2.5990288257598877,-0.8171664476394653,2.4123220443725586,1.7774004936218262
-2.0936543941497803,0.523842990398407,1.585695505142212,-2.60097074508667,-0.8358829021453857,2.4017584323883057,1.7678402662277222
-2.0911834239959717,0.5407509803771973,1.589020848274231,-2.6028027534484863,-0.8546307682991028,2.3906593322753906,1.7582801580429077
-2.088289499282837,0.5581766963005066,1.5920565128326416,-2.604525089263916,-0.873418927192688,2.378993272781372,1.7487200498580933
-2.0849907398223877,0.5761550068855286,1.5948262214660645,-2.6061384677886963,-0.892257571220398,2.366729497909546,1.7391598224639893
-2.0813047885894775,0.5947254300117493,1.597353458404541,-2.6076436042785645,-0.9111568331718445,2.3538317680358887,1.7295997142791748
-2.0772476196289062,0.613932728767395,1.599661111831665,-2.6090402603149414,-0.930129885673523,2.3402600288391113,1.7200394868850708
-2.07283353805542,0.6338254809379578,1.601770043373108,-2.6103296279907227,-0.9491907358169556,2.325970411300659,1.7104793787002563
-2.068075180053711,0.6544585824012756,1.6037009954452515,-2.61151123046875,-0.968355655670166,2.310912847518921,1.700919270515442
-2.062983512878418,0.6758919954299927,1.6054737567901611,-2.612586259841919,-0.9876421689987183,2.2950327396392822,1.691359043121338
-2.0575695037841797,0.6981936097145081,1.6071083545684814,-2.6135549545288086,-1.0070701837539673,2.278268337249756,1.6817988157272339
-2.051839828491211,0.7214413285255432,1.6086231470108032,-2.61441707611084,-1.0266646146774292,2.2605488300323486,1.6722387075424194
-2.0458028316497803,0.745721697807312,1.61003839969635,-2.615173816680908,-1.0464508533477783,2.2417948246002197,1.6626784801483154
-2.039463520050049,0.7711352109909058,1.6113733053207397,-2.6158246994018555,-1.066462516784668,2.2219138145446777,1.653118371963501
-2.0328259468078613,0.7977981567382812,1.612648367881775,-2.616370677947998,-1.0867360830307007,2.2007999420166016,1.6435582637786865
-2.025890827178955,0.8258436322212219,1.6138840913772583,-2.6168112754821777,-1.1073154211044312,2.178330421447754,1.6339980363845825
-2.01865816116333,0.8554317951202393,1.6151031255722046,-2.617147445678711,-1.12825345993042,2.1543588638305664,1.624437928199768
-1.9108580350875854,0.7887399792671204,1.557812213897705,-2.5459935665130615,-1.0705935955047607,2.200073003768921,1.6027157306671143
-1.7984223365783691,0.7454915046691895,1.491532325744629,-2.471791982650757,-1.021369457244873,2.2260403633117676,1.5809935331344604
-1.6840629577636719,0.7199706435203552,1.4200439453125,-2.394465684890747,-0.9789248108863831,2.2380900382995605,1.5592713356018066
-1.570340871810913,0.7086953520774841,1.346787691116333,-2.31384539604187,-0.9422436356544495,2.2396702766418457,1.5375492572784424
-1.459474802017212,0.709364652633667,1.2747611999511719,-2.2296605110168457,-0.9107018709182739,2.2329068183898926,1.515826940536499
-1.353190541267395,0.7203989028930664,1.2064392566680908,-2.141521453857422,-0.8839773535728455,2.219099998474121,1.4941048622131348
-1.2526410818099976,0.7407243847846985,1.1437629461288452,-2.048888683319092,-0.8620137572288513,2.198995590209961,1.472382664680481
-1.199936866760254,0.6864337921142578,1.0819740295410156,-2.0458085536956787,-0.7924159169197083,2.2375402450561523,1.440859079360962
-1.1430156230926514,0.6392240524291992,1.0180469751358032,-2.042159080505371,-0.7252476811408997,2.269864082336426,1.4093353748321533
-1.0816278457641602,0.5980140566825867,0.951235294342041,-2.0379204750061035,-0.6599133014678955,2.2970433235168457,1.3778117895126343
-1.0155401229858398,0.5620691180229187,0.8809400200843811,-2.033073663711548,-0.595985472202301,2.319855213165283,1.3462882041931152
-0.9445629715919495,0.530891478061676,0.8066878914833069,-2.0276005268096924,-0.5331430435180664,2.338881254196167,1.3147644996643066
-0.8686047792434692,0.5041547417640686,0.7281588912010193,-2.0214831829071045,-0.4711363613605499,2.3545589447021484,1.2832409143447876
-0.7877136468887329,0.4816582202911377,0.645209550857544,-2.014705181121826,-0.4097638726234436,2.3672237396240234,1.2517173290252686
-0.7021249532699585,0.4632926881313324,0.5579083561897278,-2.0072498321533203,-0.3488566279411316,2.3771326541900635,1.2201937437057495
-0.612308919429779,0.4490118622779846,0.4665760397911072,-1.9991021156311035,-0.2882694900035858,2.38447904586792,1.188670039176941
-0.5189777612686157,0.43881142139434814,0.37178581953048706,-1.990246295928955,-0.22786830365657806,2.389406204223633,1.1571464538574219
-0.42309945821762085,0.43270614743232727,0.274373859167099,-1.9806687831878662,-0.16753646731376648,2.3920140266418457,1.1256228685379028
-0.3258231580257416,0.4307098686695099,0.17535851895809174,-1.9703547954559326,-0.10715384036302567,2.3923630714416504,1.0940991640090942
-0.2284085899591446,0.43282774090766907,0.07586894184350967,-1.959291696548462,-0.04660165309906006,2.390481472015381,1.0625755786895752
-0.1544474959373474,0.42307233810424805,0.03658894822001457,-1.9739437103271484,-0.022155381739139557,2.3966429233551025,1.0843064785003662
-0.07814839482307434,0.4160929024219513,-0.004422347992658615,-1.9849727153778076,0.0026493463665246964,2.401060104370117,1.1060374975204468
-0.00023929227609187365,0.4119392931461334,-0.04662822186946869,-1.99238920211792,0.027746181935071945,2.403738021850586,1.1277683973312378
0.07845279574394226,0.41064372658729553,-0.0893988311290741,-1.9961999654769897,0.053060755133628845,2.404680013656616,1.1494992971420288
0.1570500284433365,0.41221359372138977,-0.1320580095052719,-1.9964079856872559,0.07851400971412659,2.4038853645324707,1.1712301969528198
0.2346780151128769,0.41663292050361633,-0.1739353984594345,-1.993013858795166,0.1040240153670311,2.401350736618042,1.1929610967636108
0.3105366826057434,0.4238649010658264,-0.2144360989332199,-1.9860167503356934,0.12951993942260742,2.3970718383789062,1.2146921157836914
0.3839244544506073,0.4338510036468506,-0.2530621886253357,-1.9754120111465454,0.15493056178092957,2.3910388946533203,1.2364230155944824
0.45428043603897095,0.44652432203292847,-0.2894551157951355,-1.9611915349960327,0.18019850552082062,2.3832411766052246,1.2581539154052734
0.5211942791938782,0.46181124448776245,-0.3234006464481354,-1.9433399438858032,0.20528097450733185,2.373661994934082,1.279884934425354
0.5844025015830994,0.4796426594257355,-0.35483238101005554,-1.9218329191207886,0.23015543818473816,2.362278461456299,1.301615834236145
0.6437690258026123,0.4999583661556244,-0.3838082253932953,-1.8966331481933594,0.254821240901947,2.3490607738494873,1.323346734046936
0.69926518201828,0.5227168202400208,-0.41049447655677795,-1.8676848411560059,0.27930667996406555,2.3339672088623047,1.3450777530670166
0.7509439587593079,0.5479003190994263,-0.43514540791511536,-1.8349086046218872,0.3036743700504303,2.3169426918029785,1.3668086528778076
0.7989155054092407,0.5755231380462646,-0.45808520913124084,-1.7981929779052734,0.3280259668827057,2.297912359237671,1.3885395526885986
0.8433279395103455,0.605638861656189,-0.47970035672187805,-1.7573835849761963,0.35251423716545105,2.2767763137817383,1.4102704524993896
0.8843511939048767,0.6383531093597412,-0.5004391670227051,-1.7122693061828613,0.3773607909679413,2.25339937210083,1.4320013523101807
0.9221638441085815,0.6738380193710327,-0.5208234190940857,-1.6625633239746094,0.4028727412223816,2.2275969982147217,1.4537323713302612
0.9569441080093384,0.7123567461967468,-0.5414780974388123,-1.6078722476959229,0.4294865131378174,2.199115753173828,1.4754632711410522
0.9045125842094421,0.6761271953582764,-0.46430230140686035,-1.6350693702697754,0.3608970046043396,2.2249295711517334,1.5060416460037231
0.8494139909744263,0.6443915963172913,-0.38742753863334656,-1.6610521078109741,0.2953009307384491,2.247189521789551,1.5366201400756836
0.7916601896286011,0.6167426705360413,-0.31032171845436096,-1.685887098312378,0.23213471472263336,2.266324996948242,1.5671985149383545
0.7313205003738403,0.5928881168365479,-0.23262934386730194,-1.7096333503723145,0.17096354067325592,2.2826626300811768,1.5977768898010254
0.6685296893119812,0.5726228356361389,-0.15414482355117798,-1.7323440313339233,0.11143975704908371,2.2964582443237305,1.6283552646636963
0.6035045385360718,0.5558022856712341,-0.07480663061141968,-1.7540662288665771,0.05328310653567314,2.3079068660736084,1.6589337587356567
0.5365461707115173,0.5423264503479004,0.005316990427672863,-1.7748442888259888,-0.003738297848030925,2.3171608448028564,1.6895122528076172
0.46804511547088623,0.5321288108825684,0.0860331654548645,-1.7947168350219727,-0.05981697887182236,2.324333667755127,1.7200905084609985
0.39846694469451904,0.5251638293266296,0.16704872250556946,-1.8137210607528687,-0.11512209475040436,2.3295083045959473,1.750669002532959
0.3283417820930481,0.5213994979858398,0.24798846244812012,-1.83189058303833,-0.16979874670505524,2.33273983001709,1.7812473773956299
0.25823938846588135,0.5208126306533813,0.32841551303863525,-1.8492575883865356,-0.22397705912590027,2.3340561389923096,1.8118258714675903
0.1887417882680893,0.5233871340751648,0.4078758656978607,-1.8658515214920044,-0.2777746021747589,2.333462953567505,1.8424041271209717
0.12041082978248596,0.5291136503219604,0.4859265387058258,-1.8817007541656494,-0.3313051164150238,2.3309402465820312,1.8729826211929321
0.24686452746391296,0.5303349494934082,0.37173864245414734,-1.8446037769317627,-0.2556120455265045,2.328112840652466,1.871313452720642
0.3712869882583618,0.5389397144317627,0.2576875388622284,-1.8045963048934937,-0.17971548438072205,2.320763349533081,1.8696444034576416
0.4919253885746002,0.5547690391540527,0.14503084123134613,-1.7615090608596802,-0.10309368371963501,2.308912992477417,1.8679752349853516
0.607417106628418,0.5777434706687927,0.034546807408332825,-1.7151291370391846,-0.025129985064268112,2.292442798614502,1.866306185722351
0.7168660163879395,0.6079128384590149,-0.07360474020242691,-1.665184497833252,0.054956622421741486,2.2710816860198975,1.8646371364593506
0.819809079170227,0.6455239653587341,-0.1799279898405075,-1.6113226413726807,0.13818882405757904,2.244368314743042,1.8629679679870605
0.8973870873451233,0.6402817964553833,-0.25688374042510986,-1.6338474750518799,0.19613708555698395,2.2487471103668213,1.8325237035751343
0.9755733013153076,0.6386402249336243,-0.33359000086784363,-1.6549407243728638,0.2537176311016083,2.250715732574463,1.802079439163208
1.053938388824463,0.6406334638595581,-0.40983980894088745,-1.6746571063995361,0.31115010380744934,2.2502493858337402,1.7716351747512817
1.1320419311523438,0.6463257670402527,-0.48540380597114563,-1.6930433511734009,0.3686441481113434,2.247286796569824,1.7411909103393555
1.2094552516937256,0.6558118462562561,-0.5600630640983582,-1.7101404666900635,0.4264054000377655,2.2417216300964355,1.7107466459274292
1.2857747077941895,0.6692270040512085,-0.6336294412612915,-1.7259846925735474,0.4846489131450653,2.233400821685791,1.680302381515503
1.3606390953063965,0.6867569088935852,-0.705971896648407,-1.740609049797058,0.5436082482337952,2.2221128940582275,1.6498581171035767
1.4337350130081177,0.7086570262908936,-0.7770339846611023,-1.754042148590088,0.6035450100898743,2.207575798034668,1.6194138526916504
1.5048059225082397,0.7352801561355591,-0.8468592166900635,-1.766310453414917,0.664775013923645,2.189413070678711,1.5889695882797241
1.5736472606658936,0.7671115398406982,-0.9156056642532349,-1.7774378061294556,0.7276855111122131,2.1671247482299805,1.5585253238677979
1.6401028633117676,0.8048348426818848,-0.9835819005966187,-1.7874460220336914,0.7927833199501038,2.140033483505249,1.5280810594558716
1.7040530443191528,0.8494306802749634,-1.051290512084961,-1.7963550090789795,0.8607630133628845,2.107196807861328,1.4976367950439453
1.7653958797454834,0.9023571610450745,-1.119521975517273,-1.804184079170227,0.9326322674751282,2.067251682281494,1.467192530632019
1.8240166902542114,0.9659057855606079,-1.189542531967163,-1.8109506368637085,1.0099735260009766,2.0181021690368652,1.4367482662200928
1.8797298669815063,1.044014573097229,-1.2635488510131836,-1.816671371459961,1.0955417156219482,1.9562127590179443,1.4063040018081665
1.9320968389511108,1.1445776224136353,-1.345994234085083,-1.8213623762130737,1.1950156688690186,1.8745912313461304,1.3758597373962402
1.9374451637268066,1.1351643800735474,-1.3467495441436768,-1.8418097496032715,1.1911871433258057,1.8828805685043335,1.3486827611923218
1.9426066875457764,1.1260638236999512,-1.3478412628173828,-1.8618842363357544,1.1876680850982666,1.8909125328063965,1.3215057849884033
1.9475789070129395,1.117243766784668,-1.3492329120635986,-1.8815988302230835,1.1844170093536377,1.8987140655517578,1.2943288087844849
1.952359676361084,1.1086734533309937,-1.35089111328125,-1.9009654521942139,1.181396245956421,1.9063115119934082,1.2671517133712769
1.9569464921951294,1.1003260612487793,-1.3527873754501343,-1.9199950695037842,1.1785743236541748,1.9137271642684937,1.2399747371673584
1.9613373279571533,1.0921783447265625,-1.3548978567123413,-1.9386975765228271,1.1759223937988281,1.9209799766540527,1.21279776096344
1.965527892112732,1.084205150604248,-1.3571981191635132,-1.9570826292037964,1.1734132766723633,1.9280918836593628,1.1856207847595215
1.9695196151733398,1.0763988494873047,-1.359676480293274,-1.9751572608947754,1.1710333824157715,1.9350686073303223,1.158443808555603
1.9733057022094727,1.0687228441238403,-1.362304925918579,-1.9929311275482178,1.1687477827072144,1.9419407844543457,1.1312668323516846
1.9768846035003662,1.0611686706542969,-1.3650729656219482,-2.0104100704193115,1.1665444374084473,1.9487155675888062,1.1040897369384766
1.9802536964416504,1.0537183284759521,-1.3679660558700562,-2.0276010036468506,1.1644046306610107,1.9554076194763184,1.0769128799438477
1.9834109544754028,1.0463590621948242,-1.3709731101989746,-2.0445094108581543,1.1623141765594482,1.9620275497436523,1.0497357845306396
1.9863474369049072,1.039074420928955,-1.3740787506103516,-2.0611414909362793,1.1602576971054077,1.9685885906219482,1.0225588083267212
1.9890716075897217,1.0318554639816284,-1.3772809505462646,-2.077501058578491,1.1582226753234863,1.9750990867614746,0.9953818321228027
1.9915748834609985,1.0246878862380981,-1.3805673122406006,-2.0935933589935303,1.1561968326568604,1.9815701246261597,0.9682048559188843
1.9938549995422363,1.017561674118042,-1.3839304447174072,-2.109421968460083,1.1541693210601807,1.9880096912384033,0.941027820110321
1.9959086179733276,1.0104657411575317,-1.3873627185821533,-2.124990463256836,1.1521295309066772,1.9944270849227905,0.9138509035110474
1.9977333545684814,1.0033917427062988,-1.3908588886260986,-2.1403024196624756,1.1500686407089233,2.000828742980957,0.8866738677024841
1.9993268251419067,0.9963306784629822,-1.394413709640503,-2.155360221862793,1.1479780673980713,2.0072216987609863,0.8594968914985657
2.000685214996338,0.9892739057540894,-1.3980212211608887,-2.1701669692993164,1.1458485126495361,2.013613700866699,0.8323198556900024
2.0018069744110107,0.9822145700454712,-1.4016783237457275,-2.1847243309020996,1.1436741352081299,2.0200092792510986,0.805142879486084
2.002687931060791,0.9751451015472412,-1.4053800106048584,-2.1990342140197754,1.1414463520050049,2.026414632797241,0.7779659032821655
2.003326654434204,0.9680599570274353,-1.4091240167617798,-2.2130980491638184,1.1391592025756836,2.0328338146209717,0.7507889270782471
2.0037200450897217,0.9609531760215759,-1.4129070043563843,-2.2269177436828613,1.1368076801300049,2.0392708778381348,0.7236119508743286
2.003864288330078,0.9538208842277527,-1.416725754737854,-2.2404932975769043,1.1343857049942017,2.045729875564575,0.6964349746704102
2.0037574768066406,0.9466564059257507,-1.420577883720398,-2.25382661819458,1.131887435913086,2.0522146224975586,0.6692579388618469
2.0010387897491455,0.9228352904319763,-1.4089369773864746,-2.2516417503356934,1.1125859022140503,2.0711703300476074,0.6559486985206604
1.9979925155639648,0.9001907706260681,-1.3973259925842285,-2.249385356903076,1.0937031507492065,2.089038372039795,0.6426394581794739
1.9946200847625732,0.8786117434501648,-1.3857089281082153,-2.2470574378967285,1.0751869678497314,2.10591983795166,0.6293302178382874
1.9909216165542603,0.8580067753791809,-1.3740562200546265,-2.244657039642334,1.0569946765899658,2.1218984127044678,0.6160209774971008
1.9868948459625244,0.8382938504219055,-1.3623390197753906,-2.2421841621398926,1.0390865802764893,2.1370487213134766,0.6027117967605591
1.9825390577316284,0.8194061517715454,-1.3505345582962036,-2.239638328552246,1.0214341878890991,2.151432514190674,0.5894025564193726
1.9778493642807007,0.8012821674346924,-1.3386181592941284,-2.2370195388793945,1.0040078163146973,2.165106773376465,0.576093316078186
1.9728240966796875,0.7838714718818665,-1.3265718221664429,-2.2343266010284424,0.9867847561836243,2.1781179904937744,0.5627840757369995
1.967456340789795,0.767125129699707,-1.3143730163574219,-2.2315597534179688,0.9697429537773132,2.19051194190979,0.549474835395813
1.961742639541626,0.7510031461715698,-1.3020039796829224,-2.2287187576293945,0.9528639316558838,2.2023258209228516,0.5361655950546265
1.9556775093078613,0.7354705333709717,-1.289449691772461,-2.2258026599884033,0.9361322522163391,2.2135934829711914,0.5228563547134399
1.9492543935775757,0.7204932570457458,-1.276691198348999,-2.222811222076416,0.9195321202278137,2.2243471145629883,0.5095471143722534
1.9424667358398438,0.7060419917106628,-1.263713002204895,-2.2197439670562744,0.9030507206916809,2.234614610671997,0.4962379038333893
1.9353089332580566,0.6920914649963379,-1.2505003213882446,-2.2166004180908203,0.8866760730743408,2.2444205284118652,0.48292866349220276
1.92777419090271,0.6786189675331116,-1.2370381355285645,-2.2133805751800537,0.8703976273536682,2.2537879943847656,0.46961942315101624
1.9198548793792725,0.6656019687652588,-1.2233116626739502,-2.210083246231079,0.8542057275772095,2.2627387046813965,0.4563102126121521
1.9115442037582397,0.6530225276947021,-1.2093075513839722,-2.2067084312438965,0.8380916714668274,2.2712910175323486,0.4430009722709656
1.9028335809707642,0.6408630013465881,-1.1950104236602783,-2.2032551765441895,0.8220463991165161,2.279463529586792,0.42969173192977905
1.8937182426452637,0.6291084885597229,-1.180409550666809,-2.199723482131958,0.8060631155967712,2.287271022796631,0.41638249158859253
1.8841880559921265,0.6177449226379395,-1.165489673614502,-2.1961121559143066,0.7901349067687988,2.294729232788086,0.403073251247406
1.8742371797561646,0.6067602038383484,-1.1502394676208496,-2.1924214363098145,0.7742561101913452,2.301851749420166,0.38976404070854187
1.863857626914978,0.5961422324180603,-1.134645938873291,-2.188650369644165,0.758419394493103,2.3086514472961426,0.37645477056503296
1.8530399799346924,0.5858818292617798,-1.1186954975128174,-2.184798240661621,0.742619514465332,2.3151402473449707,0.3631455600261688
1.8417809009552002,0.5759701728820801,-1.1023801565170288,-2.1808643341064453,0.7268518805503845,2.3213279247283936,0.3498363196849823
1.8300697803497314,0.5663989782333374,-1.0856852531433105,-2.1768484115600586,0.711111843585968,2.327225685119629,0.3365270793437958
1.8179023265838623,0.5571612119674683,-1.0686020851135254,-2.1727499961853027,0.6953942179679871,2.3328423500061035,0.32321786880493164
1.8052716255187988,0.5482519865036011,-1.051120638847351,-2.1685681343078613,0.679695725440979,2.338186025619507,0.3099086284637451
1.7921712398529053,0.5396648049354553,-1.0332295894622803,-2.164302110671997,0.6640115976333618,2.3432657718658447,0.2965993881225586
1.7785967588424683,0.5313963890075684,-1.0149223804473877,-2.1599512100219727,0.6483384966850281,2.348087787628174,0.28329017758369446
1.7645435333251953,0.5234419107437134,-0.9961898326873779,-2.155515193939209,0.6326726078987122,2.3526597023010254,0.26998090744018555
1.7500057220458984,0.5157988667488098,-0.9770232439041138,-2.1509928703308105,0.6170099377632141,2.356987953186035,0.2566716969013214
1.7349820137023926,0.5084649324417114,-0.9574174284934998,-2.146383762359619,0.6013481616973877,2.3610787391662598,0.24336247146129608
1.7194695472717285,0.501438558101654,-0.9373670816421509,-2.1416873931884766,0.5856836438179016,2.3649368286132812,0.23005320131778717
1.7034679651260376,0.4947175979614258,-0.9168681502342224,-2.136902332305908,0.5700139403343201,2.36856746673584,0.21674399077892303
1.6869759559631348,0.48830172419548035,-0.8959164619445801,-2.132028341293335,0.5543351173400879,2.371975898742676,0.2034347653388977
1.669994831085205,0.48219114542007446,-0.8745099306106567,-2.1270644664764404,0.5386451482772827,2.3751659393310547,0.19012553989887238
1.6525282859802246,0.4763859212398529,-0.8526496887207031,-2.1220099925994873,0.522940993309021,2.3781416416168213,0.17681626975536346
1.6345793008804321,0.47088563442230225,-0.8303351998329163,-2.1168642044067383,0.507219672203064,2.3809070587158203,0.16350707411766052
1.6161538362503052,0.46569278836250305,-0.8075698018074036,-2.1116256713867188,0.4914785921573639,2.383465051651001,0.1501978486776352
1.5972590446472168,0.46080777049064636,-0.784357488155365,-2.1062943935394287,0.47571614384651184,2.385819435119629,0.13688857853412628
1.5779030323028564,0.45623284578323364,-0.7607032060623169,-2.1008687019348145,0.4599277973175049,2.387972354888916,0.12357934564352036
1.5580990314483643,0.45196959376335144,-0.7366176247596741,-2.095348358154297,0.444113165140152,2.3899261951446533,0.11027012765407562
1.5378576517105103,0.44802024960517883,-0.7121081352233887,-2.0897321701049805,0.42826804518699646,2.39168381690979,0.09696085005998611
1.5171936750411987,0.44438719749450684,-0.6871864795684814,-2.0840187072753906,0.41239115595817566,2.39324688911438,0.08365162461996078
1.4961251020431519,0.44107291102409363,-0.6618673801422119,-2.0782079696655273,0.3964790105819702,2.3946170806884766,0.07034243643283844
1.4746687412261963,0.43808022141456604,-0.636164665222168,-2.072298288345337,0.3805292844772339,2.395796537399292,0.05703321099281311
1.452847957611084,0.4354117512702942,-0.6100988388061523,-2.066288709640503,0.3645402491092682,2.396785020828247,0.0437239371240139
1.4306817054748535,0.43307048082351685,-0.5836855173110962,-2.060178518295288,0.34850841760635376,2.397585391998291,0.03041471354663372
1.408195972442627,0.43105924129486084,-0.5569475293159485,-2.053966522216797,0.3324309289455414,2.3981974124908447,0.01710548996925354
1.3854169845581055,0.4293808341026306,-0.5299075245857239,-2.0476510524749756,0.31630566716194153,2.3986217975616455,0.0037962161004543304
1.362372636795044,0.4280377924442291,-0.5025901198387146,-2.041231632232666,0.3001299202442169,2.3988590240478516,-0.00951300747692585
1.3390902280807495,0.42703351378440857,-0.475019633769989,-2.0347070693969727,0.2839006185531616,2.398909568786621,-0.022822201251983643
1.3156015872955322,0.42637014389038086,-0.4472237825393677,-2.028075933456421,0.26761487126350403,2.398772716522217,-0.03613142669200897
1.2919373512268066,0.4260505437850952,-0.419230192899704,-2.0213370323181152,0.251269668340683,2.398448944091797,-0.04944069683551788
1.2681310176849365,0.4260762333869934,-0.3910680413246155,-2.0144896507263184,0.23486246168613434,2.3979368209838867,-0.06274992227554321
1.2442139387130737,0.426451176404953,-0.362765371799469,-2.0075316429138184,0.218389093875885,2.3972363471984863,-0.07605914771556854
1.2202204465866089,0.42717593908309937,-0.3343522846698761,-2.000462055206299,0.2018475979566574,2.396346092224121,-0.08936837315559387
1.1961826086044312,0.42825284600257874,-0.30585676431655884,-1.9932799339294434,0.1852329522371292,2.3952653408050537,-0.1026775911450386
1.1721341609954834,0.429684579372406,-0.27730852365493774,-1.9859833717346191,0.16854266822338104,2.3939929008483887,-0.1159868836402893
1.1481084823608398,0.4314720332622528,-0.24873670935630798,-1.978570818901062,0.15177299082279205,2.3925256729125977,-0.12929610908031464
1.1241381168365479,0.43361684679985046,-0.220168799161911,-1.9710410833358765,0.13491939008235931,2.3908629417419434,-0.14260533452033997
1.100252389907837,0.4361209273338318,-0.19162994623184204,-1.963392734527588,0.11797849833965302,2.389002561569214,-0.1559145599603653
1.0764837265014648,0.4389845132827759,-0.1631476730108261,-1.9556243419647217,0.10094550251960754,2.3869411945343018,-0.16922378540039062
1.052858829498291,0.44221073389053345,-0.13474306464195251,-1.9477336406707764,0.08381552249193192,2.3846774101257324,-0.18253301084041595
1.0294064283370972,0.44579964876174927,-0.10643988847732544,-1.939719319343567,0.06658467650413513,2.3822073936462402,-0.19584223628044128
1.0061521530151367,0.44975289702415466,-0.07825804501771927,-1.9315794706344604,0.04924721270799637,2.3795273303985596,-0.2091515213251114
0.9831199645996094,0.45407143235206604,-0.05021582916378975,-1.923312783241272,0.031798265874385834,2.3766345977783203,-0.22246074676513672
0.9603321552276611,0.4587576687335968,-0.022328946739435196,-1.914916753768921,0.014231809414923191,2.3735246658325195,-0.23576997220516205
0.9378083348274231,0.46381285786628723,0.005388878285884857,-1.9063900709152222,-0.003457644721493125,2.3701937198638916,-0.24907919764518738
0.915567934513092,0.46923840045928955,0.03292545676231384,-1.8977302312850952,-0.021277282387018204,2.3666365146636963,-0.2623884081840515
0.8936278223991394,0.4750368893146515,0.06027112901210785,-1.8889353275299072,-0.03923295810818672,2.3628485202789307,-0.27569761872291565
0.872000515460968,0.4812110364437103,0.0874207392334938,-1.8800032138824463,-0.05733243003487587,2.358823537826538,-0.2890068590641022
0.8507001399993896,0.48776310682296753,0.11436862498521805,-1.87093186378479,-0.07558353245258331,2.3545567989349365,-0.30231615900993347
0.8297372460365295,0.49469688534736633,0.14111240208148956,-1.8617184162139893,-0.09399387985467911,2.3500406742095947,-0.31562539935112
0.8091206550598145,0.5020154714584351,0.16765248775482178,-1.8523614406585693,-0.1125727966427803,2.345268964767456,-0.32893460988998413
0.7888568639755249,0.5097237825393677,0.19399216771125793,-1.8428573608398438,-0.1313287764787674,2.340233564376831,-0.3422437906265259
0.7689531445503235,0.5178266167640686,0.22013451159000397,-1.8332040309906006,-0.15027354657649994,2.3349270820617676,-0.3555530607700348
0.749411940574646,0.526329755783081,0.24608798325061798,-1.8233991861343384,-0.16941651701927185,2.329340934753418,-0.36886224150657654
0.7302367687225342,0.5352400541305542,0.2718612551689148,-1.8134390115737915,-0.1887703537940979,2.323464870452881,-0.38217151165008545
0.7114291787147522,0.5445647239685059,0.2974650263786316,-1.8033214807510376,-0.20834669470787048,2.3172895908355713,-0.39548078179359436
0.6929880976676941,0.5543118119239807,0.3229145407676697,-1.7930428981781006,-0.22816021740436554,2.310802459716797,-0.40879005193710327
0.6749131083488464,0.5644916296005249,0.34822481870651245,-1.7826004028320312,-0.24822600185871124,2.3039934635162354,-0.422099232673645
0.6572032570838928,0.5751146674156189,0.3734127879142761,-1.7719900608062744,-0.2685593366622925,2.296848773956299,-0.43540844321250916
0.6398540139198303,0.5861930251121521,0.39850062131881714,-1.7612091302871704,-0.28917816281318665,2.289353847503662,-0.4487176835536957
0.6228629946708679,0.5977404713630676,0.4235091507434845,-1.7502533197402954,-0.3101021647453308,2.281493902206421,-0.4620268940925598
0.6062257289886475,0.6097727417945862,0.44846367835998535,-1.7391186952590942,-0.3313515782356262,2.273252248764038,-0.4753362238407135
0.5899369716644287,0.6223066449165344,0.4733920693397522,-1.7278015613555908,-0.3529503047466278,2.2646100521087646,-0.48864543437957764
0.5739928483963013,0.6353618502616882,0.4983222782611847,-1.7162976264953613,-0.374922513961792,2.2555482387542725,-0.5019546747207642
0.5583871006965637,0.6489602327346802,0.5232884883880615,-1.704601526260376,-0.39729687571525574,2.2460439205169678,-0.5152638554573059
0.5431119799613953,0.6631262302398682,0.5483283996582031,-1.6927093267440796,-0.4201057553291321,2.236071825027466,-0.5285730957984924
0.5281646251678467,0.6778870224952698,0.5734778642654419,-1.6806156635284424,-0.4433813691139221,2.225607395172119,-0.541882336139679
0.5135370492935181,0.6932744383811951,0.5987822413444519,-1.6683151721954346,-0.46716439723968506,2.2146193981170654,-0.5551915168762207
0.4992222487926483,0.7093236446380615,0.6242901682853699,-1.655801773071289,-0.49149706959724426,2.203073501586914,-0.5685008764266968
0.4852158725261688,0.7260735034942627,0.6500524282455444,-1.6430702209472656,-0.5164281129837036,2.190934658050537,-0.5818100571632385
0.4715119004249573,0.7435706853866577,0.676128625869751,-1.6301134824752808,-0.5420132875442505,2.178159713745117,-0.595119297504425
0.4581030607223511,0.7618662714958191,0.7025858163833618,-1.6169252395629883,-0.5683155655860901,2.164701223373413,-0.6084285378456116
0.4449854791164398,0.7810195684432983,0.7294965982437134,-1.6034979820251465,-0.5954066514968872,2.150505542755127,-0.6217377185821533
0.43215301632881165,0.8011006116867065,0.7569472789764404,-1.5898241996765137,-0.6233711838722229,2.135509967803955,-0.6350469589233398
0.4196021854877472,0.8221890330314636,0.7850337624549866,-1.575895071029663,-0.6523057222366333,2.119643211364746,-0.6483561396598816
0.4073288142681122,0.8443798422813416,0.8138689398765564,-1.5617027282714844,-0.6823253631591797,2.102821111679077,-0.6616654992103577
0.39532962441444397,0.8677846789360046,0.8435856103897095,-1.547236680984497,-0.713566243648529,2.0849437713623047,-0.6749746799468994
0.38360467553138733,0.8925377130508423,0.8743407130241394,-1.5324876308441162,-0.7461908459663391,2.0658950805664062,-0.6882839798927307
0.37215253710746765,0.9188036918640137,0.9063209295272827,-1.517444133758545,-0.7803993225097656,2.045529842376709,-0.7015931606292725
0.3609756827354431,0.946785569190979,0.9397603273391724,-1.5020942687988281,-0.816440224647522,2.0236716270446777,-0.7149023413658142
0.3500779867172241,0.9767398834228516,0.9749523997306824,-1.4864258766174316,-0.854627251625061,2.0000967979431152,-0.7282115817070007
0.3394700884819031,1.0089991092681885,1.0122716426849365,-1.470423936843872,-0.8953666687011719,1.9745190143585205,-0.7415207624435425
0.32915839552879333,1.0440044403076172,1.0522245168685913,-1.4540741443634033,-0.9392029643058777,1.9465546607971191,-0.7548301219940186
0.31917670369148254,1.082375168800354,1.0954959392547607,-1.4373602867126465,-0.9868942499160767,1.9156734943389893,-0.7681393623352051
0.30955779552459717,1.1250115633010864,1.1431009769439697,-1.4202640056610107,-1.0395506620407104,1.8811008930206299,-0.7814486026763916
0.3003638982772827,1.1733375787734985,1.1966326236724854,-1.4027652740478516,-1.0989258289337158,1.8416163921356201,-0.7947577834129333
