-1.8004798889160156,0.9396035075187683,1.1726771593093872,-1.825224757194519,-0.9863269329071045,2.039170265197754,-2.606293201446533
-1.788460373878479,0.9129003882408142,1.1484098434448242,-1.8293997049331665,-0.9573306441307068,2.060037612915039,-2.591449022293091
-1.7761194705963135,0.8877461552619934,1.1247193813323975,-1.8335102796554565,-0.9293234944343567,2.079528331756592,-2.5766046047210693
-1.7634578943252563,0.8639703989028931,1.101495385169983,-1.83755624294281,-0.9021764993667603,2.0977940559387207,-2.561760425567627
-1.7504770755767822,0.8414347767829895,1.0786482095718384,-1.8415378332138062,-0.8757876753807068,2.1149580478668213,-2.5469162464141846
-1.7371747493743896,0.8200234174728394,1.0561001300811768,-1.845454454421997,-0.8500701785087585,2.1311240196228027,-2.532072067260742
-1.7235488891601562,0.7996394038200378,1.0337865352630615,-1.8493062257766724,-0.8249529004096985,2.1463797092437744,-2.5172276496887207
-1.7095946073532104,0.7801985144615173,1.0116474628448486,-1.8530933856964111,-0.8003734350204468,2.1608011722564697,-2.5023834705352783
-1.6953082084655762,0.7616304159164429,0.9896339774131775,-1.8568156957626343,-0.7762801647186279,2.174452304840088,-2.487539291381836
-1.680684208869934,0.7438727617263794,0.9677001237869263,-1.8604727983474731,-0.7526283860206604,2.1873908042907715,-2.4726948738098145
-1.6657170057296753,0.7268722653388977,0.9458057880401611,-1.8640646934509277,-0.7293775677680969,2.1996657848358154,-2.457850694656372
-1.6503998041152954,0.7105817198753357,0.9239128828048706,-1.8675912618637085,-0.7064934372901917,2.2113213539123535,-2.4430065155029297
-1.6347270011901855,0.6949602961540222,0.9019886255264282,-1.871052622795105,-0.6839458346366882,2.2223963737487793,-2.428162097930908
-1.6186915636062622,0.679970383644104,0.8800017833709717,-1.8744487762451172,-0.661706268787384,2.232926368713379,-2.413317918777466
-1.602285623550415,0.6655807495117188,0.8579227924346924,-1.877779245376587,-0.6397519111633301,2.2429420948028564,-2.3984737396240234
-1.585503101348877,0.6517624258995056,0.8357257843017578,-1.8810440301895142,-0.6180596351623535,2.252471446990967,-2.383629560470581
-1.5683382749557495,0.6384906768798828,0.8133875727653503,-1.8842432498931885,-0.5966115593910217,2.2615394592285156,-2.3687851428985596
-1.5507818460464478,0.625741720199585,0.7908822894096375,-1.8873767852783203,-0.5753888487815857,2.2701704502105713,-2.353940963745117
-1.5328283309936523,0.6134960055351257,0.7681901454925537,-1.8904445171356201,-0.5543742179870605,2.2783849239349365,-2.339096784591675
-1.5144729614257812,0.6017358899116516,0.745292603969574,-1.893446445465088,-0.5335556268692017,2.286200523376465,-2.3242523670196533
-1.4957070350646973,0.5904446244239807,0.7221682071685791,-1.8963825702667236,-0.5129168629646301,2.293637275695801,-2.309408187866211
-1.4765264987945557,0.5796087384223938,0.6988018751144409,-1.8992527723312378,-0.4924468696117401,2.3007092475891113,-2.2945640087127686
-1.456925630569458,0.5692160129547119,0.6751771569252014,-1.9020569324493408,-0.47213414311408997,2.307431936264038,-2.279719829559326
-1.436902403831482,0.559255063533783,0.6512821316719055,-1.9047949314117432,-0.4519687592983246,2.3138177394866943,-2.2648754119873047
-1.4164503812789917,0.5497156381607056,0.6271008253097534,-1.9074668884277344,-0.4319393038749695,2.319880485534668,-2.2500312328338623
-1.3955680131912231,0.5405899286270142,0.6026235222816467,-1.910072922706604,-0.4120382070541382,2.3256306648254395,-2.23518705368042
-1.3742551803588867,0.5318707227706909,0.5778418183326721,-1.9126123189926147,-0.39225679636001587,2.33107852935791,-2.2203426361083984
-1.3525090217590332,0.5235507488250732,0.5527447462081909,-1.915086030960083,-0.3725854456424713,2.3362348079681396,-2.205498456954956
-1.330331563949585,0.5156252980232239,0.5273277759552002,-1.917493224143982,-0.35301902890205383,2.3411076068878174,-2.1906542778015137
-1.3077259063720703,0.5080888271331787,0.5015868544578552,-1.9198346138000488,-0.333549439907074,2.345705032348633,-2.1758100986480713
-1.284694790840149,0.500939130783081,0.47551849484443665,-1.9221093654632568,-0.314170777797699,2.3500351905822754,-2.16096568107605
-1.261243462562561,0.494171142578125,0.44912150502204895,-1.9243181943893433,-0.2948765754699707,2.354104995727539,-2.1461215019226074
-1.2373785972595215,0.4877835810184479,0.42239677906036377,-1.9264605045318604,-0.2756604850292206,2.3579206466674805,-2.131277322769165
-1.2131116390228271,0.48177361488342285,0.3953503370285034,-1.9285370111465454,-0.2565182149410248,2.36148738861084,-2.1164329051971436
-1.1884498596191406,0.47614043951034546,0.3679838180541992,-1.930546760559082,-0.2374430000782013,2.364811658859253,-2.101588726043701
-1.163407802581787,0.4708824157714844,0.34030672907829285,-1.9324908256530762,-0.21843157708644867,2.367898464202881,-2.086744546890259
-1.1380012035369873,0.46599891781806946,0.3123300075531006,-1.934368371963501,-0.199477881193161,2.3707516193389893,-2.0719001293182373
-1.1122446060180664,0.46148982644081116,0.28406310081481934,-1.9361801147460938,-0.18057718873023987,2.37337589263916,-2.057055950164795
-1.0861583948135376,0.457354873418808,0.2555219531059265,-1.9379255771636963,-0.16172589361667633,2.375774621963501,-2.0422117710113525
-1.0597639083862305,0.4535939693450928,0.22672340273857117,-1.9396053552627563,-0.14291954040527344,2.3779516220092773,-2.02736759185791
-1.0330836772918701,0.45020735263824463,0.19768550992012024,-1.9412187337875366,-0.12415432929992676,2.379909038543701,-2.0125231742858887
-1.0061426162719727,0.4471958875656128,0.16842882335186005,-1.942766547203064,-0.1054258644580841,2.381650447845459,-1.9976789951324463
-0.9789682626724243,0.4445591866970062,0.13897705078125,-1.9442481994628906,-0.08673086017370224,2.3831772804260254,-1.982834815979004
-0.9515889883041382,0.4422987103462219,0.10935412347316742,-1.9456645250320435,-0.06806512922048569,2.3844926357269287,-1.967990517616272
-0.9240332841873169,0.44041404128074646,0.07958468049764633,-1.9470146894454956,-0.04942458122968674,2.3855974674224854,-1.95314621925354
-0.8963351845741272,0.4389055371284485,0.0496988520026207,-1.9482998847961426,-0.030807284638285637,2.38649320602417,-1.9383020401000977
-0.8685258030891418,0.43777406215667725,0.019723910838365555,-1.949519157409668,-0.012208704836666584,2.387181282043457,-1.9234577417373657
-0.8406385779380798,0.43702027201652527,-0.01031058095395565,-1.95067298412323,0.006375191733241081,2.387662410736084,-1.9086134433746338
-0.8127079606056213,0.4366432726383209,-0.040373995900154114,-1.9517617225646973,0.024946829304099083,2.387937307357788,-1.8937692642211914
-0.7847692966461182,0.4366438090801239,-0.07043463736772537,-1.9527854919433594,0.04350913316011429,2.3880062103271484,-1.8789249658584595
-0.7568557262420654,0.4370211362838745,-0.10046322643756866,-1.9537440538406372,0.06206687167286873,2.3878681659698486,-1.864080786705017
-0.7290031313896179,0.4377760589122772,-0.13042761385440826,-1.9546377658843994,0.08062237501144409,2.387524366378784,-1.8492364883422852
-0.7012449502944946,0.43890711665153503,-0.16029803454875946,-1.9554667472839355,0.09917854517698288,2.386972665786743,-1.8343921899795532
-0.6736142635345459,0.4404148459434509,-0.19004523754119873,-1.9562312364578247,0.11773993819952011,2.386213541030884,-1.8195480108261108
-0.6461436152458191,0.44229844212532043,-0.21964038908481598,-1.956931233406067,0.13630986213684082,2.3852450847625732,-1.804703712463379
-0.6188642978668213,0.4445565640926361,-0.24905598163604736,-1.9575669765472412,0.15489061176776886,2.384065628051758,-1.7898595333099365
-0.5918077230453491,0.4471900165081024,-0.2782643735408783,-1.9581385850906372,0.17348560690879822,2.382674217224121,-1.7750152349472046
-0.5649992227554321,0.4501974880695343,-0.30724406242370605,-1.9586464166641235,0.19209906458854675,2.381068229675293,-1.7601710557937622
-0.5384663939476013,0.4535782039165497,-0.33597150444984436,-1.9590907096862793,0.21073532104492188,2.3792452812194824,-1.7453267574310303
-0.5122359991073608,0.4573324918746948,-0.36442384123802185,-1.9594712257385254,0.22939573228359222,2.3772027492523193,-1.7304824590682983
-0.4863264560699463,0.46145865321159363,-0.3925865888595581,-1.9597885608673096,0.24808619916439056,2.374937057495117,-1.715638279914856
-0.4607618451118469,0.4659581780433655,-0.4204402267932892,-1.9600428342819214,0.2668100595474243,2.372445583343506,-1.700793981552124
-0.4355596601963043,0.47083014249801636,-0.44797131419181824,-1.9602341651916504,0.28557080030441284,2.3697237968444824,-1.6859498023986816
-0.41073688864707947,0.4760749042034149,-0.475166916847229,-1.9603630304336548,0.3043724298477173,2.3667681217193604,-1.6711055040359497
-0.38630592823028564,0.4816930890083313,-0.5020198822021484,-1.9604294300079346,0.3232195973396301,2.3635730743408203,-1.6562612056732178
-0.3622814118862152,0.48768654465675354,-0.5285193920135498,-1.9604337215423584,0.34211716055870056,2.3601346015930176,-1.6414170265197754
-0.3386724591255188,0.494055837392807,-0.5546616911888123,-1.9603759050369263,0.3610694408416748,2.356445789337158,-1.626572847366333
-0.31548941135406494,0.5008038282394409,-0.5804411172866821,-1.960256814956665,0.38008108735084534,2.3525025844573975,-1.611728549003601
-0.29273566603660583,0.5079326033592224,-0.605859637260437,-1.9600762128829956,0.39915743470191956,2.3482964038848877,-1.5968842506408691
-0.270418643951416,0.5154454112052917,-0.6309151649475098,-1.9598344564437866,0.4183044731616974,2.3438212871551514,-1.5820400714874268
-0.2485424131155014,0.5233468413352966,-0.6556093096733093,-1.9595319032669067,0.4375266134738922,2.3390696048736572,-1.5671957731246948
-0.22710669040679932,0.5316407680511475,-0.6799483895301819,-1.9591691493988037,0.4568313956260681,2.3340322971343994,-1.552351474761963
-0.20611374080181122,0.5403330326080322,-0.7039364576339722,-1.9587458372116089,0.4762248396873474,2.3287007808685303,-1.5375072956085205
-0.18556161224842072,0.549430251121521,-0.727581799030304,-1.9582626819610596,0.49571308493614197,2.3230648040771484,-1.5226629972457886
-0.1654495894908905,0.5589402914047241,-0.7508925795555115,-1.9577199220657349,0.5153049826622009,2.3171138763427734,-1.5078188180923462
-0.14577405154705048,0.5688710808753967,-0.7738795876502991,-1.957118034362793,0.5350071787834167,2.3108365535736084,-1.4929745197296143
-0.1265333592891693,0.5792331695556641,-0.7965524792671204,-1.9564571380615234,0.5548288226127625,2.30422043800354,-1.4781302213668823
-0.10772038996219635,0.5900374054908752,-0.8189265727996826,-1.9557377099990845,0.5747787356376648,2.2972512245178223,-1.46328604221344
-0.0893305167555809,0.6012967824935913,-0.8410162329673767,-1.9549601078033447,0.5948677659034729,2.2899136543273926,-1.448441743850708
-0.07136030495166779,0.6130252480506897,-0.8628340363502502,-1.9541244506835938,0.6151049137115479,2.2821927070617676,-1.433597445487976
-0.05380157381296158,0.6252394318580627,-0.8843990564346313,-1.9532312154769897,0.6355034708976746,2.2740697860717773,-1.4187532663345337
-0.036648377776145935,0.6379578113555908,-0.9057289361953735,-1.952280879020691,0.6560769081115723,2.2655251026153564,-1.4039090871810913
-0.019895346835255623,0.6512001156806946,-0.926841139793396,-1.9512735605239868,0.6768368482589722,2.2565386295318604,-1.389064908027649
-0.0035338050220161676,0.664989173412323,-0.9477582573890686,-1.9502098560333252,0.6978005170822144,2.2470855712890625,-1.374220609664917
0.012441623955965042,0.6793512105941772,-0.9685006141662598,-1.9490901231765747,0.7189846038818359,2.237140655517578,-1.359376311302185
0.028038419783115387,0.6943152546882629,-0.989092230796814,-1.9479146003723145,0.7404081225395203,2.2266757488250732,-1.3445321321487427
0.0432647243142128,0.7099136710166931,-1.0095597505569458,-1.9466838836669922,0.7620928287506104,2.2156574726104736,-1.3296878337860107
0.058124665170907974,0.7261829376220703,-1.0299276113510132,-1.9453984498977661,0.7840608954429626,2.204052448272705,-1.3148435354232788
0.07262571156024933,0.7431657314300537,-1.0502264499664307,-1.9440584182739258,0.8063400983810425,2.1918201446533203,-1.2999993562698364
0.08677472174167633,0.7609095573425293,-1.0704894065856934,-1.9426642656326294,0.8289611339569092,2.178915023803711,-1.2851550579071045
0.10057613998651505,0.779466986656189,-1.0907492637634277,-1.9412165880203247,0.8519566655158997,2.1652889251708984,-1.270310878753662
0.11403574049472809,0.7989016175270081,-1.1110467910766602,-1.9397156238555908,0.875368058681488,2.1508822441101074,-1.2554665803909302
0.15391796827316284,0.7505341172218323,-1.1070209741592407,-1.9960880279541016,0.8459053635597229,2.189091920852661,-1.2289482355117798
0.1976173371076584,0.70735764503479,-1.109682321548462,-2.049849271774292,0.8216291069984436,2.2230029106140137,-1.2024298906326294
0.24539166688919067,0.6687620282173157,-1.1184202432632446,-2.101179599761963,0.801750123500824,2.2532167434692383,-1.175911545753479
0.29746198654174805,0.6343483924865723,-1.1328041553497314,-2.1502180099487305,0.7857210636138916,2.2801599502563477,-1.1493932008743286
0.353977233171463,0.603852391242981,-1.152472972869873,-2.197072982788086,0.7731414437294006,2.304149627685547,-1.1228748559951782
0.4149979054927826,0.5771157741546631,-1.1770812273025513,-2.241823196411133,0.7637246251106262,2.3254165649414062,-1.0963566303253174
0.48046278953552246,0.5540507435798645,-1.206230878829956,-2.2845258712768555,0.7572582960128784,2.3441314697265625,-1.069838285446167
0.5501661896705627,0.5346232652664185,-1.2394397258758545,-2.3252174854278564,0.7535911202430725,2.360414743423462,-1.0433199405670166
0.6237322688102722,0.5188303589820862,-1.276097059249878,-2.3639166355133057,0.7526124715805054,2.3743486404418945,-1.0168015956878662
0.7006043791770935,0.5066863298416138,-1.3154492378234863,-2.4006261825561523,0.7542437314987183,2.385981559753418,-0.9902832508087158
0.7800474762916565,0.49820563197135925,-1.3565964698791504,-2.435335159301758,0.7584253549575806,2.395336627960205,-0.9637649059295654
0.8611889481544495,0.49339327216148376,-1.3985309600830078,-2.468020439147949,0.7651153802871704,2.4024100303649902,-0.937246561050415
0.9430564641952515,0.49223586916923523,-1.4401757717132568,-2.4986469745635986,0.7742779850959778,2.4071767330169678,-0.9107282161712646
1.0246496200561523,0.49469777941703796,-1.480455756187439,-2.5271708965301514,0.785880446434021,2.40959095954895,-0.8842098712921143
1.1050081253051758,0.5007248520851135,-1.518368124961853,-2.5535404682159424,0.7998872995376587,2.4095864295959473,-0.8576915860176086
1.1832693815231323,0.5102496147155762,-1.553043246269226,-2.577697277069092,0.8162567019462585,2.407078742980957,-0.8311732411384583
1.258719801902771,0.5232031345367432,-1.5837970972061157,-2.5995800495147705,0.8349347114562988,2.401963233947754,-0.8046548962593079
1.3308109045028687,0.5395274758338928,-1.6101518869400024,-2.619123935699463,0.8558562994003296,2.3941140174865723,-0.7781365513801575
1.3991674184799194,0.5591890811920166,-1.6318449974060059,-2.636265754699707,0.8789390325546265,2.3833858966827393,-0.7516182661056519
1.4635711908340454,0.582190752029419,-1.6488163471221924,-2.6509451866149902,0.9040858149528503,2.369609832763672,-0.7250998616218567
1.5239406824111938,0.6085860133171082,-1.6611875295639038,-2.6631081104278564,0.9311869740486145,2.3525891304016113,-0.6985815763473511
1.5803018808364868,0.6384855508804321,-1.6692330837249756,-2.6727075576782227,0.9601238965988159,2.332099437713623,-0.6720632314682007
1.632763147354126,0.6720718145370483,-1.673353672027588,-2.679708242416382,0.9907768964767456,2.307877540588379,-0.6455448865890503
1.6814888715744019,0.7096035480499268,-1.6740481853485107,-2.684086561203003,1.0230339765548706,2.2796173095703125,-0.6190265417098999
1.7266796827316284,0.7514395117759705,-1.671890139579773,-2.6858339309692383,1.0568104982376099,2.246948480606079,-0.5925082564353943
1.7685489654541016,0.7980475425720215,-1.6675047874450684,-2.6849565505981445,1.0920603275299072,2.2094247341156006,-0.5659899115562439
1.8073077201843262,0.8500539660453796,-1.6615560054779053,-2.6814749240875244,1.1288126707077026,2.1664743423461914,-0.5394715070724487
1.8431439399719238,0.9083029627799988,-1.6547331809997559,-2.675424814224243,1.1672089099884033,2.117345094680786,-0.5129532217979431
1.8344321250915527,0.8580779433250427,-1.648606777191162,-2.664276361465454,1.1334850788116455,2.157705307006836,-0.4828850030899048
1.8244373798370361,0.8125026226043701,-1.6412713527679443,-2.653015375137329,1.1007444858551025,2.193495273590088,-0.45281678438186646
1.813161015510559,0.7708278298377991,-1.6327056884765625,-2.641636610031128,1.0687878131866455,2.2254319190979004,-0.4227485656738281
1.8005868196487427,0.7324744462966919,-1.622876763343811,-2.6301355361938477,1.0374654531478882,2.2540721893310547,-0.3926803469657898
1.786685824394226,0.6969903111457825,-1.6117421388626099,-2.6185083389282227,1.0066653490066528,2.2798547744750977,-0.36261212825775146
1.7714169025421143,0.6640115976333618,-1.5992499589920044,-2.6067497730255127,0.9762994647026062,2.3031349182128906,-0.33254390954971313
1.7547295093536377,0.6332453489303589,-1.585340976715088,-2.594855785369873,0.9462987780570984,2.3242013454437256,-0.3024756908416748
1.7365608215332031,0.6044481992721558,-1.5699437856674194,-2.5828213691711426,0.9166050553321838,2.343297004699707,-0.2724074423313141
1.7168411016464233,0.5774234533309937,-1.5529812574386597,-2.5706422328948975,0.8871740698814392,2.360621452331543,-0.24233922362327576
1.6954901218414307,0.5520058870315552,-1.5343661308288574,-2.5583136081695557,0.8579663634300232,2.3763465881347656,-0.21227101981639862
1.6724169254302979,0.528059184551239,-1.5140011310577393,-2.545830726623535,0.8289504647254944,2.3906173706054688,-0.1822028011083603
1.6475236415863037,0.5054708123207092,-1.4917817115783691,-2.533188819885254,0.8000987768173218,2.4035584926605225,-0.15213456749916077
1.6207005977630615,0.4841470420360565,-1.467591404914856,-2.520383358001709,0.7713871002197266,2.4152791500091553,-0.12206634134054184
1.5918325185775757,0.4640139937400818,-1.4413089752197266,-2.5074093341827393,0.7427951693534851,2.4258716106414795,-0.0919981375336647
1.5607953071594238,0.44501373171806335,-1.4128037691116333,-2.4942617416381836,0.714305579662323,2.4354164600372314,-0.06192987784743309
1.5274583101272583,0.42709898948669434,-1.3819379806518555,-2.4809365272521973,0.6858999133110046,2.4439868927001953,-0.03186168521642685
1.4916905164718628,0.41024067997932434,-1.3485743999481201,-2.4674274921417236,0.6575654149055481,2.4516427516937256,-0.0017934752395376563
1.4533569812774658,0.39441701769828796,-1.3125709295272827,-2.453730344772339,0.629287838935852,2.458439350128174,0.028274765238165855
1.4123311042785645,0.3796212375164032,-1.2737934589385986,-2.4398398399353027,0.6010546684265137,2.464423179626465,0.05834297463297844
1.3684930801391602,0.3658546805381775,-1.2321157455444336,-2.425750732421875,0.5728545188903809,2.469637155532837,0.08841118216514587
1.3217451572418213,0.35312968492507935,-1.187432050704956,-2.4114575386047363,0.544675886631012,2.474116325378418,0.118479423224926
1.2720118761062622,0.3414674997329712,-1.1396592855453491,-2.3969550132751465,0.5165076851844788,2.477893829345703,0.14854763448238373
1.2192617654800415,0.33089733123779297,-1.0887575149536133,-2.3822379112243652,0.48833969235420227,2.4809963703155518,0.17861586809158325
1.1635091304779053,0.3214559257030487,-1.0347322225570679,-2.367300510406494,0.4601608216762543,2.4834482669830322,0.20868408679962158
1.1048370599746704,0.31318479776382446,-0.9776577949523926,-2.3521366119384766,0.4319606423377991,2.485269069671631,0.23875229060649872
1.04339599609375,0.30612802505493164,-0.9176750183105469,-2.3367409706115723,0.40372902154922485,2.4864766597747803,0.26882052421569824
0.9794244170188904,0.30033230781555176,-0.8550119996070862,-2.3211069107055664,0.37545454502105713,2.487083911895752,0.2988887429237366
1.0151472091674805,0.30966314673423767,-0.865362286567688,-2.314838409423828,0.388441264629364,2.4822933673858643,0.32632479071617126
1.0483763217926025,0.3196541666984558,-0.8736326098442078,-2.3073291778564453,0.40130555629730225,2.476982831954956,0.35376083850860596
1.079228162765503,0.33027759194374084,-0.8799885511398315,-2.298586845397949,0.4140148162841797,2.471156358718872,0.38119685649871826
1.1078358888626099,0.3415078818798065,-0.8846084475517273,-2.2886202335357666,0.42653965950012207,2.464817523956299,0.40863290429115295
1.134329080581665,0.353323370218277,-0.8876653909683228,-2.277437686920166,0.43885570764541626,2.45797061920166,0.43606895208358765
1.1588435173034668,0.36570489406585693,-0.8893358111381531,-2.2650485038757324,0.4509400725364685,2.45061993598938,0.46350497007369995
1.1815104484558105,0.37863627076148987,-0.8897885084152222,-2.2514610290527344,0.4627745449542999,2.442768096923828,0.49094101786613464
1.202453374862671,0.39210331439971924,-0.88918137550354,-2.2366843223571777,0.4743441045284271,2.434420347213745,0.5183770656585693
1.2217938899993896,0.40609511733055115,-0.8876706957817078,-2.220724582672119,0.48563888669013977,2.4255776405334473,0.5458130836486816
1.2396420240402222,0.42060232162475586,-0.8853924870491028,-2.2035889625549316,0.49665215611457825,2.416242837905884,0.5732491612434387
1.2560975551605225,0.43561819195747375,-0.8824753165245056,-2.1852827072143555,0.5073801279067993,2.406418800354004,0.6006852388381958
1.2712581157684326,0.45113828778266907,-0.8790423274040222,-2.1658082008361816,0.5178258419036865,2.3961048126220703,0.6281211972236633
1.2852082252502441,0.46716028451919556,-0.8752015829086304,-2.145167350769043,0.5279938578605652,2.385300874710083,0.6555572748184204
1.2829201221466064,0.47044116258621216,-0.8643696308135986,-2.135451078414917,0.524807333946228,2.382633924484253,0.6411471366882324
1.2803616523742676,0.47383642196655273,-0.853387176990509,-2.125481605529785,0.5215110182762146,2.379887104034424,0.6267369985580444
1.2775436639785767,0.4773479104042053,-0.8422632217407227,-2.1152572631835938,0.5181028842926025,2.377058506011963,0.6123268604278564
1.2744708061218262,0.4809783101081848,-0.8310021162033081,-2.1047773361206055,0.5145825743675232,2.374147415161133,0.5979167222976685
1.2711540460586548,0.48472949862480164,-0.819612979888916,-2.094041347503662,0.5109483599662781,2.371152400970459,0.5835065841674805
1.2676012516021729,0.48860400915145874,-0.8081027865409851,-2.0830469131469727,0.507200300693512,2.368070602416992,0.5690964460372925
1.263818621635437,0.4926050305366516,-0.7964766025543213,-2.071793556213379,0.5033363699913025,2.3649020195007324,0.5546863079071045
1.2598150968551636,0.49673452973365784,-0.7847416400909424,-2.06027889251709,0.49935609102249146,2.3616437911987305,0.5402761697769165
1.2555999755859375,0.500995934009552,-0.7729056477546692,-2.048501491546631,0.49525967240333557,2.358293294906616,0.5258660316467285
1.2511775493621826,0.5053921937942505,-0.7609708309173584,-2.0364584922790527,0.4910447299480438,2.3548502922058105,0.5114558935165405
1.24656081199646,0.5099254846572876,-0.7489489912986755,-2.0241479873657227,0.4867115020751953,2.3513102531433105,0.4970457851886749
1.2417535781860352,0.514600396156311,-0.7368417978286743,-2.0115673542022705,0.48225879669189453,2.3476722240448,0.48263564705848694
1.2367645502090454,0.5194191932678223,-0.7246556282043457,-1.9987130165100098,0.47768622636795044,2.34393310546875,0.46822550892829895
1.2316012382507324,0.5243861079216003,-0.7123962044715881,-1.9855823516845703,0.4729926884174347,2.340090274810791,0.45381537079811096
1.2262719869613647,0.5295041799545288,-0.7000693678855896,-1.972171425819397,0.4681784212589264,2.3361403942108154,0.439405232667923
1.2207820415496826,0.5347778797149658,-0.6876780986785889,-1.9584765434265137,0.4632415175437927,2.3320810794830322,0.4249951243400574
1.2151410579681396,0.5402106046676636,-0.6752299070358276,-1.944493055343628,0.458182156085968,2.3279078006744385,0.4105849862098694
1.2093541622161865,0.5458065867424011,-0.6627267599105835,-1.9302167892456055,0.4529990255832672,2.3236186504364014,0.3961748480796814
1.2034282684326172,0.5515715479850769,-0.6501736640930176,-1.9156419038772583,0.4476917088031769,2.319208860397339,0.3817647099494934
1.197371482849121,0.557508111000061,-0.6375751495361328,-1.9007633924484253,0.4422592520713806,2.314674139022827,0.3673545718193054
1.1911885738372803,0.5636226534843445,-0.6249328851699829,-1.8855750560760498,0.43670013546943665,2.310011625289917,0.35294443368911743
1.18488609790802,0.5699198246002197,-0.6122512817382812,-1.8700700998306274,0.4310138523578644,2.305215835571289,0.33853429555892944
1.1784718036651611,0.5764045715332031,-0.5995341539382935,-1.8542413711547852,0.42519980669021606,2.3002820014953613,0.32412415742874146
1.1719495058059692,0.5830838680267334,-0.5867822766304016,-1.8380814790725708,0.4192561209201813,2.295206069946289,0.30971401929855347
1.165327548980713,0.5899632573127747,-0.5740005970001221,-1.8215817213058472,0.41318202018737793,2.2899811267852783,0.2953038811683655
1.1586095094680786,0.5970489382743835,-0.5611886978149414,-1.8047325611114502,0.40697601437568665,2.284602642059326,0.2808937430381775
1.1518017053604126,0.6043488383293152,-0.5483493208885193,-1.7875241041183472,0.40063661336898804,2.2790637016296387,0.2664836347103119
1.1449096202850342,0.6118695139884949,-0.5354838967323303,-1.7699459791183472,0.39416220784187317,2.2733583450317383,0.2520734667778015
1.1379371881484985,0.6196191906929016,-0.522592306137085,-1.7519854307174683,0.3875502943992615,2.267479658126831,0.2376633584499359
1.1308910846710205,0.6276065111160278,-0.5096765756607056,-1.7336299419403076,0.380799800157547,2.2614188194274902,0.22325322031974792
1.1237750053405762,0.635840654373169,-0.4967358708381653,-1.7148655652999878,0.37390798330307007,2.25516939163208,0.20884308218955994
1.1165939569473267,0.6443314552307129,-0.48377031087875366,-1.695676326751709,0.3668723404407501,2.248721122741699,0.19443294405937195
1.1338624954223633,0.639879584312439,-0.49633657932281494,-1.7080827951431274,0.3748128116130829,2.2522075176239014,0.17148298025131226
1.1513086557388306,0.6356214284896851,-0.5090183615684509,-1.720298409461975,0.3827913701534271,2.25555682182312,0.14853301644325256
1.1689285039901733,0.6315574645996094,-0.5218126773834229,-1.7323269844055176,0.3908107578754425,2.2587709426879883,0.12558305263519287
1.1867198944091797,0.6276885867118835,-0.53471839427948,-1.7441718578338623,0.39887115359306335,2.261849880218506,0.10263308882713318
1.2046797275543213,0.6240140199661255,-0.5477331876754761,-1.7558376789093018,0.4069752097129822,2.2647950649261475,0.07968313992023468
1.2228052616119385,0.6205344200134277,-0.5608557462692261,-1.7673274278640747,0.4151234030723572,2.267606258392334,0.05673317611217499
1.2410931587219238,0.6172515153884888,-0.5740833282470703,-1.7786442041397095,0.4233187437057495,2.2702841758728027,0.0337832048535347
1.25954008102417,0.6141654253005981,-0.5874137282371521,-1.7897911071777344,0.4315628707408905,2.2728278636932373,0.010833235457539558
1.2781404256820679,0.6112776398658752,-0.6008419394493103,-1.800770878791809,0.4398564398288727,2.2752392292022705,-0.012116718105971813
1.2968908548355103,0.6085883975028992,-0.6143654584884644,-1.811586856842041,0.448200523853302,2.277517080307007,-0.035066667944192886
1.3157875537872314,0.6060996651649475,-0.6279817223548889,-1.8222408294677734,0.4565984010696411,2.279660224914551,-0.058016642928123474
1.3348238468170166,0.6038126349449158,-0.6416847109794617,-1.832735538482666,0.46505028009414673,2.281670093536377,-0.08096659183502197
1.3539948463439941,0.601728618144989,-0.6554707288742065,-1.8430731296539307,0.47355812788009644,2.2835450172424316,-0.10391656309366226
1.3732945919036865,0.5998494029045105,-0.6693341732025146,-1.8532556295394897,0.48212331533432007,2.285284996032715,-0.12686653435230255
1.392717719078064,0.5981766581535339,-0.6832711696624756,-1.8632853031158447,0.4907476603984833,2.28688907623291,-0.14981648325920105
1.412258267402649,0.5967122912406921,-0.6972764730453491,-1.8731633424758911,0.49943315982818604,2.2883553504943848,-0.17276647686958313
1.4319078922271729,0.5954580903053284,-0.711342453956604,-1.8828922510147095,0.5081801414489746,2.2896838188171387,-0.19571639597415924
1.4516615867614746,0.5944156646728516,-0.7254656553268433,-1.8924732208251953,0.5169907212257385,2.290872812271118,-0.21866637468338013
1.4715102910995483,0.5935873985290527,-0.7396370768547058,-1.9019078016281128,0.525865375995636,2.291921615600586,-0.24161633849143982
1.4914469718933105,0.592975378036499,-0.7538514137268066,-1.9111979007720947,0.5348066687583923,2.2928290367126465,-0.2645662724971771
1.5114651918411255,0.5925820469856262,-0.7681030035018921,-1.9203439950942993,0.5438166260719299,2.2935919761657715,-0.2875162661075592
1.5315560102462769,0.5924094915390015,-0.7823841571807861,-1.9293479919433594,0.5528957843780518,2.2942094802856445,-0.3104662299156189
1.5517112016677856,0.592460572719574,-0.7966874241828918,-1.9382109642028809,0.5620458126068115,2.294679880142212,-0.3334161639213562
1.5719221830368042,0.5927368998527527,-0.8110054731369019,-1.9469341039657593,0.5712679624557495,2.29500150680542,-0.3563661277294159
1.5921825170516968,0.5932421684265137,-0.8253334760665894,-1.9555180072784424,0.5805650353431702,2.295170307159424,-0.379316121339798
1.6124812364578247,0.593979001045227,-0.8396612405776978,-1.9639638662338257,0.5899379253387451,2.2951858043670654,-0.40226608514785767
1.6328119039535522,0.5949490070343018,-0.8539835214614868,-1.9722726345062256,0.5993878841400146,2.295044422149658,-0.42521601915359497
1.6531637907028198,0.5961559414863586,-0.8682912588119507,-1.9804455041885376,0.6089169383049011,2.2947442531585693,-0.44816601276397705
1.6735286712646484,0.5976034998893738,-0.8825775980949402,-1.9884822368621826,0.618526816368103,2.294281244277954,-0.47111597657203674
1.6938973665237427,0.5992937684059143,-0.8968343138694763,-1.996384620666504,0.6282186508178711,2.2936534881591797,-0.49406591057777405
1.7142622470855713,0.6012305021286011,-0.9110556244850159,-2.004152774810791,0.6379951238632202,2.2928569316864014,-0.5170158743858337
1.734613299369812,0.6034179329872131,-0.9252336025238037,-2.011786937713623,0.6478579640388489,2.2918875217437744,-0.5399658679962158
1.7549421787261963,0.6058582663536072,-0.9393606781959534,-2.0192885398864746,0.657808244228363,2.290743112564087,-0.5629158616065979
1.775240421295166,0.6085560917854309,-0.9534308314323425,-2.0266571044921875,0.6678482294082642,2.2894182205200195,-0.5858657360076904
1.7954990863800049,0.6115154027938843,-0.9674361348152161,-2.0338940620422363,0.6779804825782776,2.287909746170044,-0.6088156700134277
1.8157100677490234,0.6147406101226807,-0.9813715815544128,-2.040999174118042,0.6882070302963257,2.286212205886841,-0.6317657232284546
1.8358651399612427,0.6182354688644409,-0.9952300190925598,-2.0479729175567627,0.698529064655304,2.2843213081359863,-0.6547156572341919
1.8252204656600952,0.6369673013687134,-0.9832919836044312,-2.0155344009399414,0.7032430768013,2.269798994064331,-0.6696115732192993
1.8148388862609863,0.6561446189880371,-0.9723194241523743,-1.982348084449768,0.70807284116745,2.254887342453003,-0.6845074892044067
1.8046892881393433,0.6757968664169312,-0.9623082280158997,-1.9483726024627686,0.713071346282959,2.2395591735839844,-0.6994034647941589
1.7947441339492798,0.6959614753723145,-0.9532676339149475,-1.9135605096817017,0.718298614025116,2.223780870437622,-0.7142993807792664
1.7849764823913574,0.7166801691055298,-0.9452148675918579,-1.8778588771820068,0.7238236665725708,2.207515239715576,-0.7291952967643738
1.7753620147705078,0.7380051612854004,-0.9381821751594543,-1.8412048816680908,0.7297233939170837,2.1907174587249756,-0.7440912127494812
1.7658798694610596,0.7599951028823853,-0.9322176575660706,-1.8035290241241455,0.7360908389091492,2.1733360290527344,-0.7589871883392334
1.7565088272094727,0.7827229499816895,-0.9273886680603027,-1.7647485733032227,0.743034303188324,2.155308723449707,-0.7738831043243408
1.7472307682037354,0.8062747120857239,-0.9237862825393677,-1.7247689962387085,0.7506851553916931,2.136561632156372,-0.7887790203094482
1.7380261421203613,0.8307541012763977,-0.9215308427810669,-1.6834779977798462,0.759202241897583,2.117006778717041,-0.8036749958992004
1.7288792133331299,0.8562898635864258,-0.9207841157913208,-1.6407437324523926,0.7687849998474121,2.0965347290039062,-0.8185708522796631
1.7197721004486084,0.8830392360687256,-0.9217584133148193,-1.5964088439941406,0.7796834111213684,2.075012683868408,-0.8334668278694153
1.7106882333755493,0.9112023711204529,-0.9247407913208008,-1.5502824783325195,0.792222261428833,2.0522708892822266,-0.8483627438545227
1.6986068487167358,0.9142873287200928,-0.9186102747917175,-1.5383269786834717,0.7885133624076843,2.049572467803955,-0.8704091310501099
1.6865899562835693,0.917560875415802,-0.9126078486442566,-1.5261902809143066,0.7849339842796326,2.0467278957366943,-0.892455518245697
1.674639105796814,0.9210244417190552,-0.9067394137382507,-1.513866901397705,0.7814880609512329,2.0437350273132324,-0.914501965045929
1.6627541780471802,0.924680769443512,-0.9010097980499268,-1.5013508796691895,0.7781801819801331,2.0405921936035156,-0.9365483522415161
1.6509373188018799,0.9285324811935425,-0.8954265713691711,-1.4886360168457031,0.7750164866447449,2.0372962951660156,-0.9585947394371033
1.6391880512237549,0.9325835108757019,-0.8899954557418823,-1.4757156372070312,0.7720010876655579,2.0338447093963623,-0.9806411862373352
1.6275081634521484,0.9368364810943604,-0.8847247958183289,-1.4625823497772217,0.769140899181366,2.030233383178711,-1.0026875734329224
1.615897536277771,0.9412949681282043,-0.8796205520629883,-1.4492285251617432,0.7664415240287781,2.026460647583008,-1.0247339010238647
1.6043561697006226,0.9459647536277771,-0.8746919631958008,-1.4356460571289062,0.7639121413230896,2.022521495819092,-1.0467803478240967
1.5928864479064941,0.9508495926856995,-0.8699492812156677,-1.4218261241912842,0.7615596055984497,2.018411159515381,-1.0688267946243286
1.5814872980117798,0.9559569954872131,-0.8654026389122009,-1.4077582359313965,0.7593954205513,2.0141241550445557,-1.090873122215271
1.5701590776443481,0.9612908363342285,-0.8610609173774719,-1.393432855606079,0.7574279308319092,2.0096569061279297,-1.112919569015503
1.5589028596878052,0.9668591618537903,-0.8569379448890686,-1.378838300704956,0.7556686401367188,2.005002021789551,-1.1349658966064453
1.5477181673049927,0.9726707935333252,-0.8530479669570923,-1.3639616966247559,0.7541324496269226,2.000152111053467,-1.1570123434066772
1.5366088151931763,0.9787367582321167,-0.8494113087654114,-1.3487896919250488,0.7528389692306519,1.9950978755950928,-1.1790587902069092
1.5255674123764038,0.9850597977638245,-0.8460312485694885,-1.3333091735839844,0.7517914175987244,1.9898364543914795,-1.2011051177978516
1.5145988464355469,0.9916552901268005,-0.8429354429244995,-1.317502498626709,0.7510165572166443,1.9843547344207764,-1.2231515645980835
1.50370192527771,0.9985355734825134,-0.8401439785957336,-1.3013525009155273,0.7505345344543457,1.978642225265503,-1.2451978921890259
1.4928770065307617,1.005713939666748,-0.837681770324707,-1.2848401069641113,0.7503705024719238,1.9726873636245728,-1.2672443389892578
1.4821234941482544,1.013208031654358,-0.8355759978294373,-1.267942190170288,0.7505524754524231,1.9664757251739502,-1.2892907857894897
1.471445918083191,1.021031379699707,-0.833861768245697,-1.2506370544433594,0.7511098980903625,1.9599932432174683,-1.3113371133804321
1.4608356952667236,1.0292115211486816,-0.8325713872909546,-1.2328956127166748,0.7520845532417297,1.9532198905944824,-1.333383560180664
1.450293779373169,1.0377671718597412,-0.8317449688911438,-1.2146892547607422,0.7535144090652466,1.9461395740509033,-1.355430006980896
1.4398239850997925,1.0467280149459839,-0.8314404487609863,-1.1959834098815918,0.7554554343223572,1.938724398612976,-1.377476453781128
1.429425597190857,1.0561201572418213,-0.8317114114761353,-1.1767399311065674,0.7579629421234131,1.930951714515686,-1.3995226621627808
1.419089674949646,1.0659899711608887,-0.8326265811920166,-1.1569137573242188,0.7611105442047119,1.9227886199951172,-1.4215691089630127
1.4088209867477417,1.0763752460479736,-0.834272563457489,-1.1364552974700928,0.764983057975769,1.914198398590088,-1.4436155557632446
1.3986181020736694,1.0873291492462158,-0.8367530703544617,-1.115304946899414,0.7696876525878906,1.905137062072754,-1.4656620025634766
1.3884776830673218,1.0989139080047607,-0.8401918411254883,-1.0933938026428223,0.7753505110740662,1.895552396774292,-1.487708330154419
1.3783986568450928,1.1112051010131836,-0.8447466492652893,-1.0706400871276855,0.7821328043937683,1.885380506515503,-1.5097547769546509
1.3683781623840332,1.124297022819519,-0.8506167531013489,-1.0469458103179932,0.7902382016181946,1.874542474746704,-1.5318011045455933
1.3584133386611938,1.1383084058761597,-0.8580607771873474,-1.022191047668457,0.7999307513237,1.862938404083252,-1.5538475513458252
1.3484983444213867,1.1533921957015991,-0.8674173355102539,-0.9962282180786133,0.8115569353103638,1.8504409790039062,-1.5758939981460571
1.3386286497116089,1.1697486639022827,-0.8791492581367493,-0.9688715934753418,0.8255901336669922,1.8368818759918213,-1.5979403257369995
1.3287973403930664,1.1876521110534668,-0.8939055800437927,-0.9398789405822754,0.8426923155784607,1.8220312595367432,-1.6199867725372314
1.3189918994903564,1.2074849605560303,-0.9126227498054504,-0.9089312553405762,0.8638198375701904,1.8055698871612549,-1.6420331001281738
1.309199571609497,1.229823112487793,-0.9367576837539673,-0.8755865097045898,0.8904595375061035,1.7870149612426758,-1.6640796661376953
1.299392819404602,1.2555983066558838,-0.9687284231185913,-0.8392014503479004,0.9250787496566772,1.765588641166687,-1.6861258745193481
1.2895290851593018,1.2863813638687134,-1.012837529182434,-0.7987780570983887,0.9720637798309326,1.7399804592132568,-1.70817232131958
1.2795228958129883,1.3254811763763428,-1.078389286994934,-0.7526102066040039,1.0408940315246582,1.707425594329834,-1.730218768119812
