0.8703237771987915,1.0437825918197632,-1.0322802066802979,-1.4268639087677002,0.9231296181678772,1.9460930824279785,-2.63681697845459
0.8625698685646057,1.0028895139694214,-0.9896971583366394,-1.4538640975952148,0.8752433061599731,1.9788905382156372,-2.609156608581543
0.8545933365821838,0.9654088616371155,-0.951132595539093,-1.4801206588745117,0.831803560256958,2.008713722229004,-2.581496238708496
0.8464100956916809,0.9307053089141846,-0.9157559275627136,-1.5056917667388916,0.7919237613677979,2.036109209060669,-2.55383563041687
0.8380354642868042,0.8983220458030701,-0.8829736709594727,-1.5306248664855957,0.7549687623977661,2.0614678859710693,-2.5261752605438232
0.8294775485992432,0.8679147958755493,-0.8523365259170532,-1.5549628734588623,0.7204602956771851,2.085085868835449,-2.4985148906707764
0.8207426071166992,0.8392165303230286,-0.823498547077179,-1.5787453651428223,0.6880313754081726,2.107192277908325,-2.4708545207977295
0.8118304014205933,0.8120164275169373,-0.7961812615394592,-1.6020057201385498,0.6573914289474487,2.127969980239868,-2.4431939125061035
0.8027418851852417,0.7861429452896118,-0.7701621651649475,-1.6247751712799072,0.6283079981803894,2.147566318511963,-2.4155335426330566
0.7934741377830505,0.7614565491676331,-0.7452558279037476,-1.6470811367034912,0.6005908250808716,2.166102647781372,-2.3878731727600098
0.7840238213539124,0.7378380298614502,-0.7213068008422852,-1.6689493656158447,0.5740821957588196,2.1836814880371094,-2.360212802886963
0.7743853330612183,0.7151892185211182,-0.6981827616691589,-1.690402865409851,0.5486494302749634,2.2003884315490723,-2.332552433013916
0.7645503878593445,0.6934249997138977,-0.6757677793502808,-1.7114617824554443,0.5241814851760864,2.2162983417510986,-2.30489182472229
0.7545136213302612,0.6724720001220703,-0.6539639234542847,-1.7321460247039795,0.5005822777748108,2.2314743995666504,-2.277231454849243
0.7442644834518433,0.6522669196128845,-0.6326814293861389,-1.752472996711731,0.47776997089385986,2.2459723949432373,-2.2495710849761963
0.7337921261787415,0.632754385471344,-0.611840546131134,-1.7724586725234985,0.4556728005409241,2.259840965270996,-2.2219104766845703
0.7230861186981201,0.6138854622840881,-0.5913704037666321,-1.792117953300476,0.43422916531562805,2.273123264312744,-2.1942501068115234
0.7121336460113525,0.5956169962882996,-0.5712049603462219,-1.8114649057388306,0.4133840501308441,2.285857677459717,-2.1665897369384766
0.7009191513061523,0.5779107213020325,-0.5512821078300476,-1.8305119276046753,0.3930894732475281,2.298078775405884,-2.1389293670654297
0.6894289255142212,0.5607319474220276,-0.5315456986427307,-1.849271535873413,0.3733022212982178,2.309816837310791,-2.111268997192383
0.6776441335678101,0.5440502762794495,-0.5119401812553406,-1.8677544593811035,0.35398411750793457,2.3211002349853516,-2.083608388900757
0.6655485033988953,0.527838408946991,-0.4924156069755554,-1.8859713077545166,0.335102379322052,2.331953287124634,-2.05594801902771
0.6531214714050293,0.5120710730552673,-0.4729214012622833,-1.9039316177368164,0.3166252672672272,2.3423991203308105,-2.028287649154663
0.6403409242630005,0.4967268407344818,-0.4534083306789398,-1.9216440916061401,0.29852619767189026,2.3524580001831055,-2.000627279281616
0.6271821856498718,0.48178520798683167,-0.4338268041610718,-1.9391179084777832,0.2807793915271759,2.362150192260742,-1.9729667901992798
0.629657506942749,0.48357880115509033,-0.432860404253006,-1.9360393285751343,0.2808087468147278,2.360931396484375,-1.9489693641662598
0.6321024894714355,0.48539257049560547,-0.43187639117240906,-1.9329192638397217,0.2808286249637604,2.359696388244629,-1.9249718189239502
0.634516179561615,0.487228125333786,-0.43087369203567505,-1.929757833480835,0.28083908557891846,2.358445644378662,-1.9009743928909302
0.6368992924690247,0.4890844225883484,-0.42985326051712036,-1.9265550374984741,0.28083980083465576,2.3571791648864746,-1.8769768476486206
0.6392537951469421,0.49096155166625977,-0.42881712317466736,-1.923310399055481,0.2808316648006439,2.355895519256592,-1.8529794216156006
0.6415759325027466,0.49286019802093506,-0.42776134610176086,-1.9200243949890137,0.2808128297328949,2.354597330093384,-1.8289819955825806
0.6438685655593872,0.4947796165943146,-0.4266890585422516,-1.916696310043335,0.2807844877243042,2.3532824516296387,-1.804984450340271
0.6461318731307983,0.49671992659568787,-0.4256003499031067,-1.913326621055603,0.28074637055397034,2.3519515991210938,-1.780987024307251
0.6483641862869263,0.49868160486221313,-0.42449361085891724,-1.9099147319793701,0.28069788217544556,2.35060453414917,-1.7569894790649414
0.6505664587020874,0.5006646513938904,-0.42336979508399963,-1.9064608812332153,0.28063908219337463,2.349241256713867,-1.7329920530319214
0.652739405632019,0.5026688575744629,-0.4222298562526703,-1.9029649496078491,0.2805701494216919,2.3478617668151855,-1.7089945077896118
0.654883086681366,0.5046941637992859,-0.42107370495796204,-1.8994266986846924,0.28049156069755554,2.346465826034546,-1.6849970817565918
0.6569966077804565,0.5067405700683594,-0.41990044713020325,-1.895845890045166,0.28040215373039246,2.3450536727905273,-1.6609996557235718
0.6590815186500549,0.5088085532188416,-0.41871190071105957,-1.8922221660614014,0.2803023159503937,2.3436241149902344,-1.6370021104812622
0.6611373424530029,0.5108978748321533,-0.4175073802471161,-1.8885562419891357,0.280192494392395,2.3421788215637207,-1.6130046844482422
0.6631624698638916,0.5130091905593872,-0.4162854850292206,-1.8848471641540527,0.2800714671611786,2.34071683883667,-1.5890072584152222
0.6651600003242493,0.5151411890983582,-0.41504907608032227,-1.8810951709747314,0.2799396514892578,2.339238166809082,-1.5650097131729126
0.6671281456947327,0.5172954797744751,-0.4137968122959137,-1.8772999048233032,0.2797977924346924,2.337742567062378,-1.5410122871398926
0.6690685153007507,0.5194705724716187,-0.41252973675727844,-1.8734616041183472,0.27964460849761963,2.3362293243408203,-1.517014741897583
0.6709794402122498,0.5216680765151978,-0.41124680638313293,-1.869579792022705,0.27948078513145447,2.334700107574463,-1.493017315864563
0.6728628277778625,0.5238868594169617,-0.40994951128959656,-1.865654468536377,0.27930569648742676,2.3331527709960938,-1.4690197706222534
0.6747167110443115,0.5261284708976746,-0.4086361825466156,-1.8616849184036255,0.2791200280189514,2.331589698791504,-1.4450223445892334
0.6765437722206116,0.5283909440040588,-0.4073094129562378,-1.8576717376708984,0.2789233326911926,2.330007791519165,-1.4210249185562134
0.6783422827720642,0.5306759476661682,-0.40596744418144226,-1.8536145687103271,0.27871501445770264,2.328409433364868,-1.3970273733139038
0.6801133751869202,0.5329828262329102,-0.4046114385128021,-1.8495125770568848,0.27849602699279785,2.3267931938171387,-1.3730299472808838
0.6818561553955078,0.5353120565414429,-0.40324050188064575,-1.8453664779663086,0.2782653272151947,2.3251595497131348,-1.3490324020385742
0.6835718750953674,0.5376639366149902,-0.40185606479644775,-1.8411753177642822,0.27802354097366333,2.3235080242156982,-1.3250349760055542
0.6852604150772095,0.5400373935699463,-0.40045756101608276,-1.836940050125122,0.27777034044265747,2.3218393325805664,-1.3010375499725342
0.6869216561317444,0.5424337983131409,-0.39904552698135376,-1.8326586484909058,0.27750638127326965,2.3201518058776855,-1.2770400047302246
0.6885557770729065,0.5448532104492188,-0.39761945605278015,-1.8283324241638184,0.2772296369075775,2.318446636199951,-1.2530425786972046
0.6901637315750122,0.5472948551177979,-0.39618098735809326,-1.823960542678833,0.2769429385662079,2.316723108291626,-1.2290451526641846
0.6917442083358765,0.5497596859931946,-0.39472827315330505,-1.8195425271987915,0.2766437232494354,2.314981460571289,-1.205047607421875
0.69329833984375,0.5522472858428955,-0.393262654542923,-1.815078854560852,0.27633291482925415,2.3132214546203613,-1.1810500621795654
0.6948214173316956,0.5547568798065186,-0.3917789161205292,-1.8105688095092773,0.27600714564323425,2.311443328857422,-1.1570526361465454
0.696322500705719,0.5572909116744995,-0.3902871012687683,-1.8060121536254883,0.2756723165512085,2.309645652770996,-1.1330552101135254
0.6977968811988831,0.5598481893539429,-0.388781875371933,-1.8014084100723267,0.2753257751464844,2.3078298568725586,-1.1090576648712158
0.6992456912994385,0.5624287128448486,-0.3872644305229187,-1.7967578172683716,0.2749674618244171,2.3059945106506348,-1.0850602388381958
0.7006686925888062,0.5650331974029541,-0.3857346773147583,-1.7920596599578857,0.2745974659919739,2.304140090942383,-1.0610628128051758
0.7020653486251831,0.567661702632904,-0.38419193029403687,-1.78731369972229,0.27421513199806213,2.3022665977478027,-1.0370652675628662
0.7034371495246887,0.5703136920928955,-0.38263756036758423,-1.7825199365615845,0.27382102608680725,2.3003733158111572,-1.0130678415298462
0.7047832012176514,0.5729900598526001,-0.3810708522796631,-1.7776775360107422,0.27341437339782715,2.2984604835510254,-0.9890703558921814
0.7061043381690979,0.5756906270980835,-0.37949255108833313,-1.7727869749069214,0.2729959785938263,2.2965281009674072,-0.9650728106498718
0.7074005603790283,0.5784159898757935,-0.3779025673866272,-1.7678470611572266,0.2725655734539032,2.2945752143859863,-0.941075325012207
0.7086707949638367,0.581165611743927,-0.37629982829093933,-1.7628581523895264,0.27212196588516235,2.292603015899658,-0.917077898979187
0.7099176049232483,0.5839403867721558,-0.374687135219574,-1.7578190565109253,0.2716674208641052,2.290609359741211,-0.8930804133415222
0.7111393213272095,0.5867403745651245,-0.3730624318122864,-1.752730131149292,0.2712002694606781,2.2885959148406982,-0.8690829873085022
0.712336540222168,0.5895653963088989,-0.37142637372016907,-1.7475910186767578,0.27072060108184814,2.2865617275238037,-0.8450855016708374
0.7135095596313477,0.5924164652824402,-0.3697793483734131,-1.7424006462097168,0.27022892236709595,2.284506320953369,-0.8210880756378174
0.7146581411361694,0.5952925086021423,-0.368120938539505,-1.737159013748169,0.2697242796421051,2.2824296951293945,-0.7970905900001526
0.7157831192016602,0.5981951355934143,-0.3664522171020508,-1.7318658828735352,0.26920774579048157,2.280331611633301,-0.773093044757843
0.7168841361999512,0.6011236310005188,-0.3647725284099579,-1.7265206575393677,0.2686784565448761,2.278212070465088,-0.7490955591201782
0.7179615497589111,0.6040787100791931,-0.36308223009109497,-1.7211225032806396,0.268137127161026,2.2760708332061768,-0.7250981330871582
0.7190151214599609,0.6070608496665955,-0.3613811433315277,-1.7156718969345093,0.2675826847553253,2.2739076614379883,-0.7011006474494934
0.7200457453727722,0.6100696921348572,-0.35967007279396057,-1.710167646408081,0.2670159935951233,2.271721601486206,-0.6771031618118286
0.7210533618927002,0.6131060123443604,-0.3579491674900055,-1.7046090364456177,0.2664371132850647,2.2695131301879883,-0.6531057357788086
0.7220372557640076,0.6161695718765259,-0.35621705651283264,-1.6989960670471191,0.2658451199531555,2.267282009124756,-0.6291082501411438
0.7229984402656555,0.6192610859870911,-0.35447534918785095,-1.6933282613754272,0.26524049043655396,2.2650279998779297,-0.6051107048988342
0.7239372730255127,0.6223806738853455,-0.3527241051197052,-1.6876044273376465,0.26462289690971375,2.262749671936035,-0.5811132192611694
0.7248535752296448,0.6255288124084473,-0.35096320509910583,-1.6818246841430664,0.2639938294887543,2.260448455810547,-0.5571157932281494
0.7257460951805115,0.6287058591842651,-0.34919092059135437,-1.6759881973266602,0.26335057616233826,2.2581233978271484,-0.5331183075904846
0.726617693901062,0.6319121718406677,-0.3474107086658478,-1.6700944900512695,0.2626955807209015,2.2557737827301025,-0.5091208815574646
0.7274672389030457,0.6351478099822998,-0.34562113881111145,-1.6641424894332886,0.2620278000831604,2.253398895263672,-0.4851233959197998
0.7282938957214355,0.6384133696556091,-0.343821257352829,-1.6581320762634277,0.2613467574119568,2.251000165939331,-0.4611259400844574
0.729098916053772,0.6417091488838196,-0.3420121669769287,-1.652062177658081,0.26065292954444885,2.2485756874084473,-0.437128484249115
0.7298828363418579,0.6450355052947998,-0.3401947617530823,-1.6459321975708008,0.2599470019340515,2.2461252212524414,-0.41313090920448303
0.7306439280509949,0.6483926773071289,-0.3383665978908539,-1.6397417783737183,0.2592271566390991,2.243649482727051,-0.3891334533691406
0.7313841581344604,0.6517821550369263,-0.33653032779693604,-1.6334896087646484,0.25849491357803345,2.24114727973938,-0.3651359975337982
0.7321038246154785,0.6552026271820068,-0.33468595147132874,-1.627175211906433,0.2577499449253082,2.2386178970336914,-0.3411385118961334
0.732802152633667,0.6586559414863586,-0.332832396030426,-1.620798110961914,0.25699228048324585,2.2360615730285645,-0.317141056060791
0.7334792017936707,0.6621415019035339,-0.33096975088119507,-1.6143571138381958,0.25622132420539856,2.23347806930542,-0.2931436002254486
0.7341355085372925,0.6656611561775208,-0.32909882068634033,-1.6078510284423828,0.25543779134750366,2.2308664321899414,-0.2691461443901062
0.7347713708877563,0.669214129447937,-0.3272196650505066,-1.6012792587280273,0.254641056060791,2.2282257080078125,-0.24514856934547424
0.7353863716125488,0.6728014945983887,-0.3253317177295685,-1.5946412086486816,0.25383156538009644,2.2255568504333496,-0.22115111351013184
0.7359811663627625,0.6764236688613892,-0.3234354555606842,-1.5879356861114502,0.2530088424682617,2.2228586673736572,-0.19715365767478943
0.7365555763244629,0.6800811886787415,-0.32153111696243286,-1.5811617374420166,0.2521732747554779,2.220130205154419,-0.17315620183944702
0.7371097803115845,0.683775007724762,-0.3196184039115906,-1.5743179321289062,0.2513248026371002,2.217371702194214,-0.14915873110294342
0.7376444935798645,0.6875050663948059,-0.317698210477829,-1.567403793334961,0.2504637837409973,2.2145822048187256,-0.125161275267601
0.7381589412689209,0.691272497177124,-0.3157694637775421,-1.560417890548706,0.24958892166614532,2.211761474609375,-0.1011638194322586
0.738653838634491,0.6950781345367432,-0.3138333857059479,-1.553358793258667,0.24870198965072632,2.2089083194732666,-0.0771663635969162
0.739128828048706,0.6989220976829529,-0.3118889033794403,-1.5462257862091064,0.24780161678791046,2.2060229778289795,-0.053168781101703644
0.7395844459533691,0.70280522108078,-0.30993688106536865,-1.539017677307129,0.24688762426376343,2.2031047344207764,-0.029171323403716087
0.7400210499763489,0.7067286372184753,-0.3079776465892792,-1.5317323207855225,0.24596236646175385,2.2001521587371826,-0.005173864774405956
0.7404384613037109,0.7106925845146179,-0.30601081252098083,-1.524369478225708,0.24502278864383698,2.1971654891967773,0.018823593854904175
0.8105721473693848,0.714352548122406,-0.38692304491996765,-1.541987419128418,0.30964338779449463,2.1952857971191406,-0.013141048140823841
0.8801312446594238,0.7219715714454651,-0.46696436405181885,-1.5585713386535645,0.3741670846939087,2.1906228065490723,-0.04510568827390671
0.9487650394439697,0.7336564660072327,-0.5460526347160339,-1.574167013168335,0.43886899948120117,2.1830568313598633,-0.07707032561302185
1.01615309715271,0.7495720386505127,-0.6241475939750671,-1.5888159275054932,0.5040401220321655,2.1724042892456055,-0.10903497040271759
1.0820074081420898,0.769960880279541,-0.7012678980827332,-1.6025571823120117,0.5700010657310486,2.1584057807922363,-0.14099961519241333
1.1460834741592407,0.795168399810791,-0.7775209546089172,-1.6154265403747559,0.6371294856071472,2.140702724456787,-0.17296424508094788
1.2081732749938965,0.8256831169128418,-0.8531253337860107,-1.6274586915969849,0.705885112285614,2.118806838989258,-0.2049289047718048
1.268106460571289,0.8622044920921326,-0.9284583926200867,-1.6386854648590088,0.7768717408180237,2.092038631439209,-0.23689353466033936
1.3257402181625366,0.9057545065879822,-1.004122018814087,-1.6491382122039795,0.8509153127670288,2.059434413909912,-0.2688581943511963
1.3809399604797363,0.9578861594200134,-1.0810718536376953,-1.658846139907837,0.9292382001876831,2.019563674926758,-0.30082282423973083
1.4335477352142334,1.021113634109497,-1.1608926057815552,-1.6678379774093628,1.0138068199157715,1.970157504081726,-0.3327874541282654
1.4833189249038696,1.099961757659912,-1.2465064525604248,-1.6761419773101807,1.108203411102295,1.9071956872940063,-0.3647520840167999
1.5296735763549805,1.204323410987854,-1.3444594144821167,-1.6837846040725708,1.2204853296279907,1.822002649307251,-0.39671674370765686
1.5073801279067993,1.087551474571228,-1.2475066184997559,-1.7032294273376465,1.1036953926086426,1.9179285764694214,-0.36477765440940857
1.4823942184448242,0.9978930950164795,-1.1682260036468506,-1.7220014333724976,1.0093402862548828,1.9900970458984375,-0.3328385651111603
1.4552867412567139,0.9239876866340637,-1.0981589555740356,-1.7401185035705566,0.9273744821548462,2.048386812210083,-0.300899475812912
1.426218032836914,0.860832154750824,-1.0335649251937866,-1.7575966119766235,0.8534615635871887,2.0971789360046387,-0.2689603865146637
1.3952126502990723,0.8056836128234863,-0.9723562002182007,-1.774449348449707,0.7852566242218018,2.138897657394409,-0.2370213121175766
1.3622260093688965,0.7568436861038208,-0.9131906628608704,-1.7906899452209473,0.7213239669799805,2.1750617027282715,-0.2050822228193283
1.3271766901016235,0.7131822109222412,-0.8551221489906311,-1.8063305616378784,0.6607087850570679,2.2066969871520996,-0.17314313352108002
1.2899630069732666,0.673906147480011,-0.797437310218811,-1.8213821649551392,0.602741539478302,2.2345376014709473,-0.14120404422283173
1.2504701614379883,0.6384435892105103,-0.7395694255828857,-1.8358546495437622,0.5469275712966919,2.2591285705566406,-0.10926496237516403
1.2085810899734497,0.6063718199729919,-0.6810542345046997,-1.8497576713562012,0.49289190769195557,2.280888557434082,-0.07732588052749634
1.1641838550567627,0.5773770809173584,-0.6215076446533203,-1.8631000518798828,0.4403412640094757,2.3001441955566406,-0.045386798679828644
1.1171839237213135,0.5512259006500244,-0.5606147050857544,-1.8758904933929443,0.38904377818107605,2.317155599594116,-0.0134477149695158
1.0675084590911865,0.5277470350265503,-0.49812114238739014,-1.888136863708496,0.3388076424598694,2.3321328163146973,0.018491368740797043
1.1094573736190796,0.5520033836364746,-0.5416626930236816,-1.8669313192367554,0.3767692744731903,2.3161778450012207,-0.010486448183655739
1.1494784355163574,0.5778260827064514,-0.5844273567199707,-1.8451558351516724,0.41558146476745605,2.2989022731781006,-0.03946426510810852
1.1877022981643677,0.6053167581558228,-0.6266744136810303,-1.8227921724319458,0.4553845524787903,2.2801942825317383,-0.06844208389520645
1.2242549657821655,0.6346069574356079,-0.6686848998069763,-1.799818754196167,0.4963478446006775,2.259917974472046,-0.09741990268230438
1.2592490911483765,0.6658608317375183,-0.7107570171356201,-1.7762136459350586,0.5386737585067749,2.237913131713867,-0.12639771401882172
1.2927888631820679,0.6992876529693604,-0.753223180770874,-1.7519497871398926,0.582610011100769,2.213982105255127,-0.15537552535533905
1.3249702453613281,0.7351518273353577,-0.7964627146720886,-1.7269988059997559,0.6284629702568054,2.187880277633667,-0.18435336649417877
1.3558745384216309,0.7737934589385986,-0.8409165740013123,-1.7013274431228638,0.6766206622123718,2.159299373626709,-0.2133311629295349
1.3855714797973633,0.8156579732894897,-0.887122392654419,-1.6748995780944824,0.7275868654251099,2.127842426300049,-0.24230898916721344
1.4141149520874023,0.8613428473472595,-0.935759425163269,-1.647672414779663,0.7820340394973755,2.092982292175293,-0.2712867856025696
1.4415425062179565,0.9116785526275635,-0.9877344965934753,-1.61959969997406,0.8408961296081543,2.053990602493286,-0.3002645969390869
1.4678637981414795,0.9678775072097778,-1.0443273782730103,-1.5906260013580322,0.9055337309837341,2.0098111629486084,-0.32924243807792664
1.4930529594421387,1.0318355560302734,-1.1074979305267334,-1.560689926147461,0.9780762195587158,1.9588019847869873,-0.35822024941444397
1.4622915983200073,0.944140613079071,-1.0111777782440186,-1.5907793045043945,0.8711773157119751,2.0282061100006104,-0.3356867730617523
1.4289991855621338,0.871857762336731,-0.9254646897315979,-1.619336485862732,0.778313159942627,2.0841610431671143,-0.3131532669067383
1.3932278156280518,0.8104210495948792,-0.8460280299186707,-1.6464524269104004,0.6947641968727112,2.13067626953125,-0.29061979055404663
1.354933738708496,0.7572574019432068,-0.7703589797019958,-1.6722043752670288,0.6178848743438721,2.170042037963867,-0.268086314201355
1.3140239715576172,0.7107587456703186,-0.6968122124671936,-1.6966599225997925,0.5460151433944702,2.203720808029175,-0.24555283784866333
1.270391583442688,0.6698527932167053,-0.6242279410362244,-1.7198773622512817,0.47803163528442383,2.232712745666504,-0.22301934659481049
1.2239373922348022,0.6337998509407043,-0.5517537593841553,-1.7419092655181885,0.4131397604942322,2.257735252380371,-0.20048585534095764
1.1745853424072266,0.6020765900611877,-0.47875094413757324,-1.7628012895584106,0.3507479727268219,2.279322624206543,-0.177952378988266
1.1223022937774658,0.5743109583854675,-0.40475162863731384,-1.7825946807861328,0.2904052734375,2.297882318496704,-0.15541888773441315
1.0671181678771973,0.5502380728721619,-0.3294423222541809,-1.8013265132904053,0.23175780475139618,2.313727855682373,-0.1328854113817215
1.009141206741333,0.5296738743782043,-0.2526504695415497,-1.8190299272537231,0.17452096939086914,2.32710599899292,-0.11035192757844925
0.9485758543014526,0.5124918222427368,-0.17434825003147125,-1.8357359170913696,0.11846279352903366,2.3382105827331543,-0.0878184512257576
0.8857336044311523,0.49860680103302,-0.0946502536535263,-1.8514723777770996,0.06338923424482346,2.3471922874450684,-0.06528496742248535
0.8210352063179016,0.48796284198760986,-0.013806535862386227,-1.866264820098877,0.009135344065725803,2.3541674613952637,-0.04275146871805191
0.7550060749053955,0.4805213510990143,0.0678069218993187,-1.8801378011703491,-0.044441353529691696,2.359222650527954,-0.020218003541231155
0.6882557272911072,0.47625330090522766,0.14971497654914856,-1.8931130170822144,-0.09746725112199783,2.3624191284179688,0.002315496327355504
0.6214507818222046,0.4751318693161011,0.23137333989143372,-1.9052118062973022,-0.15005552768707275,2.3637943267822266,0.02484896034002304
0.5552760362625122,0.4771323502063751,0.31221169233322144,-1.9164535999298096,-0.2023124396800995,2.3633644580841064,0.04738245904445648
0.49039602279663086,0.48222723603248596,0.3916735351085663,-1.926857829093933,-0.25433671474456787,2.3611230850219727,0.06991592049598694
0.42741990089416504,0.4903929531574249,0.46925532817840576,-1.936441421508789,-0.30622598528862,2.357044219970703,0.09244942665100098
0.36686813831329346,0.5016114115715027,0.5445436239242554,-1.9452217817306519,-0.358077734708786,2.3510775566101074,0.11498288810253143
0.3091581463813782,0.5158773064613342,0.6172236204147339,-1.95321524143219,-0.4099930226802826,2.343149185180664,0.13751639425754547
0.25459644198417664,0.533208966255188,0.6871012449264526,-1.9604371786117554,-0.46207988262176514,2.3331573009490967,0.16004985570907593
0.20338048040866852,0.553654134273529,0.7540974617004395,-1.9669028520584106,-0.5144564509391785,2.3209681510925293,0.18258334696292877
0.15561409294605255,0.5773042440414429,0.8182384371757507,-1.972626805305481,-0.5672560334205627,2.306410789489746,0.20511680841445923
0.11131700128316879,0.6043052077293396,0.8796513676643372,-1.9776231050491333,-0.6206346750259399,2.2892661094665527,0.22765031456947327
0.11274172365665436,0.6055668592453003,0.879535436630249,-1.9758764505386353,-0.6212916374206543,2.2883381843566895,0.20594137907028198
0.11416203528642654,0.6068328022956848,0.8794254660606384,-1.9741264581680298,-0.6219533085823059,2.287407159805298,0.1842324584722519
0.11557754874229431,0.6081030368804932,0.8793217539787292,-1.9723730087280273,-0.6226186752319336,2.2864725589752197,0.1625235229730606
0.11698877066373825,0.6093771457672119,0.8792238235473633,-1.970616102218628,-0.6232885718345642,2.2855350971221924,0.14081460237503052
0.11839501559734344,0.6106549501419067,0.8791324496269226,-1.9688557386398315,-0.6239621639251709,2.2845935821533203,0.11910566687583923
0.1197962686419487,0.6119376420974731,0.8790478110313416,-1.9670919179916382,-0.6246413588523865,2.2836484909057617,0.09739673882722855
0.12119389325380325,0.6132243275642395,0.8789681792259216,-1.9653246402740479,-0.6253238916397095,2.282700538635254,0.07568781822919846
0.12258648127317429,0.6145152449607849,0.8788953423500061,-1.9635539054870605,-0.626011312007904,2.2817490100860596,0.05397888273000717
0.12397455424070358,0.6158104538917542,0.8788288235664368,-1.9617795944213867,-0.6267030239105225,2.2807936668395996,0.03226994723081589
0.12535879015922546,0.6171097755432129,0.8787675499916077,-1.960001826286316,-0.6273985505104065,2.2798354625701904,0.010561016388237476
0.12673762440681458,0.6184133887290955,0.8787133693695068,-1.9582207202911377,-0.6280989646911621,2.2788734436035156,-0.011147918179631233
0.12811177968978882,0.6197214126586914,0.8786658644676208,-1.9564357995986938,-0.6288039088249207,2.277907609939575,-0.032856833189725876
0.1294817477464676,0.6210336685180664,0.8786241412162781,-1.9546475410461426,-0.6295134425163269,2.2769384384155273,-0.054565783590078354
0.13084787130355835,0.62235027551651,0.8785879611968994,-1.9528557062149048,-0.6302269101142883,2.275965929031372,-0.07627468556165695
0.13220810890197754,0.6236710548400879,0.8785595893859863,-1.9510602951049805,-0.6309460997581482,2.274989366531372,-0.09798363596200943
0.13356447219848633,0.6249960660934448,0.8785367608070374,-1.9492614269256592,-0.6316688060760498,2.2740097045898438,-0.11969254910945892
0.13491663336753845,0.6263257265090942,0.8785201907157898,-1.9474589824676514,-0.6323963403701782,2.27302622795105,-0.1414014995098114
0.13626444339752197,0.6276597380638123,0.8785098195075989,-1.945652961730957,-0.633128821849823,2.2720391750335693,-0.1631104201078415
0.13760769367218018,0.6289979219436646,0.8785057067871094,-1.9438433647155762,-0.6338655948638916,2.2710487842559814,-0.1848193258047104
0.13894590735435486,0.6303406953811646,0.8785086274147034,-1.942030429840088,-0.6346064209938049,2.270054340362549,-0.20652827620506287
0.14028005301952362,0.6316877007484436,0.8785176873207092,-1.9402135610580444,-0.6353529691696167,2.2690563201904297,-0.22823722660541534
0.14161048829555511,0.6330392956733704,0.8785322904586792,-1.9383931159973145,-0.6361033320426941,2.268054962158203,-0.24994614720344543
0.14293557405471802,0.6343952417373657,0.8785542845726013,-1.9365692138671875,-0.6368590593338013,2.267049789428711,-0.27165505290031433
0.14425596594810486,0.6357561945915222,0.8785833120346069,-1.9347416162490845,-0.6376197934150696,2.266040086746216,-0.2933639883995056
0.14557282626628876,0.6371209025382996,0.878617525100708,-1.932910680770874,-0.6383842825889587,2.2650277614593506,-0.3150729238986969
0.146884948015213,0.6384903788566589,0.878658652305603,-1.9310755729675293,-0.6391544938087463,2.2640111446380615,-0.33678188920021057
0.14819234609603882,0.6398640871047974,0.8787065744400024,-1.9292373657226562,-0.6399288177490234,2.262990951538086,-0.35849079489707947
0.14949564635753632,0.6412426829338074,0.8787607550621033,-1.927394986152649,-0.6407083868980408,2.2619667053222656,-0.380199670791626
0.15079548954963684,0.6426252722740173,0.8788204789161682,-1.9255495071411133,-0.6414919495582581,2.260939598083496,-0.40190863609313965
0.15208987891674042,0.6440130472183228,0.878887951374054,-1.9236998558044434,-0.642281174659729,2.2599077224731445,-0.42361757159233093
0.15338073670864105,0.6454054713249207,0.8789613842964172,-1.921846628189087,-0.6430755257606506,2.2588722705841064,-0.44532647728919983
0.15466666221618652,0.6468020677566528,0.8790417909622192,-1.9199899435043335,-0.6438741087913513,2.257833242416382,-0.4670354127883911
0.15594889223575592,0.6482035517692566,0.8791281580924988,-1.9181294441223145,-0.6446778178215027,2.2567903995513916,-0.4887443780899048
0.1572258621454239,0.6496095061302185,0.8792220950126648,-1.9162652492523193,-0.6454868912696838,2.2557430267333984,-0.5104533433914185
0.15849964320659637,0.6510199308395386,0.8793214559555054,-1.9143972396850586,-0.6463005542755127,2.254692554473877,-0.5321621894836426
0.15976789593696594,0.6524355411529541,0.8794287443161011,-1.9125256538391113,-0.6471195816993713,2.2536373138427734,-0.5538711547851562
0.16103270649909973,0.6538555026054382,0.8795420527458191,-1.9106501340866089,-0.6479434967041016,2.2525787353515625,-0.5755800604820251
0.16229289770126343,0.6552805304527283,0.8796623349189758,-1.90877103805542,-0.6487729549407959,2.251516103744507,-0.597288966178894
0.16354922950267792,0.6567096710205078,0.8797888159751892,-1.9068881273269653,-0.6496067643165588,2.2504496574401855,-0.6189979314804077
0.1648009568452835,0.6581439971923828,0.8799225687980652,-1.9050015211105347,-0.650446355342865,2.2493789196014404,-0.6407068967819214
0.16604869067668915,0.6595832705497742,0.8800627589225769,-1.9031109809875488,-0.651291012763977,2.2483041286468506,-0.6624158024787903
0.1672924906015396,0.6610267758369446,0.8802093267440796,-1.901216745376587,-0.6521400213241577,2.247225761413574,-0.684124767780304
0.16853153705596924,0.6624754667282104,0.8803632259368896,-1.8993186950683594,-0.6529952883720398,2.246142864227295,-0.7058336734771729
0.16976667940616608,0.663928747177124,0.8805238008499146,-1.8974167108535767,-0.6538557410240173,2.24505615234375,-0.7275426387786865
0.1709975153207779,0.6653876304626465,0.8806912302970886,-1.8955110311508179,-0.6547214388847351,2.2439653873443604,-0.7492514848709106
0.17222407460212708,0.6668509244918823,0.8808656930923462,-1.8936012983322144,-0.6555925011634827,2.2428700923919678,-0.7709604501724243
0.17344628274440765,0.6683186888694763,0.8810471296310425,-1.8916882276535034,-0.6564686298370361,2.2417709827423096,-0.792669415473938
0.174664705991745,0.6697918176651001,0.8812352418899536,-1.8897708654403687,-0.6573501229286194,2.2406673431396484,-0.8143782615661621
0.17587947845458984,0.6712698340415955,0.8814297318458557,-1.8878495693206787,-0.6582369804382324,2.239560127258301,-0.8360872268676758
0.17708905041217804,0.6727527976036072,0.8816320896148682,-1.8859248161315918,-0.6591294407844543,2.23844838142395,-0.8577961921691895
0.1782950907945633,0.6742411255836487,0.8818411827087402,-1.883995771408081,-0.6600277423858643,2.2373321056365967,-0.8795051574707031
0.17949694395065308,0.6757340431213379,0.8820570707321167,-1.8820630311965942,-0.6609309315681458,2.2362122535705566,-0.901214063167572
0.18069511651992798,0.6772322058677673,0.8822795152664185,-1.8801262378692627,-0.6618402004241943,2.2350878715515137,-0.9229229092597961
0.181888610124588,0.6787351369857788,0.8825095891952515,-1.878185749053955,-0.6627547144889832,2.233959197998047,-0.9446319341659546
0.18307839334011078,0.680243730545044,0.8827465176582336,-1.8762409687042236,-0.6636746525764465,2.2328262329101562,-0.9663408398628235
0.18426388502120972,0.6817570924758911,0.882990837097168,-1.8742923736572266,-0.6646010279655457,2.2316887378692627,-0.9880496859550476
0.18544510006904602,0.683275580406189,0.8832424283027649,-1.8723399639129639,-0.6655327081680298,2.2305471897125244,-1.0097585916519165
0.18662294745445251,0.684799313545227,0.8835006356239319,-1.8703832626342773,-0.6664700508117676,2.229400873184204,-1.0314675569534302
0.18779611587524414,0.6863278746604919,0.883766233921051,-1.8684228658676147,-0.667413055896759,2.228250503540039,-1.0531765222549438
0.1889660805463791,0.6878620386123657,0.8840386271476746,-1.8664584159851074,-0.6683620810508728,2.22709584236145,-1.0748854875564575
0.19013099372386932,0.6894011497497559,0.8843189477920532,-1.864490032196045,-0.6693166494369507,2.2259364128112793,-1.0965943336486816
0.19129244983196259,0.6909458637237549,0.8846063613891602,-1.8625173568725586,-0.6702772378921509,2.2247722148895264,-1.1183032989501953
0.1924501210451126,0.692495584487915,0.8849005699157715,-1.8605408668518066,-0.6712437272071838,2.223604202270508,-1.1400121450424194
0.19360344111919403,0.694051206111908,0.8852026462554932,-1.8585600852966309,-0.6722161173820496,2.222431182861328,-1.161721110343933
0.1947547346353531,0.6956093907356262,0.8855092525482178,-1.8565759658813477,-0.6731917262077332,2.22125506401062,-1.1834300756454468
0.19590061902999878,0.6971756219863892,0.8858258128166199,-1.8545869588851929,-0.6741763353347778,2.2200729846954346,-1.2051390409469604
0.19704174995422363,0.698747456073761,0.8861504197120667,-1.852594017982483,-0.6751673817634583,2.218886137008667,-1.2268480062484741
0.19817882776260376,0.700324535369873,0.8864825963973999,-1.8505970239639282,-0.6761647462844849,2.2176945209503174,-1.2485569715499878
0.1993119716644287,0.7019069790840149,0.8868222236633301,-1.8485958576202393,-0.6771674156188965,2.2164981365203857,-1.270265817642212
0.20044149458408356,0.7034945487976074,0.8871690034866333,-1.8465907573699951,-0.6781768202781677,2.2152976989746094,-1.291974663734436
0.2015676498413086,0.7050880789756775,0.8875227570533752,-1.8445812463760376,-0.6791924238204956,2.214092493057251,-1.3136836290359497
0.2026892453432083,0.706686794757843,0.8878846764564514,-1.842567801475525,-0.6802137494087219,2.2128825187683105,-1.3353925943374634
0.20380675792694092,0.7082916498184204,0.888254702091217,-1.8405499458312988,-0.6812418103218079,2.211667060852051,-1.357101559638977
0.27513110637664795,0.6887304186820984,0.8091797232627869,-1.807680606842041,-0.6176053285598755,2.2237393856048584,-1.3751095533370972
0.3489440977573395,0.6744948029518127,0.727486789226532,-1.7733774185180664,-0.5540704727172852,2.231928825378418,-1.3931175470352173
0.42472702264785767,0.665378749370575,0.6434200406074524,-1.7375160455703735,-0.49034175276756287,2.2365033626556396,-1.411125659942627
0.501891016960144,0.6612640619277954,0.5572936534881592,-1.699954867362976,-0.4261258542537689,2.2376315593719482,-1.429133653640747
0.5798009634017944,0.6621047258377075,0.46943727135658264,-1.6605300903320312,-0.36111193895339966,2.2353975772857666,-1.4471416473388672
0.6578073501586914,0.6679172515869141,0.3801574409008026,-1.6190489530563354,-0.29495003819465637,2.2298052310943604,-1.4651496410369873
0.7352777123451233,0.6787828207015991,0.28967922925949097,-1.5752811431884766,-0.22722624242305756,2.220777988433838,-1.483157753944397
0.811627209186554,0.694859504699707,0.19808395206928253,-1.5289483070373535,-0.15743087232112885,2.208151340484619,-1.5011656284332275
0.8863435983657837,0.7164037823677063,0.10523658245801926,-1.4797053337097168,-0.08490722626447678,2.1916542053222656,-1.5191736221313477
0.959001362323761,0.7438129186630249,0.01069803349673748,-1.4271135330200195,-0.008777009323239326,2.170880079269409,-1.5371816158294678
1.0292658805847168,0.7776914834976196,-0.08640304207801819,-1.3706021308898926,0.0721869021654129,2.1452348232269287,-1.5551897287368774
1.0968914031982422,0.8189651370048523,-0.18759171664714813,-1.309399127960205,0.1597912609577179,2.1138405799865723,-1.5731977224349976
1.1616994142532349,0.8690983057022095,-0.29545584321022034,-1.242415189743042,0.25685784220695496,2.0753610134124756,-1.5912057161331177
1.2235565185546875,0.9305300712585449,-0.41456422209739685,-1.1680223941802979,0.3681839406490326,2.0276269912719727,-1.6092138290405273
1.2823113203048706,1.0077699422836304,-0.5537973046302795,-1.083578109741211,0.5029767155647278,1.9667340517044067,-1.6272218227386475
1.3376861810684204,1.1107351779937744,-0.7340703010559082,-0.9842257499694824,0.6828173995018005,1.8842053413391113,-1.6452298164367676
