1.4858825206756592,0.1225886419415474,-0.7225541472434998,-2.480469226837158,0.14946463704109192,2.567525625228882,-1.7149122953414917
1.4714289903640747,0.12316733598709106,-0.7150862216949463,-2.479011297225952,0.14880028367042542,2.567152500152588,-1.695592999458313
1.4568606615066528,0.12380224466323853,-0.7074915766716003,-2.477477550506592,0.14815519750118256,2.5667548179626465,-1.6762735843658447
1.4421888589859009,0.12449344992637634,-0.6997808218002319,-2.4758682250976562,0.14752906560897827,2.5663328170776367,-1.656954288482666
1.4274295568466187,0.1252409964799881,-0.6919695138931274,-2.4741835594177246,0.14692342281341553,2.565886974334717,-1.6376348733901978
1.4126062393188477,0.1260448545217514,-0.6840804815292358,-2.4724230766296387,0.14633958041667938,2.565416097640991,-1.6183154582977295
1.397731900215149,0.12690673768520355,-0.6761254072189331,-2.4705874919891357,0.14577805995941162,2.564920425415039,-1.5989961624145508
1.3828206062316895,0.12782692909240723,-0.668118417263031,-2.468676805496216,0.14523909986019135,2.5644001960754395,-1.579676866531372
1.3678874969482422,0.1288064867258072,-0.6600738763809204,-2.4666907787323,0.14472386240959167,2.563854694366455,-1.5603574514389038
1.3529510498046875,0.129844069480896,-0.6520093083381653,-2.464629888534546,0.14423348009586334,2.563284158706665,-1.541038155555725
1.338028073310852,0.13094152510166168,-0.6439410448074341,-2.462494134902954,0.14376890659332275,2.5626883506774902,-1.5217187404632568
1.3231314420700073,0.13209733366966248,-0.6358815431594849,-2.4602837562561035,0.14332962036132812,2.5620670318603516,-1.5023994445800781
1.3082716464996338,0.1333131492137909,-0.627840518951416,-2.457998275756836,0.14291773736476898,2.561420440673828,-1.4830800294876099
1.2934709787368774,0.1345900297164917,-0.6198400259017944,-2.455638885498047,0.14253365993499756,2.5607478618621826,-1.4637607336044312
1.2980133295059204,0.1370459496974945,-0.6224572658538818,-2.453063488006592,0.14545628428459167,2.559779167175293,-1.4416567087173462
1.3024531602859497,0.13950607180595398,-0.6249834895133972,-2.450479507446289,0.14837303757667542,2.5588016510009766,-1.4195526838302612
1.306792974472046,0.14197224378585815,-0.6274212598800659,-2.447887420654297,0.15128330886363983,2.5578155517578125,-1.3974486589431763
1.3110389709472656,0.14444342255592346,-0.6297770738601685,-2.445286750793457,0.154188334941864,2.556820869445801,-1.3753446340560913
1.3152005672454834,0.14691808819770813,-0.6320596933364868,-2.4426774978637695,0.1570875197649002,2.555816888809204,-1.3532406091690063
1.3192740678787231,0.14939849078655243,-0.6342659592628479,-2.4400596618652344,0.15998110175132751,2.554804563522339,-1.3311365842819214
1.3232669830322266,0.15188321471214294,-0.636403501033783,-2.4374332427978516,0.1628694236278534,2.553783655166626,-1.309032678604126
1.3271832466125488,0.154372438788414,-0.6384756565093994,-2.4347987174987793,0.1657516360282898,2.5527539253234863,-1.286928653717041
1.3310250043869019,0.15686750411987305,-0.6404848694801331,-2.4321553707122803,0.16862881183624268,2.55171537399292,-1.264824628829956
1.3347973823547363,0.15936625003814697,-0.6424364447593689,-2.429503917694092,0.17150013148784637,2.5506680011749268,-1.242720603942871
1.3385016918182373,0.16186927258968353,-0.644331157207489,-2.4268436431884766,0.17436660826206207,2.549612045288086,-1.2206165790557861
1.3421409130096436,0.16437861323356628,-0.6461726427078247,-2.424175262451172,0.17722733318805695,2.5485475063323975,-1.1985125541687012
1.3457143306732178,0.16688963770866394,-0.6479603052139282,-2.4214985370635986,0.18008080124855042,2.547473907470703,-1.1764085292816162
1.3492316007614136,0.16940797865390778,-0.6497031450271606,-2.4188132286071777,0.1829308718442917,2.546391725540161,-1.1543045043945312
1.352691650390625,0.1719302088022232,-0.6514003872871399,-2.4161195755004883,0.18577584624290466,2.5453009605407715,-1.1322004795074463
1.3560980558395386,0.17445717751979828,-0.6530551910400391,-2.413417339324951,0.1886160671710968,2.544201612472534,-1.1100964546203613
1.3594552278518677,0.17698907852172852,-0.6546724438667297,-2.4107069969177246,0.19145116209983826,2.543092727661133,-1.0879924297332764
1.3627586364746094,0.17952534556388855,-0.6562478542327881,-2.4079880714416504,0.19428107142448425,2.541975498199463,-1.0658884048461914
1.3660119771957397,0.18206647038459778,-0.6577844023704529,-2.4052610397338867,0.19710618257522583,2.5408501625061035,-1.0437843799591064
1.3692207336425781,0.18461263179779053,-0.6592880487442017,-2.4025254249572754,0.19992639124393463,2.539715528488159,-1.0216803550720215
1.3723864555358887,0.18716365098953247,-0.6607604026794434,-2.3997817039489746,0.2027423083782196,2.538571834564209,-0.9995763897895813
1.3755064010620117,0.18971896171569824,-0.6621983647346497,-2.397029399871826,0.2055531144142151,2.5374197959899902,-0.9774723649024963
1.3785840272903442,0.1922793984413147,-0.6636055707931519,-2.394268751144409,0.2083597332239151,2.536259174346924,-0.9553683996200562
1.3816224336624146,0.1948447972536087,-0.6649852395057678,-2.3914997577667236,0.21116183698177338,2.5350897312164307,-0.9332643151283264
1.3846218585968018,0.19741463661193848,-0.6663373708724976,-2.3887224197387695,0.21395890414714813,2.5339112281799316,-0.9111603498458862
1.3875832557678223,0.19999030232429504,-0.6676635146141052,-2.385936737060547,0.21675215661525726,2.532724380493164,-0.8890562653541565
1.3905103206634521,0.20256978273391724,-0.6689662337303162,-2.3831429481506348,0.21954068541526794,2.5315284729003906,-0.8669522404670715
1.393402099609375,0.2051544189453125,-0.6702459454536438,-2.380340576171875,0.22232507169246674,2.5303235054016113,-0.8448482751846313
1.3962589502334595,0.20774435997009277,-0.6715019345283508,-2.377530097961426,0.22510600090026855,2.5291101932525635,-0.8227442502975464
1.3990834951400757,0.21033881604671478,-0.6727373600006104,-2.374711036682129,0.22788158059120178,2.527888059616089,-0.8006402254104614
1.4018778800964355,0.2129388153553009,-0.6739541292190552,-2.3718838691711426,0.23065397143363953,2.5266566276550293,-0.7785362005233765
1.4046392440795898,0.21554355323314667,-0.6751496195793152,-2.3690481185913086,0.23342196643352509,2.5254170894622803,-0.7564321756362915
1.4073729515075684,0.2181532084941864,-0.6763289570808411,-2.366204261779785,0.23618640005588531,2.5241682529449463,-0.7343282103538513
1.4100779294967651,0.22076843678951263,-0.6774911284446716,-2.363352060317993,0.2389466017484665,2.5229103565216064,-0.7122241258621216
1.4127542972564697,0.22338825464248657,-0.6786362528800964,-2.3604915142059326,0.24170319736003876,2.521644115447998,-0.6901201009750366
1.4154052734375,0.22601357102394104,-0.679767906665802,-2.3576226234436035,0.24445636570453644,2.5203685760498047,-0.6680161952972412
1.4180265665054321,0.22864370048046112,-0.6808813810348511,-2.354745388031006,0.24720534682273865,2.519084930419922,-0.6459121108055115
1.4206256866455078,0.23127901554107666,-0.681984543800354,-2.3518600463867188,0.24995122849941254,2.517791748046875,-0.6238080859184265
1.4232004880905151,0.2339196503162384,-0.6830746531486511,-2.348966360092163,0.25269371271133423,2.5164895057678223,-0.6017041206359863
1.4257498979568481,0.23656566441059113,-0.6841512322425842,-2.3460640907287598,0.255432665348053,2.515178680419922,-0.5796000957489014
1.428275227546692,0.23921740055084229,-0.685215413570404,-2.343153715133667,0.2581675946712494,2.513859272003174,-0.5574960112571716
1.4307790994644165,0.24187323451042175,-0.6862698197364807,-2.3402349948883057,0.2609003782272339,2.512530565261841,-0.5353921055793762
1.433261513710022,0.24453547596931458,-0.6873143911361694,-2.337307929992676,0.26362958550453186,2.511192798614502,-0.5132880210876465
1.4357223510742188,0.2472030073404312,-0.6883494257926941,-2.3343725204467773,0.266355961561203,2.5098462104797363,-0.4911839962005615
1.4381600618362427,0.24987564980983734,-0.6893726587295532,-2.3314290046691895,0.26907867193222046,2.508491039276123,-0.4690799415111542
1.4405806064605713,0.2525537312030792,-0.690390408039093,-2.328476905822754,0.27179890871047974,2.5071263313293457,-0.4469760060310364
1.4429787397384644,0.2552381157875061,-0.6913976669311523,-2.3255162239074707,0.27451545000076294,2.5057532787323,-0.42487195134162903
1.445359230041504,0.25792714953422546,-0.692399263381958,-2.322547674179077,0.2772301137447357,2.5043704509735107,-0.4027678966522217
1.4477192163467407,0.2606223523616791,-0.6933916807174683,-2.319570541381836,0.2799411118030548,2.502979278564453,-0.3806639313697815
1.450063705444336,0.2633224129676819,-0.6943807601928711,-2.316585063934326,0.28265026211738586,2.5015785694122314,-0.3585599362850189
1.4523886442184448,0.26602885127067566,-0.6953617930412292,-2.313591480255127,0.2853565812110901,2.500168800354004,-0.3364558815956116
1.4546972513198853,0.2687407433986664,-0.6963384747505188,-2.31058931350708,0.28806072473526,2.4987502098083496,-0.3143518269062042
1.4569882154464722,0.2714584171772003,-0.6973093152046204,-2.3075790405273438,0.2907622456550598,2.4973223209381104,-0.29224786162376404
1.459263801574707,0.2741817235946655,-0.6982765197753906,-2.3045601844787598,0.29346150159835815,2.4958853721618652,-0.2701438069343567
1.461520791053772,0.2769114077091217,-0.6992369294166565,-2.301532745361328,0.2961580753326416,2.4944396018981934,-0.24803981184959412
1.463762640953064,0.27964600920677185,-0.7001941800117493,-2.298497200012207,0.29885321855545044,2.4929847717285156,-0.22593584656715393
1.4659913778305054,0.2823870778083801,-0.7011502385139465,-2.2954533100128174,0.3015459477901459,2.4915199279785156,-0.20383179187774658
1.4682037830352783,0.28513410687446594,-0.7021015882492065,-2.29240083694458,0.3042367696762085,2.490046262741089,-0.18172773718833923
1.4704015254974365,0.2878871560096741,-0.703050434589386,-2.289340019226074,0.306925505399704,2.4885635375976562,-0.15962377190589905
1.4725831747055054,0.29064619541168213,-0.703995406627655,-2.2862708568573,0.3096121549606323,2.4870717525482178,-0.1375197172164917
1.4747531414031982,0.29341113567352295,-0.704940140247345,-2.283193349838257,0.3122975826263428,2.4855704307556152,-0.11541572213172913
1.4769080877304077,0.2961824834346771,-0.70588219165802,-2.280107021331787,0.3149811923503876,2.4840598106384277,-0.09331165999174118
1.4790494441986084,0.2989600598812103,-0.7068225145339966,-2.277012586593628,0.3176631033420563,2.4825398921966553,-0.07120770215988159
1.481177806854248,0.30174368619918823,-0.7077621817588806,-2.273909568786621,0.3203434944152832,2.481010675430298,-0.04910364747047424
1.4832934141159058,0.3045336604118347,-0.7087007761001587,-2.2707979679107666,0.3230222463607788,2.4794721603393555,-0.026999646797776222
1.4853953123092651,0.30732962489128113,-0.7096378207206726,-2.2676782608032227,0.3256996273994446,2.477924346923828,-0.004895632155239582
1.4874863624572754,0.31013208627700806,-0.7105761170387268,-2.264549732208252,0.3283759355545044,2.4763669967651367,0.017208470031619072
1.489565372467041,0.3129413425922394,-0.711514413356781,-2.2614128589630127,0.3310514986515045,2.4748001098632812,0.03931242600083351
1.4916317462921143,0.315756231546402,-0.7124521732330322,-2.258267402648926,0.3337251842021942,2.4732236862182617,0.0614163801074028
1.4936861991882324,0.3185783922672272,-0.7133905291557312,-2.255113363265991,0.3363990783691406,2.4716379642486572,0.08352048695087433
1.495728850364685,0.3214070796966553,-0.7143290638923645,-2.251950979232788,0.33907103538513184,2.4700429439544678,0.10562443733215332
1.4977610111236572,0.3242420256137848,-0.7152692675590515,-2.248779773712158,0.3417423367500305,2.468437910079956,0.1277283877134323
1.4997813701629639,0.32708385586738586,-0.7162100076675415,-2.2456002235412598,0.3444131016731262,2.4668235778808594,0.1498325616121292
1.5017919540405273,0.32993245124816895,-0.7171534299850464,-2.2424120903015137,0.34708312153816223,2.4651994705200195,0.1719365119934082
1.5037909746170044,0.33278802037239075,-0.718097448348999,-2.239215135574341,0.34975290298461914,2.4635658264160156,0.1940404623746872
1.5057791471481323,0.33565056324005127,-0.7190430164337158,-2.2360095977783203,0.35242199897766113,2.4619226455688477,0.21614457666873932
1.507758378982544,0.33851924538612366,-0.71999192237854,-2.2327957153320312,0.3550908863544464,2.4602694511413574,0.2382485270500183
1.5097267627716064,0.34139540791511536,-0.7209424376487732,-2.2295730113983154,0.35775941610336304,2.4586069583892822,0.2603524923324585
1.5116838216781616,0.34427863359451294,-0.7218942046165466,-2.226341724395752,0.36042773723602295,2.456934690475464,0.282456636428833
1.513634204864502,0.3471686542034149,-0.7228519320487976,-2.2231016159057617,0.3630962371826172,2.455251932144165,0.3045606017112732
1.5155729055404663,0.35006585717201233,-0.7238101363182068,-2.219852924346924,0.3657647371292114,2.4535598754882812,0.3266645669937134
1.5175029039382935,0.3529702126979828,-0.7247724533081055,-2.21659517288208,0.36843356490135193,2.451857566833496,0.3487686514854431
1.519423484802246,0.3558821678161621,-0.725737988948822,-2.2133288383483887,0.37110263109207153,2.450145721435547,0.3708726167678833
1.5213338136672974,0.35880139470100403,-0.7267056703567505,-2.2100539207458496,0.37377119064331055,2.4484241008758545,0.3929765820503235
1.5232356786727905,0.36172714829444885,-0.7276777029037476,-2.206770420074463,0.37644049525260925,2.44669246673584,0.415080726146698
1.5251299142837524,0.3646608889102936,-0.728654682636261,-2.2034778594970703,0.3791106641292572,2.4449503421783447,0.4371846914291382
1.5270144939422607,0.36760228872299194,-0.7296350002288818,-2.200176239013672,0.3817816376686096,2.4431982040405273,0.4592887759208679
1.5288903713226318,0.37055104970932007,-0.7306193113327026,-2.196866035461426,0.3844529092311859,2.441436290740967,0.4813927412033081
1.5307574272155762,0.3735077381134033,-0.7316079139709473,-2.193547010421753,0.3871254026889801,2.439664363861084,0.5034967064857483
1.532616376876831,0.3764718174934387,-0.73260098695755,-2.190218925476074,0.38979849219322205,2.4378819465637207,0.5256008505821228
1.5344679355621338,0.37944379448890686,-0.7335996627807617,-2.1868820190429688,0.39247289299964905,2.436089277267456,0.547704815864563
1.5363109111785889,0.3824234902858734,-0.7346028089523315,-2.1835365295410156,0.39514830708503723,2.43428635597229,0.5698087215423584
1.5381457805633545,0.3854110836982727,-0.7356110215187073,-2.1801815032958984,0.3978251814842224,2.4324731826782227,0.5919129252433777
1.5399729013442993,0.38840657472610474,-0.736624538898468,-2.1768176555633545,0.40050360560417175,2.430649518966675,0.6140168309211731
1.5417920351028442,0.3914104402065277,-0.7376431822776794,-2.1734447479248047,0.4031829237937927,2.4288156032562256,0.6361208558082581
1.543603539466858,0.39442211389541626,-0.7386690974235535,-2.170063018798828,0.40586408972740173,2.426971435546875,0.6582249402999878
1.5454081296920776,0.3974419832229614,-0.73969966173172,-2.1666722297668457,0.4085475504398346,2.4251160621643066,0.6803288459777832
1.5472040176391602,0.4004702866077423,-0.7407349348068237,-2.1632723808288574,0.41123226284980774,2.423250913619995,0.7024328708648682
1.5489951372146606,0.403506338596344,-0.7417784333229065,-2.159862995147705,0.41391924023628235,2.4213743209838867,0.7245369553565979
1.5507766008377075,0.4065513014793396,-0.7428261637687683,-2.156445026397705,0.4166082441806793,2.419487476348877,0.7466408610343933
1.5525513887405396,0.4096047580242157,-0.7438803911209106,-2.153017520904541,0.41929891705513,2.4175901412963867,0.7687448859214783
1.554318904876709,0.41266652941703796,-0.7449411749839783,-2.149580955505371,0.4219922721385956,2.415682315826416,0.790848970413208
1.5560799837112427,0.41573724150657654,-0.7460088133811951,-2.1461353302001953,0.42468786239624023,2.4137630462646484,0.812952995300293
1.557834267616272,0.41881635785102844,-0.7470835447311401,-2.1426801681518555,0.42738649249076843,2.4118330478668213,0.8350570797920227
1.5595802068710327,0.421904593706131,-0.748163640499115,-2.1392154693603516,0.43008729815483093,2.4098925590515137,0.8571609854698181
1.5613211393356323,0.4250015616416931,-0.7492524981498718,-2.135741949081421,0.4327908754348755,2.407940626144409,0.8792650103569031
1.5630548000335693,0.42810729146003723,-0.750347912311554,-2.132258892059326,0.4354976415634155,2.405977725982666,0.9013690948486328
1.564781904220581,0.43122223019599915,-0.7514509558677673,-2.1287665367126465,0.4382074177265167,2.404003620147705,0.9234731197357178
1.566501498222351,0.4343463182449341,-0.7525604367256165,-2.1252646446228027,0.44092032313346863,2.4020190238952637,0.9455770254135132
1.5682166814804077,0.4374798536300659,-0.753679633140564,-2.121753215789795,0.4436369240283966,2.400022268295288,0.9676811099052429
1.5699247121810913,0.4406217634677887,-0.7548056840896606,-2.118232488632202,0.4463560879230499,2.398014545440674,0.9897851347923279
1.5716261863708496,0.44377395510673523,-0.7559396624565125,-2.114701986312866,0.44907939434051514,2.395995616912842,1.0118889808654785
1.5733208656311035,0.4469357132911682,-0.757081151008606,-2.1111621856689453,0.45180603861808777,2.393965482711792,1.0339932441711426
1.5750094652175903,0.45010679960250854,-0.7582307457923889,-2.1076126098632812,0.45453688502311707,2.391923666000366,1.056097149848938
1.5766922235488892,0.453287273645401,-0.7593890428543091,-2.104053497314453,0.45727115869522095,2.3898706436157227,1.078201174736023
1.5783692598342896,0.45647767186164856,-0.7605565190315247,-2.1004843711853027,0.4600103199481964,2.387805223464966,1.1003053188323975
1.5800405740737915,0.4596782624721527,-0.7617327570915222,-2.0969059467315674,0.4627535343170166,2.385728359222412,1.1224091053009033
1.5817060470581055,0.46288830041885376,-0.7629178762435913,-2.093317747116089,0.4655005931854248,2.3836398124694824,1.1445131301879883
1.5833646059036255,0.46610862016677856,-0.7641109228134155,-2.089719772338867,0.46825292706489563,2.381539821624756,1.1666172742843628
1.5850149393081665,0.46933791041374207,-0.7653104662895203,-2.0861120223999023,0.4710072875022888,2.3794283866882324,1.1887212991714478
1.5866621732711792,0.47257891297340393,-0.7665223479270935,-2.082494020462036,0.47376880049705505,2.3773045539855957,1.2108252048492432
1.5883058309555054,0.47583016753196716,-0.7677457332611084,-2.0788662433624268,0.47653597593307495,2.3751676082611084,1.2329293489456177
1.5899419784545898,0.479092001914978,-0.7689768075942993,-2.075228691101074,0.4793080985546112,2.373019218444824,1.255033254623413
1.5915729999542236,0.4823642671108246,-0.7702179551124573,-2.0715808868408203,0.4820860028266907,2.370858669281006,1.2771373987197876
1.5931973457336426,0.48564738035202026,-0.7714681625366211,-2.067923069000244,0.48486781120300293,2.3686861991882324,1.2992414236068726
1.5948177576065063,0.4889410138130188,-0.772729754447937,-2.0642552375793457,0.48765644431114197,2.3665003776550293,1.321345329284668
1.5964323282241821,0.49224579334259033,-0.7740011811256409,-2.060576915740967,0.490450918674469,2.364302635192871,1.3434494733810425
1.598040223121643,0.49556174874305725,-0.7752817869186401,-2.0568888187408447,0.49325042963027954,2.3620924949645996,1.3655534982681274
1.5996443033218384,0.4988885521888733,-0.7765744924545288,-2.0531907081604004,0.49605727195739746,2.3598694801330566,1.3876572847366333
1.6012420654296875,0.5022268295288086,-0.7778770327568054,-2.0494816303253174,0.4988695979118347,2.3576338291168213,1.4097614288330078
1.6028343439102173,0.5055760741233826,-0.7791898250579834,-2.045762538909912,0.5016881227493286,2.3553857803344727,1.4318654537200928
1.5570112466812134,0.5501223802566528,-0.7725666761398315,-1.9822310209274292,0.5238874554634094,2.3241095542907715,1.4048281908035278
1.5174884796142578,0.5989987850189209,-0.7739017605781555,-1.9147781133651733,0.5508398413658142,2.289139747619629,1.3777910470962524
1.4834728240966797,0.652807354927063,-0.7834184765815735,-1.842978596687317,0.583401620388031,2.249871015548706,1.3507537841796875
1.4542516469955444,0.7124642133712769,-0.8018313646316528,-1.7662551403045654,0.6228623986244202,2.205446720123291,1.3237165212631226
1.4291821718215942,0.7793795466423035,-0.8306211233139038,-1.68381667137146,0.6712397933006287,2.1546072959899902,1.2966792583465576
1.4076679944992065,0.8558215498924255,-0.8725956082344055,-1.59454345703125,0.7318837642669678,2.095370292663574,1.2696421146392822
1.3891112804412842,0.9457530975341797,-0.9332015514373779,-1.4967923164367676,0.8108812570571899,2.0243213176727295,1.2426048517227173
1.422435998916626,0.9183716773986816,-0.960752546787262,-1.576897144317627,0.8227792978286743,2.0475878715515137,1.2245882749557495
1.4547522068023682,0.8951199650764465,-0.990387499332428,-1.6509997844696045,0.836391031742096,2.0675930976867676,1.2065716981887817
1.48591148853302,0.8752438426017761,-1.0212866067886353,-1.7201162576675415,0.8509403467178345,2.084968090057373,1.1885552406311035
1.5157580375671387,0.8581857085227966,-1.0528883934020996,-1.784977912902832,0.8659140467643738,2.1001780033111572,1.1705386638641357
1.5441267490386963,0.8434959053993225,-1.0847727060317993,-1.846130609512329,0.8809384107589722,2.113591194152832,1.152522087097168
1.5708564519882202,0.8308120369911194,-1.116626262664795,-1.9039874076843262,0.8957443237304688,2.125502586364746,1.1345055103302002
1.526402235031128,0.7354528903961182,-1.0674934387207031,-1.9720098972320557,0.8128934502601624,2.198756456375122,1.1205196380615234
1.4774525165557861,0.6520695090293884,-1.0263653993606567,-2.034176826477051,0.7382321953773499,2.2606475353240967,1.1065337657928467
1.4233523607254028,0.5778089761734009,-0.9897322654724121,-2.0907700061798096,0.668549120426178,2.313638210296631,1.09254789352417
1.3630799055099487,0.510941207408905,-0.9547762274742126,-2.141951084136963,0.6018341183662415,2.359236240386963,1.0785620212554932
1.2951390743255615,0.4503633677959442,-0.9187572598457336,-2.187790870666504,0.5367582440376282,2.398430824279785,1.0645761489868164
1.2173688411712646,0.395376056432724,-0.8785704970359802,-2.228294849395752,0.47241902351379395,2.4319088459014893,1.05059015750885
1.1266885995864868,0.3455861210823059,-0.8303487300872803,-2.2634191513061523,0.4082115590572357,2.4601612091064453,1.036604404449463
1.018763780593872,0.30089494585990906,-0.7690544724464417,-2.2930874824523926,0.34375688433647156,2.483548164367676,1.0226184129714966
0.8877313137054443,0.26153701543807983,-0.6881412267684937,-2.3172080516815186,0.27885380387306213,2.5023386478424072,1.0086326599121094
0.726387619972229,0.2281891107559204,-0.5797169804573059,-2.3356852531433105,0.21344782412052155,2.5167348384857178,0.9946467280387878
0.5279574990272522,0.2020803540945053,-0.43629664182662964,-2.3484325408935547,0.14760181307792664,2.5268845558166504,0.9806608557701111
0.6584326028823853,0.20736543834209442,-0.5664324164390564,-2.35986328125,0.1927327960729599,2.526785373687744,0.9487385749816895
0.7802675366401672,0.21609938144683838,-0.6877627968788147,-2.3708579540252686,0.23778630793094635,2.525484561920166,0.9168162941932678
0.8912412524223328,0.22796081006526947,-0.7981050610542297,-2.3814244270324707,0.282787948846817,2.5229601860046387,0.8848940134048462
0.9904744625091553,0.24261443316936493,-0.8966175317764282,-2.3915717601776123,0.32776275277137756,2.519181728363037,0.8529717326164246
1.0781269073486328,0.2597542107105255,-0.9834979772567749,-2.4013073444366455,0.37273621559143066,2.514103412628174,0.8210495114326477
1.1549817323684692,0.2791324555873871,-1.0595664978027344,-2.4106409549713135,0.4177347421646118,2.5076708793640137,0.7891272306442261
1.2221407890319824,0.3005687892436981,-1.1259630918502808,-2.419581413269043,0.4627854824066162,2.499809741973877,0.7572049498558044
1.2807698249816895,0.3239535987377167,-1.183892011642456,-2.428138494491577,0.5079193115234375,2.4904327392578125,0.7252826690673828
1.3319902420043945,0.3492428958415985,-1.2345149517059326,-2.43632173538208,0.5531703233718872,2.479431390762329,0.6933603882789612
1.3768128156661987,0.3764549791812897,-1.2788841724395752,-2.4441416263580322,0.598577082157135,2.4666738510131836,0.6614381074905396
1.4161187410354614,0.40566837787628174,-1.3179271221160889,-2.451608657836914,0.6441864371299744,2.4519991874694824,0.6295158863067627
1.4506500959396362,0.4370203912258148,-1.352432370185852,-2.458733081817627,0.6900525093078613,2.435215473175049,0.5975936055183411
1.4810400009155273,0.4707135856151581,-1.3830883502960205,-2.4655261039733887,0.7362421154975891,2.4160852432250977,0.5656713247299194
1.707260012626648,0.48469460010528564,-1.557791829109192,-2.5833702087402344,0.7879467010498047,2.4244847297668457,0.567349374294281
1.9254064559936523,0.5290594100952148,-1.7157702445983887,-2.695800304412842,0.8508164286613464,2.4150471687316895,0.5690274238586426
1.8973934650421143,0.5064370036125183,-1.734968900680542,-2.704836368560791,0.8253646492958069,2.432349681854248,0.5428245663642883
1.8653374910354614,0.48451724648475647,-1.7516872882843018,-2.7111072540283203,0.7995072603225708,2.4483766555786133,0.5166216492652893
1.8288064002990723,0.46333634853363037,-1.7651681900024414,-2.714555025100708,0.7734981179237366,2.4630322456359863,0.49041876196861267
1.787337303161621,0.4429391920566559,-1.7746021747589111,-2.7151384353637695,0.7476149797439575,2.4762320518493652,0.46421587467193604
1.7404444217681885,0.4233871400356293,-1.7791463136672974,-2.712833881378174,0.7221487760543823,2.4879045486450195,0.4380130171775818
1.6876245737075806,0.4047682583332062,-1.7779433727264404,-2.7076363563537598,0.6973943710327148,2.497988224029541,0.41181012988090515
1.6283785104751587,0.38720694184303284,-1.770153522491455,-2.6995601654052734,0.6736403703689575,2.506434440612793,0.3856072425842285
1.5622354745864868,0.37086984515190125,-1.7549898624420166,-2.688636541366577,0.6511589884757996,2.51320481300354,0.3594043552875519
1.4888041019439697,0.3559761047363281,-1.7317814826965332,-2.6749112606048584,0.6301995515823364,2.5182695388793945,0.33320146799087524
1.4078468084335327,0.3427944481372833,-1.7000532150268555,-2.658442974090576,0.6109812259674072,2.5216073989868164,0.3069985806941986
1.3193821907043457,0.33164265751838684,-1.6596323251724243,-2.639298439025879,0.5936926603317261,2.523202419281006,0.280795693397522
1.2238025665283203,0.3228731155395508,-1.6107686758041382,-2.617551326751709,0.5784868001937866,2.5230445861816406,0.2545928359031677
1.1219964027404785,0.31685593724250793,-1.5542562007904053,-2.5932765007019043,0.5654866695404053,2.521125316619873,0.2283899486064911
1.0154035091400146,0.31394755840301514,-1.4914867877960205,-2.5665481090545654,0.5547849535942078,2.5174384117126465,0.20218704640865326
0.9059975147247314,0.31445860862731934,-1.4244288206100464,-2.5374369621276855,0.5464513897895813,2.5119736194610596,0.175984188914299
0.7961068153381348,0.318621426820755,-1.355445384979248,-2.5060062408447266,0.5405356884002686,2.5047199726104736,0.14978128671646118
0.6881641745567322,0.3265725374221802,-1.287039041519165,-2.4723105430603027,0.5370756387710571,2.495659351348877,0.12357842177152634
0.5844036340713501,0.33834943175315857,-1.2215473651885986,-2.4363934993743896,0.5361020565032959,2.484764337539673,0.09737551957368851
0.4866126775741577,0.35390567779541016,-1.160890817642212,-2.3982858657836914,0.5376455783843994,2.4719972610473633,0.07117266207933426
0.3960074782371521,0.3731416165828705,-1.1064488887786865,-2.358003616333008,0.5417463183403015,2.4573051929473877,0.04496975615620613
0.31323105096817017,0.3959360122680664,-1.059055209159851,-2.3155457973480225,0.5484558343887329,2.440617799758911,0.018766894936561584
0.23844198882579803,0.4221787452697754,-1.0190938711166382,-2.2708933353424072,0.5578514337539673,2.421841859817505,-0.007436007261276245
0.17144250869750977,0.4517979025840759,-0.9866291284561157,-2.224006175994873,0.5700430274009705,2.400855302810669,-0.03363886848092079
0.11179978400468826,0.4847783148288727,-0.9615350961685181,-2.1748204231262207,0.585184633731842,2.3775014877319336,-0.05984177067875862
0.05895673483610153,0.5211829543113708,-0.9436198472976685,-2.1232447624206543,0.6034945845603943,2.351576328277588,-0.08604463189840317
0.012300439178943634,0.5611689686775208,-0.9327133893966675,-2.069155693054199,0.6252743601799011,2.322817087173462,-0.112247534096241
0.09147290885448456,0.6623690128326416,-0.9923619031906128,-1.991714596748352,0.7240598797798157,2.2511520385742188,-0.10933554917573929
0.1606873869895935,0.7818257212638855,-1.0608773231506348,-1.9042776823043823,0.8339419960975647,2.161863327026367,-0.10642356425523758
0.11214961856603622,0.7384039759635925,-1.0016125440597534,-1.9010210037231445,0.7723699808120728,2.193173885345459,-0.106142558157444
0.060925040394067764,0.7002325057983398,-0.9414127469062805,-1.8973079919815063,0.7128062844276428,2.2199952602386475,-0.10586155205965042
0.006971084047108889,0.6666283011436462,-0.8798549771308899,-1.8931258916854858,0.6548117399215698,2.242997646331787,-0.10558054596185684
-0.049737293273210526,0.6371006369590759,-0.816624641418457,-1.8884625434875488,0.5980562567710876,2.262685775756836,-0.10529953986406326
-0.10918988287448883,0.6112943291664124,-0.7515024542808533,-1.883305549621582,0.542286217212677,2.2794439792633057,-0.10501853376626968
-0.17133335769176483,0.5889514684677124,-0.684353232383728,-1.8776434659957886,0.4872952997684479,2.2935736179351807,-0.1047375276684761
-0.23606033623218536,0.5698882937431335,-0.6151248812675476,-1.871464490890503,0.432912141084671,2.305311918258667,-0.10445652902126312
-0.3031909167766571,0.5539755821228027,-0.5438588261604309,-1.8647569417953491,0.3789946436882019,2.3148422241210938,-0.10417552292346954
-0.37247946858406067,0.5411251783370972,-0.4706765115261078,-1.857509732246399,0.32541587948799133,2.3223111629486084,-0.10389450937509537
-0.4436032772064209,0.5312782526016235,-0.3957863450050354,-1.8497118949890137,0.27206242084503174,2.3278300762176514,-0.10361351072788239
-0.51617032289505,0.5243979692459106,-0.31947317719459534,-1.841352105140686,0.21882979571819305,2.331481695175171,-0.1033325046300888
-0.589731752872467,0.520460844039917,-0.242081418633461,-1.8324191570281982,0.16561737656593323,2.3333253860473633,-0.10305149853229523
-0.663794219493866,0.5194535851478577,-0.16400162875652313,-1.8229025602340698,0.1123276874423027,2.3333964347839355,-0.10277049243450165
-0.7378475666046143,0.5213691592216492,-0.08563945442438126,-1.8127914667129517,0.058859918266534805,2.3317105770111084,-0.10248948633670807
-0.8113828897476196,0.5262052416801453,-0.007395911496132612,-1.8020740747451782,0.005112431012094021,2.328260898590088,-0.10220848023891449
-0.8839208483695984,0.5339676141738892,0.07036396116018295,-1.7907392978668213,-0.0490255281329155,2.32302188873291,-0.10192747414112091
-0.9550285935401917,0.5446686148643494,0.1473304033279419,-1.778775691986084,-0.10367170721292496,2.315945625305176,-0.10164646804332733
-1.024336814880371,0.5583358407020569,0.22326971590518951,-1.7661715745925903,-0.15896080434322357,2.306960105895996,-0.10136546194553375
-1.091548204421997,0.5750173926353455,0.29803693294525146,-1.7529139518737793,-0.21504347026348114,2.295966148376465,-0.10108445584774017
-1.1564385890960693,0.594789445400238,0.3715817630290985,-1.738990306854248,-0.27209484577178955,2.2828369140625,-0.1008034497499466
-1.2188575267791748,0.6177655458450317,0.44395723938941956,-1.7243869304656982,-0.33032235503196716,2.267404079437256,-0.10052244365215302
-1.278716802597046,0.644111692905426,0.5153163075447083,-1.7090890407562256,-0.38997510075569153,2.249455451965332,-0.10024143755435944
-1.335981011390686,0.6740619540214539,0.5859174728393555,-1.693081259727478,-0.4513595998287201,2.2287209033966064,-0.09996043145656586
-1.3906614780426025,0.7079417109489441,0.6561385989189148,-1.676346778869629,-0.5148625373840332,2.204850196838379,-0.09967943280935287
-1.442798137664795,0.746202826499939,0.7264893651008606,-1.658867359161377,-0.5809823870658875,2.177386522293091,-0.0993984192609787
-1.492448329925537,0.7894772887229919,0.7976478934288025,-1.6406223773956299,-0.6503822207450867,2.145721197128296,-0.09911742061376572
-1.5396770238876343,0.8386650681495667,0.8705342411994934,-1.621590495109558,-0.7239794135093689,2.1090147495269775,-0.09883641451597214
-1.584538221359253,0.8950992226600647,0.9464426636695862,-1.6017467975616455,-0.8031114339828491,2.066056251525879,-0.09855540841817856
-1.6270517110824585,0.9608629941940308,1.0273182392120361,-1.581063985824585,-0.8898594379425049,2.0149900913238525,-0.09827440232038498
-1.6671652793884277,1.0395252704620361,1.1164159774780273,-1.5595107078552246,-0.9878033399581909,1.9526774883270264,-0.0979933962225914
-1.7046178579330444,1.1382369995117188,1.220170497894287,-1.537052869796753,-1.1041984558105469,1.872900128364563,-0.09771239012479782
-1.651161789894104,1.0041145086288452,1.0866731405258179,-1.5826780796051025,-0.9516551494598389,1.9812520742416382,-0.1277536153793335
-1.5930317640304565,0.9023396968841553,0.9788099527359009,-1.6253578662872314,-0.8305163383483887,2.0612897872924805,-0.15779484808444977
-1.530503749847412,0.819451630115509,0.8834719061851501,-1.665336012840271,-0.7263672351837158,2.1247122287750244,-0.18783606588840485
-1.4634145498275757,0.7495972514152527,0.7946692705154419,-1.7028048038482666,-0.6329420208930969,2.1766786575317383,-0.21787729859352112
-1.3914239406585693,0.6896339654922485,0.7088935375213623,-1.7379175424575806,-0.5468395352363586,2.220025062561035,-0.2479185163974762
-1.3141093254089355,0.637690544128418,0.6237696409225464,-1.7707974910736084,-0.46597203612327576,2.256505012512207,-0.2779597342014313
-1.2310186624526978,0.5925942659378052,0.5375375151634216,-1.8015449047088623,-0.38894927501678467,2.2872889041900635,-0.30800098180770874
-1.1417326927185059,0.5536104440689087,0.4488474726676941,-1.8302401304244995,-0.31479108333587646,2.3131911754608154,-0.3380421996116638
-1.0459349155426025,0.5202959775924683,0.35668787360191345,-1.8569495677947998,-0.24277761578559875,2.3347971439361572,-0.3680834472179413
-0.9435011744499207,0.4924173057079315,0.26039329171180725,-1.8817267417907715,-0.17235761880874634,2.3525309562683105,-0.398124635219574
-0.8346095681190491,0.4698934555053711,0.1597047597169876,-1.904616117477417,-0.10310070216655731,2.366697311401367,-0.42816588282585144
-0.7198352217674255,0.45274776220321655,0.054830677807331085,-1.9256535768508911,-0.03465619683265686,2.3775100708007812,-0.45820707082748413
-0.6002207398414612,0.4410642981529236,-0.05350397899746895,-1.9448692798614502,0.03326799347996712,2.3851046562194824,-0.4882483184337616
-0.5690233111381531,0.4011855125427246,-0.057313334196805954,-2.0102219581604004,0.033510494977235794,2.4105379581451416,-0.48803097009658813
-0.53190678358078,0.3632854223251343,-0.06575103849172592,-2.071695327758789,0.035924579948186874,2.4339439868927,-0.4878136217594147
-0.48756173253059387,0.32727617025375366,-0.07992313802242279,-2.1295433044433594,0.04052063450217247,2.4554450511932373,-0.4875962436199188
-0.4342423975467682,0.29314786195755005,-0.10139425843954086,-2.183943748474121,0.04733062535524368,2.475125789642334,-0.48737889528274536
-0.36960357427597046,0.2609769403934479,-0.1323491334915161,-2.235013961791992,0.056400854140520096,2.4930436611175537,-0.4871615469455719
-0.29049667716026306,0.2309446483850479,-0.17579607665538788,-2.2828211784362793,0.06778264045715332,2.509232997894287,-0.48694416880607605
-0.19277338683605194,0.20336933434009552,-0.23576664924621582,-2.327390670776367,0.08152849227190018,2.5237112045288086,-0.4867268204689026
-0.19842731952667236,0.20898881554603577,-0.22839947044849396,-2.3186795711517334,0.0808507427573204,2.520843982696533,-0.5075724124908447
-0.20379061996936798,0.21462084352970123,-0.2213401347398758,-2.309933662414551,0.08014846593141556,2.517948627471924,-0.5284180045127869
-0.20888543128967285,0.22026486694812775,-0.21456581354141235,-2.3011529445648193,0.07942139357328415,2.5150246620178223,-0.549263596534729
-0.21373288333415985,0.2259223312139511,-0.20805497467517853,-2.2923367023468018,0.0786702036857605,2.5120720863342285,-0.5701091289520264
-0.21835343539714813,0.23159214854240417,-0.20178677141666412,-2.283484697341919,0.0778944194316864,2.509091377258301,-0.5909547209739685
-0.22276310622692108,0.2372744232416153,-0.19574467837810516,-2.2745962142944336,0.07709496468305588,2.50608229637146,-0.6118003129959106
-0.2269773781299591,0.24296948313713074,-0.18991272151470184,-2.2656705379486084,0.07627149671316147,2.5030441284179688,-0.6326459050178528
-0.23101158440113068,0.2486772984266281,-0.18427513539791107,-2.2567076683044434,0.07542438805103302,2.4999775886535645,-0.6534914970397949
-0.23487870395183563,0.2543991506099701,-0.17881856858730316,-2.247706890106201,0.07455340772867203,2.496882200241089,-0.6743370890617371
-0.23858949542045593,0.2601335942745209,-0.17353174090385437,-2.2386674880981445,0.0736594870686531,2.493758201599121,-0.6951826214790344
-0.2421545535326004,0.26588162779808044,-0.16840344667434692,-2.2295889854431152,0.0727420374751091,2.490604877471924,-0.7160282135009766
-0.24558629095554352,0.27164390683174133,-0.1634211391210556,-2.220471143722534,0.07180119305849075,2.487422466278076,-0.7368738055229187
-0.24889124929904938,0.2774198055267334,-0.15857762098312378,-2.211312770843506,0.07083728909492493,2.48421049118042,-0.7577193975448608
-0.2520793378353119,0.28321099281311035,-0.15386264026165009,-2.2021141052246094,0.06985026597976685,2.4809696674346924,-0.778564989566803
-0.2551575303077698,0.2890166938304901,-0.1492687165737152,-2.192873477935791,0.06884054094552994,2.477698802947998,-0.7994105219841003
-0.25813308358192444,0.29483720660209656,-0.1447882056236267,-2.183590888977051,0.06780770421028137,2.474398136138916,-0.8202561140060425
-0.2610127329826355,0.30067384243011475,-0.14041386544704437,-2.1742660999298096,0.06675250828266144,2.4710679054260254,-0.8411017060279846
-0.26380252838134766,0.30652573704719543,-0.13613921403884888,-2.1648974418640137,0.06567425280809402,2.4677071571350098,-0.8619472980499268
-0.26650872826576233,0.312394917011261,-0.13195765018463135,-2.155484914779663,0.06457315385341644,2.4643161296844482,-0.8827928900718689
-0.2691352367401123,0.31828048825263977,-0.12786461412906647,-2.1460275650024414,0.06344940513372421,2.4608945846557617,-0.903638482093811
-0.2716880738735199,0.32418304681777954,-0.12385383993387222,-2.1365249156951904,0.06230303272604942,2.457442045211792,-0.9244840145111084
-0.27417078614234924,0.33010369539260864,-0.1199212297797203,-2.1269755363464355,0.061134159564971924,2.453958511352539,-0.9453296661376953
-0.27658867835998535,0.33604303002357483,-0.11606096476316452,-2.1173794269561768,0.05994211882352829,2.4504435062408447,-0.9661752581596375
-0.27894458174705505,0.34200090169906616,-0.11226993054151535,-2.1077351570129395,0.05872780829668045,2.44689679145813,-0.9870207905769348
-0.28124290704727173,0.34797781705856323,-0.10854310542345047,-2.0980424880981445,0.05749078467488289,2.4433183670043945,-1.007866382598877
-0.28348633646965027,0.35397443175315857,-0.10487747937440872,-2.0883007049560547,0.05623115226626396,2.4397075176239014,-1.0287120342254639
-0.28567972779273987,0.3599924147129059,-0.10126761347055435,-2.078507900238037,0.05494784563779831,2.4360644817352295,-1.0495575666427612
-0.2878232002258301,0.3660309314727783,-0.09771297127008438,-2.068664073944092,0.05364253744482994,2.4323883056640625,-1.0704032182693481
-0.28992176055908203,0.3720906674861908,-0.0942080020904541,-2.058767795562744,0.05231413617730141,2.428678512573242,-1.0912487506866455
-0.2919778823852539,0.3781735897064209,-0.0907498374581337,-2.048818588256836,0.05096223205327988,2.4249355792999268,-1.1120942831039429
-0.2939927875995636,0.38427862524986267,-0.08733664453029633,-2.0388150215148926,0.049587637186050415,2.4211583137512207,-1.1329399347305298
-0.2959696054458618,0.3904074430465698,-0.083965003490448,-2.028756618499756,0.0481894351541996,2.417346954345703,-1.1537854671478271
-0.2979109585285187,0.39656102657318115,-0.08063188195228577,-2.018641471862793,0.046767596155405045,2.4135007858276367,-1.1746309995651245
-0.2998136878013611,0.40273934602737427,-0.0773395299911499,-2.0084691047668457,0.0453251488506794,2.409619092941284,-1.1954766511917114
-0.30168887972831726,0.4089435040950775,-0.07407649606466293,-1.998238205909729,0.043855853378772736,2.4057018756866455,-1.2163221836090088
-0.3035335838794708,0.4151732921600342,-0.07084514200687408,-1.987947940826416,0.04236282780766487,2.4017481803894043,-1.2371678352355957
-0.30534985661506653,0.42143115401268005,-0.06764297187328339,-1.9775965213775635,0.040845438838005066,2.3977580070495605,-1.258013367652893
-0.30713847279548645,0.42771729826927185,-0.06446864455938339,-1.967182993888855,0.03930393233895302,2.393730640411377,-1.27885901927948
-0.30890122056007385,0.43403157591819763,-0.061319854110479355,-1.956706166267395,0.037737924605607986,2.389665126800537,-1.2997045516967773
-0.3106403648853302,0.4403754472732544,-0.05819374695420265,-1.9461647272109985,0.036146748811006546,2.385560989379883,-1.3205500841140747
-0.31235548853874207,0.4467506408691406,-0.055090099573135376,-1.9355568885803223,0.03453093767166138,2.381418466567993,-1.3413957357406616
-0.31404921412467957,0.4531570076942444,-0.0520058199763298,-1.9248816967010498,0.03289007022976875,2.3772361278533936,-1.362241268157959
-0.31572258472442627,0.45959562063217163,-0.04893916845321655,-1.914137363433838,0.031222740188241005,2.3730132579803467,-1.3830868005752563
-0.31737637519836426,0.4660678505897522,-0.045888740569353104,-1.9033225774765015,0.029530059546232224,2.3687496185302734,-1.4039324522018433
-0.31901177763938904,0.4725746214389801,-0.04285265505313873,-1.8924355506896973,0.027810754254460335,2.3644444942474365,-1.4247779846191406
-0.3206295967102051,0.4791170656681061,-0.03982953354716301,-1.881474494934082,0.02606457658112049,2.3600971698760986,-1.4456236362457275
-0.3222304582595825,0.4856957793235779,-0.036818042397499084,-1.8704382181167603,0.024291757494211197,2.3557064533233643,-1.4664692878723145
-0.32381731271743774,0.4923121929168701,-0.033814385533332825,-1.85932457447052,0.022490279749035835,2.351271867752075,-1.4873148202896118
-0.3253873884677887,0.49896740913391113,-0.030820902436971664,-1.8481312990188599,0.02066226676106453,2.346791982650757,-1.5081603527069092
-0.3269449472427368,0.5056623816490173,-0.02783222682774067,-1.8368570804595947,0.01880452409386635,2.342266798019409,-1.529006004333496
-0.3284892439842224,0.5123988389968872,-0.024848468601703644,-1.8254997730255127,0.016917482018470764,2.3376951217651367,-1.5498515367507935
-0.33002033829689026,0.5191775560379028,-0.021868929266929626,-1.814057469367981,0.015001771040260792,2.333075761795044,-1.5706971883773804
-0.331539511680603,0.5260007381439209,-0.01889128051698208,-1.8025271892547607,0.013055435381829739,2.3284075260162354,-1.5915427207946777
-0.33304843306541443,0.5328687429428101,-0.015913018956780434,-1.7909072637557983,0.011077968403697014,2.3236896991729736,-1.612388253211975
-0.3345460593700409,0.5397833585739136,-0.012934372760355473,-1.7791954278945923,0.009069395251572132,2.3189210891723633,-1.633233904838562
-0.3360334038734436,0.5467463731765747,-0.009953340515494347,-1.7673888206481934,0.007028710562735796,2.314100742340088,-1.654079556465149
-0.3375121057033539,0.5537592768669128,-0.0069671692326664925,-1.7554850578308105,0.004954559728503227,2.309227228164673,-1.6749249696731567
-0.33898109197616577,0.5608236193656921,-0.0039762165397405624,-1.7434813976287842,0.0028470586985349655,2.3042993545532227,-1.6957706212997437
-0.3404417634010315,0.5679413676261902,-0.0009777410887181759,-1.7313748598098755,0.0007047958206385374,2.2993154525756836,-1.7166162729263306
-0.3418949544429779,0.5751140713691711,0.00203022756613791,-1.7191623449325562,-0.0014733686111867428,2.2942745685577393,-1.7374616861343384
-0.3433397710323334,0.5823432803153992,0.005047658458352089,-1.706841230392456,-0.003687292570248246,2.289175033569336,-1.7583073377609253
-0.34477779269218445,0.5896312594413757,0.008077695965766907,-1.6944079399108887,-0.005939206574112177,2.284015655517578,-1.7791529893875122
-0.3462091386318207,0.5969808101654053,0.011121571063995361,-1.681859016418457,-0.008229633793234825,2.278794288635254,-1.79999840259552
-0.3476335406303406,0.6043931245803833,0.014180433936417103,-1.6691904067993164,-0.010559611022472382,2.2735090255737305,-1.820844054222107
-0.34905222058296204,0.6118707060813904,0.01725693792104721,-1.6563992500305176,-0.012930916622281075,2.268158435821533,-1.8416897058486938
-0.35046499967575073,0.6194154620170593,0.020352352410554886,-1.6434811353683472,-0.01534444559365511,2.2627410888671875,-1.8625352382659912
-0.35187286138534546,0.6270313858985901,0.023469477891921997,-1.6304312944412231,-0.017802109941840172,2.257253885269165,-1.8833807706832886
-0.35327479243278503,0.634719729423523,0.026608655229210854,-1.6172456741333008,-0.020304670557379723,2.251695394515991,-1.9042264223098755
-0.3546721041202545,0.6424838900566101,0.029773244634270668,-1.6039197444915771,-0.022854121401906013,2.246063470840454,-1.9250719547271729
-0.3560650944709778,0.6503265500068665,0.03296544775366783,-1.5904479026794434,-0.025452813133597374,2.2403550148010254,-1.9459174871444702
-0.357453316450119,0.6582514643669128,0.03618670627474785,-1.5768253803253174,-0.028101352974772453,2.2345681190490723,-1.9667631387710571
-0.35883745551109314,0.6662609577178955,0.039439938962459564,-1.5630464553833008,-0.03080284222960472,2.2287001609802246,-1.987608790397644
-0.3602173924446106,0.6743600368499756,0.04272729158401489,-1.5491046905517578,-0.03355832397937775,2.222747564315796,-2.0084543228149414
-0.3615933358669281,0.6825503706932068,0.04605146497488022,-1.5349948406219482,-0.036371104419231415,2.216707706451416,-2.0292999744415283
-0.3629661202430725,0.6908372044563293,0.04941602796316147,-1.5207087993621826,-0.0392439067363739,2.2105774879455566,-2.0501456260681152
-0.36433565616607666,0.6992254853248596,0.052823830395936966,-1.506239891052246,-0.042178697884082794,2.204352855682373,-2.070991039276123
-0.3657015860080719,0.7077178359031677,0.0562773160636425,-1.4915807247161865,-0.04517873376607895,2.198030471801758,-2.09183669090271
-0.367063969373703,0.7163213491439819,0.059779953211545944,-1.476722002029419,-0.04824672266840935,2.1916069984436035,-2.112682342529297
-0.36842358112335205,0.7250394821166992,0.06333619356155396,-1.461655616760254,-0.05138693004846573,2.185076951980591,-2.133527994155884
-0.36978060007095337,0.7338783144950867,0.06695019453763962,-1.4463720321655273,-0.05460313335061073,2.178435802459717,-2.1543734073638916
-0.37113434076309204,0.7428447008132935,0.07062524557113647,-1.4308605194091797,-0.05789860710501671,2.1716794967651367,-2.1752190589904785
-0.3724854290485382,0.7519440650939941,0.07436679303646088,-1.415109634399414,-0.061278630048036575,2.164801597595215,-2.1960647106170654
-0.3738337755203247,0.7611842751502991,0.07817976921796799,-1.3991076946258545,-0.06474772840738297,2.157796859741211,-2.2169101238250732
-0.3751794099807739,0.770572304725647,0.08206966519355774,-1.3828418254852295,-0.06831193715333939,2.15065860748291,-2.23775577545166
-0.3765220046043396,0.7801177501678467,0.0860423892736435,-1.3662962913513184,-0.0719766914844513,2.1433796882629395,-2.258601427078247
-0.3778626620769501,0.7898281216621399,0.09010592103004456,-1.349456787109375,-0.0757494643330574,2.1359527111053467,-2.279446840286255
-0.3792005181312561,0.7997146248817444,0.09426668286323547,-1.332305669784546,-0.07963697612285614,2.1283695697784424,-2.3002922534942627
-0.380534827709198,0.8097872138023376,0.09853189438581467,-1.3148245811462402,-0.08364681899547577,2.120621919631958,-2.3211381435394287
-0.3818671703338623,0.8200595378875732,0.10291337966918945,-1.2969913482666016,-0.08779048919677734,2.1126973628997803,-2.3419835567474365
-0.3831966817378998,0.8305435180664062,0.10742029547691345,-1.278782844543457,-0.09207713603973389,2.104586124420166,-2.3628289699554443
-0.38452252745628357,0.8412554264068604,0.11206337064504623,-1.2601747512817383,-0.0965176448225975,2.096275806427002,-2.3836748600006104
-0.385845422744751,0.852211058139801,0.11685707420110703,-1.2411370277404785,-0.10112691670656204,2.087752342224121,-2.4045205116271973
-0.3871658742427826,0.8634293675422668,0.12181777507066727,-1.2216377258300781,-0.10592127591371536,2.078998565673828,-2.425365924835205
-0.38848134875297546,0.8749328851699829,0.1269594430923462,-1.2016396522521973,-0.11091510951519012,2.0699996948242188,-2.446211814880371
-0.38979417085647583,0.8867451548576355,0.1323062926530838,-1.181100606918335,-0.11613286286592484,2.060732364654541,-2.467057228088379
-0.3911038041114807,0.8988898396492004,0.13788093626499176,-1.159972906112671,-0.12159726023674011,2.0511741638183594,-2.4879026412963867
-0.3924071788787842,0.9114083647727966,0.1437084972858429,-1.1382012367248535,-0.12733478844165802,2.0412983894348145,-2.5087485313415527
-0.39370661973953247,0.9243336915969849,0.1498258113861084,-1.1157200336456299,-0.13338212668895721,2.0310733318328857,-2.5295939445495605
-0.3950004577636719,0.9377111792564392,0.1562711000442505,-1.0924527645111084,-0.139779195189476,2.020461320877075,-2.5504393577575684
-0.3962874710559845,0.9515920281410217,0.16309134662151337,-1.0683093070983887,-0.14657363295555115,2.0094196796417236,-2.5712852478027344
-0.3975681662559509,0.9660418033599854,0.17034967243671417,-1.0431780815124512,-0.15382994711399078,1.9978923797607422,-2.592130661010742
