-0.08625336736440659,1.2569506168365479,-1.3016825914382935,-1.4125289916992188,1.211190938949585,1.7732495069503784,2.5079619884490967
-0.06705952435731888,1.2061667442321777,-1.2611513137817383,-1.4576754570007324,1.1610667705535889,1.8158562183380127,2.487514019012451
-0.047611888498067856,1.1631841659545898,-1.2311878204345703,-1.5008256435394287,1.1220332384109497,1.851844072341919,2.4670660495758057
-0.027784079313278198,1.1256141662597656,-1.2085587978363037,-1.5422124862670898,1.0906004905700684,1.883245587348938,2.44661808013916
-0.007501377258449793,1.0921101570129395,-1.191407322883606,-1.5820250511169434,1.0647673606872559,1.9112099409103394,2.4261701107025146
0.01329075451940298,1.0618330240249634,-1.1785598993301392,-1.6204195022583008,1.0432727336883545,1.9364547729492188,2.405722141265869
0.034632742404937744,1.0342179536819458,-1.1692181825637817,-1.6575249433517456,1.0252573490142822,1.9594649076461792,2.3852741718292236
0.05655403435230255,1.008866786956787,-1.1628105640411377,-1.693452000617981,1.0101114511489868,1.9805845022201538,2.364826202392578
0.07908914983272552,0.9854878187179565,-1.1589218378067017,-1.72829270362854,0.9973824620246887,2.0000674724578857,2.3443784713745117
0.10225765407085419,0.9638643264770508,-1.1572299003601074,-1.7621275186538696,0.9867314100265503,2.0181028842926025,2.323930501937866
0.12607890367507935,0.9438331723213196,-1.1574859619140625,-1.7950245141983032,0.9778966903686523,2.0348358154296875,2.3034825325012207
0.15056855976581573,0.9252644181251526,-1.1594879627227783,-1.8270437717437744,0.9706673622131348,2.0503835678100586,2.283034563064575
0.17573939263820648,0.9080610275268555,-1.1630741357803345,-1.8582367897033691,0.9648794531822205,2.0648345947265625,2.2625865936279297
0.20160187780857086,0.8921461701393127,-1.1681081056594849,-1.8886494636535645,0.9603979587554932,2.078261137008667,2.242138624191284
0.20390327274799347,0.8847364783287048,-1.1669046878814697,-1.8973581790924072,0.9559096097946167,2.084296226501465,2.2195518016815186
0.20622754096984863,0.8774114847183228,-1.165826678276062,-1.9060215950012207,0.9515149593353271,2.090257406234741,2.196964979171753
0.2085755318403244,0.8701682686805725,-1.1648714542388916,-1.9146405458450317,0.9472091197967529,2.096146583557129,2.1743781566619873
0.21094854176044464,0.8630045652389526,-1.1640366315841675,-1.9232161045074463,0.9429898858070374,2.101966619491577,2.1517913341522217
0.21334625780582428,0.8559171557426453,-1.1633189916610718,-1.931748867034912,0.9388527870178223,2.1077194213867188,2.129204511642456
0.21576933562755585,0.8489047884941101,-1.1627169847488403,-1.9402395486831665,0.9347954392433167,2.1134068965911865,2.1066176891326904
0.2182188779115677,0.8419643640518188,-1.1622281074523926,-1.9486891031265259,0.9308138489723206,2.1190314292907715,2.084030866622925
0.2206965684890747,0.835095226764679,-1.1618521213531494,-1.9570976495742798,0.9269072413444519,2.1245932579040527,2.06144380569458
0.22320109605789185,0.8282940983772278,-1.1615848541259766,-1.9654663801193237,0.9230705499649048,2.130095958709717,2.0388569831848145
0.22573469579219818,0.821559488773346,-1.1614264249801636,-1.9737958908081055,0.9193023443222046,2.135540246963501,2.016270160675049
0.22829703986644745,0.8148891925811768,-1.1613740921020508,-1.9820871353149414,0.9155991077423096,2.140928268432617,1.9936833381652832
0.23089052736759186,0.8082832098007202,-1.161428451538086,-1.990339994430542,0.9119604229927063,2.1462597846984863,1.9710965156555176
0.23351284861564636,0.8017376661300659,-1.1615846157073975,-1.9985556602478027,0.908381462097168,2.1515395641326904,1.948509693145752
0.2361690253019333,0.7952536940574646,-1.1618465185165405,-2.0067343711853027,0.9048627614974976,2.156764507293701,1.9259228706359863
0.2388559877872467,0.7888273596763611,-1.1622086763381958,-2.0148770809173584,0.9013999700546265,2.161939859390259,1.9033360481262207
0.2415773868560791,0.7824593186378479,-1.1626733541488647,-2.022984027862549,0.8979926705360413,2.1670637130737305,1.880749225616455
0.24433183670043945,0.776147186756134,-1.16323721408844,-2.0310559272766113,0.8946378231048584,2.1721396446228027,1.8581624031066895
0.247122123837471,0.7698907256126404,-1.1639020442962646,-2.039093017578125,0.8913351893424988,2.17716646194458,1.8355755805969238
0.24994775652885437,0.7636881470680237,-1.1646652221679688,-2.0470967292785645,0.8880815505981445,2.1821470260620117,1.8129887580871582
0.2528090178966522,0.7575372457504272,-1.1655254364013672,-2.0550665855407715,0.8848746418952942,2.1870827674865723,1.790401816368103
0.2557084262371063,0.7514395117759705,-1.1664848327636719,-2.0630030632019043,0.8817152976989746,2.191972494125366,1.7678149938583374
0.2586456835269928,0.7453914880752563,-1.1675407886505127,-2.0709075927734375,0.878599226474762,2.196819305419922,1.7452281713485718
0.2616225481033325,0.7393943071365356,-1.1686946153640747,-2.078779697418213,0.8755267858505249,2.201622247695923,1.7226413488388062
0.2646394968032837,0.7334458231925964,-1.1699451208114624,-2.086620330810547,0.8724966049194336,2.206382989883423,1.7000545263290405
0.267697274684906,0.7275452017784119,-1.171291708946228,-2.0944299697875977,0.8695053458213806,2.2111029624938965,1.677467703819275
0.270797461271286,0.7216929197311401,-1.172735571861267,-2.1022086143493652,0.8665539622306824,2.2157814502716064,1.6548808813095093
0.2739407420158386,0.7158864736557007,-1.1742757558822632,-2.109957456588745,0.8636397123336792,2.2204205989837646,1.632293939590454
0.2771271765232086,0.7101263999938965,-1.175911545753479,-2.117676258087158,0.860761821269989,2.22502064704895,1.6097071170806885
0.2803589701652527,0.7044114470481873,-1.17764413356781,-2.1253652572631836,0.8579186797142029,2.229581832885742,1.5871202945709229
0.283636212348938,0.69874107837677,-1.179472804069519,-2.133025646209717,0.8551098108291626,2.2341058254241943,1.5645334720611572
0.2869611382484436,0.6931148767471313,-1.181398630142212,-2.140657424926758,0.8523333668708801,2.2385923862457275,1.5419466495513916
0.2903343141078949,0.6875326633453369,-1.1834218502044678,-2.1482605934143066,0.8495894074440002,2.243041753768921,1.5193597078323364
0.2937556803226471,0.6819926500320435,-1.185541033744812,-2.1558361053466797,0.8468748927116394,2.2474560737609863,1.4967728853225708
0.297228068113327,0.6764954328536987,-1.1877585649490356,-2.163384199142456,0.8441899418830872,2.2518343925476074,1.4741861820220947
0.3007519841194153,0.671040415763855,-1.19007408618927,-2.1709048748016357,0.8415336608886719,2.2561779022216797,1.451599359512329
0.3043278157711029,0.6656269431114197,-1.1924874782562256,-2.178398847579956,0.8389050364494324,2.2604870796203613,1.4290125370025635
0.30795788764953613,0.6602546572685242,-1.195000171661377,-2.185866355895996,0.8363034725189209,2.2647624015808105,1.4064255952835083
0.31164175271987915,0.6549229621887207,-1.1976112127304077,-2.193307876586914,0.8337265849113464,2.2690048217773438,1.3838387727737427
0.31538355350494385,0.6496320366859436,-1.2003239393234253,-2.20072340965271,0.8311752080917358,2.2732133865356445,1.361251950263977
0.34129101037979126,0.6429279446601868,-1.2119239568710327,-2.2180135250091553,0.8318081498146057,2.279128074645996,1.3428517580032349
0.3676934540271759,0.6368123888969421,-1.2239997386932373,-2.2349815368652344,0.8328809142112732,2.2846367359161377,1.3244515657424927
0.3945695161819458,0.6312891840934753,-1.236515998840332,-2.251629114151001,0.8343863487243652,2.2897398471832275,1.3060513734817505
0.421894371509552,0.6263626217842102,-1.2494323253631592,-2.267958641052246,0.8363201022148132,2.2944369316101074,1.2876511812210083
0.44964221119880676,0.6220376491546631,-1.262711524963379,-2.283971071243286,0.8386778235435486,2.2987256050109863,1.2692509889602661
0.4777810275554657,0.6183197498321533,-1.2763100862503052,-2.2996678352355957,0.8414562344551086,2.3026044368743896,1.250850796699524
0.5062793493270874,0.6152145266532898,-1.2901849746704102,-2.315049171447754,0.844651997089386,2.3060688972473145,1.2324506044387817
0.5351017713546753,0.612729549407959,-1.3042912483215332,-2.33011531829834,0.8482630848884583,2.3091139793395996,1.2140504121780396
0.5642096996307373,0.6108717918395996,-1.3185803890228271,-2.3448662757873535,0.8522886037826538,2.311734437942505,1.1956502199172974
0.5935649275779724,0.6096508502960205,-1.333005666732788,-2.3593008518218994,0.8567297458648682,2.3139214515686035,1.1772500276565552
0.623123824596405,0.6090705394744873,-1.347515344619751,-2.3734188079833984,0.8615816235542297,2.3156700134277344,1.158849835395813
0.6528435349464417,0.6091415882110596,-1.3620595932006836,-2.387218952178955,0.8668457269668579,2.316970109939575,1.1404496431350708
0.682680606842041,0.6098722815513611,-1.3765877485275269,-2.4006996154785156,0.8725218772888184,2.3178110122680664,1.1220494508743286
0.7125882506370544,0.6112724542617798,-1.391047716140747,-2.413858652114868,0.87861168384552,2.3181819915771484,1.1036492586135864
0.7425228953361511,0.6133519411087036,-1.405390739440918,-2.426694393157959,0.885116696357727,2.3180696964263916,1.0852490663528442
0.772438645362854,0.6161215305328369,-1.41956627368927,-2.439204216003418,0.8920367956161499,2.317460060119629,1.066848874092102
0.802290678024292,0.6195926666259766,-1.4335262775421143,-2.451385498046875,0.8993747234344482,2.3163375854492188,1.0484486818313599
0.8320344686508179,0.6237780451774597,-1.4472237825393677,-2.463235855102539,0.9071328043937683,2.314685106277466,1.0300484895706177
0.8616278171539307,0.6286901235580444,-1.4606139659881592,-2.4747519493103027,0.9153116345405579,2.3124842643737793,1.0116482973098755
0.8910293579101562,0.6343445777893066,-1.4736552238464355,-2.4859304428100586,0.9239145517349243,2.309713840484619,0.9932481050491333
0.9202011823654175,0.6407588124275208,-1.4863091707229614,-2.496767997741699,0.9329456686973572,2.3063504695892334,0.9748478531837463
0.9491041302680969,0.6479485034942627,-1.498537540435791,-2.507260799407959,0.9424059391021729,2.302371025085449,0.9564476609230042
0.9777032732963562,0.6559354662895203,-1.5103079080581665,-2.5174055099487305,0.952299952507019,2.2977476119995117,0.9380475282669067
1.0059683322906494,0.6647427678108215,-1.521592617034912,-2.527198076248169,0.9626321792602539,2.292449474334717,0.9196473360061646
1.033868432044983,0.6743960380554199,-1.5323655605316162,-2.5366344451904297,0.9734059572219849,2.2864441871643066,0.9012470841407776
1.0613768100738525,0.6849243640899658,-1.5426050424575806,-2.545711040496826,0.9846275448799133,2.2796952724456787,0.8828469514846802
1.08846914768219,0.6963610053062439,-1.552294135093689,-2.5544228553771973,0.9963017106056213,2.272162675857544,0.864446759223938
1.1151236295700073,0.7087421417236328,-1.5614186525344849,-2.5627670288085938,1.0084350109100342,2.263803720474243,0.846046507358551
1.1413214206695557,0.7221125960350037,-1.5699704885482788,-2.570737838745117,1.02103590965271,2.2545666694641113,0.8276463150978088
1.1670455932617188,0.7365193963050842,-1.577944040298462,-2.5783324241638184,1.034112811088562,2.244399070739746,0.8092461228370667
1.1922831535339355,0.7520214319229126,-1.5853395462036133,-2.5855460166931152,1.0476772785186768,2.2332375049591064,0.7908459901809692
1.2170207500457764,0.7686796188354492,-1.5921587944030762,-2.5923750400543213,1.0617399215698242,2.2210159301757812,0.7724457383155823
1.2412489652633667,0.7865710854530334,-1.5984103679656982,-2.5988149642944336,1.076318383216858,2.2076547145843506,0.7540455460548401
1.2649587392807007,0.8057809472084045,-1.6041055917739868,-2.6048622131347656,1.0914291143417358,2.193066358566284,0.7356453537940979
1.2881431579589844,0.8264083862304688,-1.6092597246170044,-2.610513210296631,1.10709547996521,2.1771512031555176,0.7172451615333557
1.3107963800430298,0.848572313785553,-1.6138932704925537,-2.6157641410827637,1.1233457326889038,2.1597914695739746,0.6988449096679688
1.3329112529754639,0.872408390045166,-1.6180293560028076,-2.6206116676330566,1.140212893486023,2.140854597091675,0.6804447770118713
1.334380030632019,0.8604111075401306,-1.6173468828201294,-2.620140314102173,1.1319620609283447,2.150627374649048,0.6618121266365051
1.3358045816421509,0.8486778736114502,-1.6166589260101318,-2.619659900665283,1.1237750053405762,2.160144567489624,0.6431794762611389
1.3371851444244385,0.8371971249580383,-1.615964412689209,-2.6191701889038086,1.115647554397583,2.1694164276123047,0.6245468258857727
1.3385226726531982,0.8259578347206116,-1.615262746810913,-2.618671417236328,1.1075767278671265,2.1784539222717285,0.6059141755104065
1.3398170471191406,0.8149504065513611,-1.6145527362823486,-2.618163585662842,1.0995593070983887,2.187265396118164,0.5872815251350403
1.3410691022872925,0.8041650652885437,-1.6138335466384888,-2.6176464557647705,1.0915915966033936,2.195859909057617,0.5686488747596741
1.3422776460647583,0.793592095375061,-1.6131032705307007,-2.617119789123535,1.0836716890335083,2.2042465209960938,0.5500162243843079
1.3434438705444336,0.783223032951355,-1.6123615503311157,-2.616584300994873,1.0757960081100464,2.212433338165283,0.5313835740089417
1.344567894935608,0.773051917552948,-1.6116077899932861,-2.616039276123047,1.067962884902954,2.220425605773926,0.5127509236335754
1.3456486463546753,0.763068675994873,-1.6108402013778687,-2.6154847145080566,1.0601688623428345,2.2282323837280273,0.4941183030605316
1.346687912940979,0.7532676458358765,-1.6100590229034424,-2.6149210929870605,1.052412748336792,2.2358593940734863,0.4754856526851654
1.3476836681365967,0.7436423897743225,-1.6092619895935059,-2.6143479347229004,1.044692873954773,2.243312358856201,0.4568530023097992
1.3486371040344238,0.7341857552528381,-1.6084494590759277,-2.613765239715576,1.0370066165924072,2.2505979537963867,0.438220351934433
1.349547266960144,0.7248925566673279,-1.6076194047927856,-2.613173007965088,1.0293523073196411,2.257720947265625,0.4195877015590668
1.3504142761230469,0.715756356716156,-1.6067713499069214,-2.6125712394714355,1.0217279195785522,2.2646875381469727,0.40095505118370056
1.3512380123138428,0.706773579120636,-1.605904459953308,-2.61195969581604,1.0141335725784302,2.271500587463379,0.38232240080833435
1.3520183563232422,0.6979367733001709,-1.6050184965133667,-2.6113390922546387,1.006566047668457,2.278167486190796,0.36368975043296814
1.352755069732666,0.6892426013946533,-1.604111909866333,-2.610708236694336,0.9990240931510925,2.2846906185150146,0.3450571298599243
1.3534467220306396,0.6806848645210266,-1.6031826734542847,-2.610067844390869,0.9915066957473755,2.291076183319092,0.3264244794845581
1.3540946245193481,0.6722613573074341,-1.6022320985794067,-2.6094179153442383,0.9840125441551208,2.2973263263702393,0.3077918291091919
1.3546972274780273,0.6639670133590698,-1.6012581586837769,-2.608757972717285,0.976540744304657,2.30344557762146,0.28915920853614807
1.3552541732788086,0.655796468257904,-1.6002591848373413,-2.608088254928589,0.9690897464752197,2.309438705444336,0.2705264985561371
1.3557652235031128,0.6477479934692383,-1.5992351770401,-2.6074085235595703,0.9616588950157166,2.3153076171875,0.25189387798309326
1.3562308549880981,0.6398174166679382,-1.5981857776641846,-2.6067192554473877,0.9542475342750549,2.3210561275482178,0.23326121270656586
1.3566491603851318,0.6320008635520935,-1.5971089601516724,-2.6060197353363037,0.9468544721603394,2.3266875743865967,0.21462857723236084
1.3570195436477661,0.6242942810058594,-1.5960034132003784,-2.6053104400634766,0.9394769668579102,2.3322060108184814,0.19599592685699463
1.3573427200317383,0.6166954636573792,-1.5948697328567505,-2.604590892791748,0.9321168065071106,2.337613105773926,0.1773632913827896
1.3576173782348633,0.6092018485069275,-1.5937058925628662,-2.6038613319396973,0.9247719645500183,2.3429112434387207,0.1587306559085846
1.357843041419983,0.6018093824386597,-1.5925110578536987,-2.603121757507324,0.9174416661262512,2.34810471534729,0.14009802043437958
1.358018398284912,0.5945156216621399,-1.5912840366363525,-2.60237193107605,0.9101256728172302,2.3531951904296875,0.12146534770727158
1.3581438064575195,0.5873173475265503,-1.5900241136550903,-2.601612091064453,0.9028221368789673,2.3581857681274414,0.10283268988132477
1.3582171201705933,0.5802127718925476,-1.5887291431427002,-2.600841760635376,0.8955315351486206,2.3630783557891846,0.08420002460479736
1.3582388162612915,0.5731987357139587,-1.5873994827270508,-2.6000614166259766,0.8882525563240051,2.367875576019287,0.06556738168001175
1.3582080602645874,0.5662733316421509,-1.586033582687378,-2.5992703437805176,0.8809850811958313,2.3725790977478027,0.04693474620580673
1.3581229448318481,0.5594336986541748,-1.5846295356750488,-2.5984692573547363,0.8737277984619141,2.3771920204162598,0.028302108868956566
1.3579844236373901,0.5526785850524902,-1.5831876993179321,-2.5976576805114746,0.8664810061454773,2.3817150592803955,0.0096694715321064
1.357790470123291,0.5460051894187927,-1.5817062854766846,-2.5968356132507324,0.8592438697814941,2.386150360107422,-0.008963165804743767
1.357540249824524,0.539411187171936,-1.5801833868026733,-2.5960030555725098,0.8520156741142273,2.3905012607574463,-0.02759583294391632
1.3572323322296143,0.5328946709632874,-1.578617811203003,-2.5951600074768066,0.8447955250740051,2.394768714904785,-0.046228472143411636
1.3568662405014038,0.5264538526535034,-1.5770087242126465,-2.594306468963623,0.8375837802886963,2.398954391479492,-0.06486111134290695
1.3564409017562866,0.5200867056846619,-1.5753546953201294,-2.59344220161438,0.8303797841072083,2.4030604362487793,-0.08349374681711197
1.3559550046920776,0.5137914419174194,-1.5736544132232666,-2.5925674438476562,0.8231821656227112,2.4070885181427,-0.10212638229131699
1.3554071187973022,0.5075666904449463,-1.5719059705734253,-2.591681718826294,0.8159918189048767,2.411039352416992,-0.12075904756784439
1.3547978401184082,0.5014112591743469,-1.5701098442077637,-2.590785026550293,0.8088081479072571,2.41491436958313,-0.13939176499843597
1.3541239500045776,0.49532151222229004,-1.5682622194290161,-2.5898780822753906,0.8016295433044434,2.4187169075012207,-0.158024400472641
1.353385329246521,0.48929840326309204,-1.5663630962371826,-2.5889601707458496,0.7944573760032654,2.4224462509155273,-0.176657035946846
1.352579951286316,0.4833386540412903,-1.5644100904464722,-2.58803129196167,0.7872900366783142,2.426105260848999,-0.1952897012233734
1.3517060279846191,0.4774407744407654,-1.562401294708252,-2.5870914459228516,0.7801273465156555,2.4296951293945312,-0.21392233669757843
1.3507637977600098,0.47160494327545166,-1.560336709022522,-2.5861406326293945,0.7729693055152893,2.433216094970703,-0.23255497217178345
1.3497493267059326,0.46582773327827454,-1.5582118034362793,-2.585178852081299,0.7658153772354126,2.436671257019043,-0.25118762254714966
1.3486641645431519,0.4601097106933594,-1.5560284852981567,-2.5842061042785645,0.7586653232574463,2.4400596618652344,-0.2698202431201935
1.3475052118301392,0.45444878935813904,-1.5537832975387573,-2.5832221508026123,0.7515194416046143,2.44338321685791,-0.2884529232978821
1.3462696075439453,0.4488430619239807,-1.5514729022979736,-2.5822272300720215,0.7443761229515076,2.4466445446014404,-0.3070855438709259
1.3449567556381226,0.44329240918159485,-1.5490965843200684,-2.581220865249634,0.7372357845306396,2.449843168258667,-0.3257181942462921
1.3435660600662231,0.4377953112125397,-1.5466535091400146,-2.5802035331726074,0.7300990223884583,2.4529800415039062,-0.3443508446216583
1.3420943021774292,0.4323509931564331,-1.5441405773162842,-2.579174518585205,0.7229645848274231,2.456056594848633,-0.36298346519470215
1.3405386209487915,0.4269569516181946,-1.54155433177948,-2.578134536743164,0.7158315181732178,2.4590749740600586,-0.38161614537239075
1.3388993740081787,0.4216144382953644,-1.5388951301574707,-2.577083110809326,0.7087018489837646,2.462034225463867,-0.4002487361431122
1.3371726274490356,0.416320264339447,-1.5361590385437012,-2.5760202407836914,0.701573371887207,2.4649367332458496,-0.4188813865184784
1.3353561162948608,0.4110744297504425,-1.5333431959152222,-2.5749459266662598,0.6944465637207031,2.467782974243164,-0.437514066696167
1.3334503173828125,0.40587684512138367,-1.5304481983184814,-2.5738601684570312,0.6873210668563843,2.4705729484558105,-0.4561467468738556
1.3314486742019653,0.4007246196269989,-1.5274670124053955,-2.5727627277374268,0.680196225643158,2.4733095169067383,-0.4747793972492218
1.3293523788452148,0.39561888575553894,-1.524401068687439,-2.5716538429260254,0.6730733513832092,2.4759912490844727,-0.493412047624588
1.327156901359558,0.39055773615837097,-1.521245002746582,-2.57053279876709,0.6659509539604187,2.4786202907562256,-0.5120447278022766
1.3248600959777832,0.38554060459136963,-1.5179972648620605,-2.5694005489349365,0.6588289141654968,2.4811973571777344,-0.5306773781776428
1.3224596977233887,0.38056638836860657,-1.5146548748016357,-2.5682568550109863,0.6517073512077332,2.4837231636047363,-0.549310028553009
1.319953441619873,0.37563467025756836,-1.5112154483795166,-2.567101001739502,0.6445860862731934,2.4861979484558105,-0.5679426193237305
1.3173370361328125,0.37074515223503113,-1.5076748132705688,-2.5659332275390625,0.6374651193618774,2.4886226654052734,-0.5865752696990967
1.314605951309204,0.3658960163593292,-1.5040278434753418,-2.564753770828247,0.630343496799469,2.4909987449645996,-0.6052079200744629
1.2449114322662354,0.3430858850479126,-1.439680814743042,-2.5373730659484863,0.5893372893333435,2.4980437755584717,-0.5748530626296997
1.1668469905853271,0.3227742910385132,-1.3665761947631836,-2.5094830989837646,0.5484002828598022,2.503324031829834,-0.5444982051849365
1.0799455642700195,0.3050931394100189,-1.2842371463775635,-2.4810595512390137,0.5074921250343323,2.506959915161133,-0.5141434073448181
0.9840532541275024,0.2902299165725708,-1.1924949884414673,-2.4520769119262695,0.4665738344192505,2.5090484619140625,-0.48378852009773254
0.8795166611671448,0.27841243147850037,-1.0916770696640015,-2.422508478164673,0.4256054162979126,2.509664535522461,-0.45343366265296936
0.7673510313034058,0.2698811888694763,-0.9827743768692017,-2.3923254013061523,0.3845442831516266,2.5088653564453125,-0.42307883501052856
0.6493212580680847,0.26485711336135864,-0.8675224184989929,-2.361497402191162,0.34334686398506165,2.5066919326782227,-0.3927239775657654
0.527880847454071,0.26350414752960205,-0.7483401894569397,-2.3299925327301025,0.3019634187221527,2.503170967102051,-0.3623691201210022
0.4059019386768341,0.26589909195899963,-0.628058910369873,-2.2977757453918457,0.26034221053123474,2.498314380645752,-0.3320142924785614
0.2862664461135864,0.2720189094543457,-0.5095090270042419,-2.2648098468780518,0.2184228003025055,2.492121696472168,-0.3016594350337982
0.17146067321300507,0.2817491888999939,-0.3951246440410614,-2.2310538291931152,0.1761389672756195,2.4845778942108154,-0.2713046073913574
0.0632934495806694,0.29490962624549866,-0.28664690256118774,-2.1964633464813232,0.1334141194820404,2.4756548404693604,-0.24094976484775543
-0.03718406334519386,0.3112908899784088,-0.18504975736141205,-2.1609902381896973,0.0901615172624588,2.4653093814849854,-0.21059489250183105
-0.1296023726463318,0.33068904280662537,-0.09061148762702942,-2.1245803833007812,0.04627995938062668,2.4534833431243896,-0.18024004995822906
-0.21410392224788666,0.35292935371398926,-0.00308156106621027,-2.087174415588379,0.0016504338709637523,2.440101385116577,-0.1498851776123047
-0.2911582887172699,0.3778856694698334,0.0781383365392685,-2.048705577850342,-0.0438656248152256,2.425067663192749,-0.11953034996986389
-0.36141499876976013,0.4054886996746063,0.15385331213474274,-2.0090999603271484,-0.0904364138841629,2.4082632064819336,-0.0891755074262619
-0.42558544874191284,0.4357359707355499,0.22496238350868225,-1.9682714939117432,-0.1382635533809662,2.389540910720825,-0.05882064253091812
-0.48437419533729553,0.46869349479675293,0.2924013137817383,-1.9261243343353271,-0.18759270012378693,2.3687195777893066,-0.02846580557525158
-0.475078821182251,0.4660046398639679,0.289882630109787,-1.9299834966659546,-0.18534046411514282,2.3704681396484375,-0.047375813126564026
-0.46567630767822266,0.46340009570121765,0.28729248046875,-1.9336966276168823,-0.18307113647460938,2.3721556663513184,-0.06628582626581192
-0.4561671018600464,0.46088096499443054,0.28463050723075867,-1.9372645616531372,-0.18078483641147614,2.3737833499908447,-0.08519583195447922
-0.44655418395996094,0.4584478437900543,0.28189852833747864,-1.9406869411468506,-0.1784835159778595,2.3753514289855957,-0.10410583764314651
-0.4368380010128021,0.4561002254486084,0.2790961265563965,-1.9439644813537598,-0.17616644501686096,2.376859664916992,-0.12301585078239441
-0.4270210862159729,0.45383986830711365,0.276224821805954,-1.947096586227417,-0.1738356649875641,2.378307819366455,-0.1419258564710617
-0.417105108499527,0.4516655504703522,0.27328506112098694,-1.9500843286514282,-0.1714908331632614,2.3796963691711426,-0.160835862159729
-0.40709322690963745,0.4495786428451538,0.2702791094779968,-1.9529274702072144,-0.16913385689258575,2.381025552749634,-0.1797458827495575
-0.39698606729507446,0.4475788176059723,0.2672066390514374,-1.9556262493133545,-0.16676422953605652,2.3822946548461914,-0.1986558884382248
-0.38678643107414246,0.4456675350666046,0.26406875252723694,-1.958180546760559,-0.16438357532024384,2.38350510597229,-0.2175658941268921
-0.37649741768836975,0.4438434839248657,0.2608683109283447,-1.9605910778045654,-0.1619923859834671,2.3846559524536133,-0.23647591471672058
-0.3661220967769623,0.4421080946922302,0.2576069235801697,-1.9628573656082153,-0.15959206223487854,2.385747194290161,-0.2553859055042267
-0.3556623160839081,0.4404611885547638,0.2542853057384491,-1.964979887008667,-0.15718302130699158,2.386779308319092,-0.2742959260940552
-0.34512028098106384,0.43890416622161865,0.2509045898914337,-1.9669582843780518,-0.15476547181606293,2.387752056121826,-0.2932059168815613
-0.33450061082839966,0.4374362528324127,0.2474682480096817,-1.9687929153442383,-0.15234129130840302,2.388665199279785,-0.3121159076690674
-0.32380494475364685,0.43605896830558777,0.24397686123847961,-1.9704838991165161,-0.149911031126976,2.3895201683044434,-0.33102595806121826
-0.3130379319190979,0.43477046489715576,0.24043379724025726,-1.9720314741134644,-0.14747536182403564,2.390315055847168,-0.34993594884872437
-0.3022024631500244,0.43357372283935547,0.23684094846248627,-1.9734350442886353,-0.14503566920757294,2.3910510540008545,-0.36884596943855286
-0.2913018465042114,0.43246719241142273,0.23320037126541138,-1.9746954441070557,-0.14259237051010132,2.3917276859283447,-0.38775596022605896
-0.28033876419067383,0.4314521849155426,0.2295135259628296,-1.9758119583129883,-0.1401461511850357,2.392345666885376,-0.40666598081588745
-0.269318550825119,0.4305281341075897,0.22578471899032593,-1.9767855405807495,-0.13769873976707458,2.392904043197632,-0.42557600140571594
-0.2582448124885559,0.4296959936618805,0.22201642394065857,-1.9776149988174438,-0.13525085151195526,2.3934030532836914,-0.44448602199554443
-0.24712088704109192,0.42895644903182983,0.21821065247058868,-1.9783014059066772,-0.13280342519283295,2.393843412399292,-0.46339598298072815
-0.235950767993927,0.4283086657524109,0.21437034010887146,-1.9788439273834229,-0.13035713136196136,2.394223690032959,-0.48230600357055664
-0.22473937273025513,0.4277539551258087,0.21049919724464417,-1.979243278503418,-0.12791360914707184,2.394545555114746,-0.5012159943580627
-0.21349000930786133,0.42729148268699646,0.20659932494163513,-1.9794994592666626,-0.12547318637371063,2.394808053970337,-0.5201260447502136
-0.2022072672843933,0.42692241072654724,0.2026742398738861,-1.9796117544174194,-0.12303712964057922,2.3950109481811523,-0.5390360355377197
-0.19089534878730774,0.42664575576782227,0.1987268328666687,-1.9795811176300049,-0.1206061840057373,2.3951544761657715,-0.5579460263252258
-0.17955894768238068,0.4264635443687439,0.1947607845067978,-1.979406476020813,-0.11818207055330276,2.3952388763427734,-0.5768560171127319
-0.16820207238197327,0.4263748228549957,0.19077886641025543,-1.979088306427002,-0.11576507240533829,2.395263433456421,-0.595766007900238
-0.1568293422460556,0.4263796806335449,0.1867845356464386,-1.9786267280578613,-0.11335628479719162,2.395228385925293,-0.6146760582923889
-0.14544473588466644,0.4264782667160034,0.18278057873249054,-1.978021502494812,-0.11095669120550156,2.395134449005127,-0.6335861086845398
-0.13405361771583557,0.42667141556739807,0.17877131700515747,-1.977272629737854,-0.10856767743825912,2.3949804306030273,-0.6524960994720459
-0.12266051024198532,0.42695870995521545,0.17476005852222443,-1.9763801097869873,-0.1061902716755867,2.3947668075561523,-0.671406090259552
-0.11126881092786789,0.4273398220539093,0.17074914276599884,-1.975343942642212,-0.10382480919361115,2.394493579864502,-0.6903161406517029
-0.0998842641711235,0.4278148412704468,0.16674306988716125,-1.9741637706756592,-0.10147281736135483,2.3941597938537598,-0.709226131439209
-0.08851078152656555,0.42838531732559204,0.16274480521678925,-1.9728397130966187,-0.09913553297519684,2.3937668800354004,-0.7281361222267151
-0.0771525576710701,0.42904987931251526,0.1587572991847992,-1.9713717699050903,-0.09681341797113419,2.3933138847351074,-0.7470461130142212
-0.06581401079893112,0.4298091530799866,0.1547839641571045,-1.969759464263916,-0.09450750052928925,2.3928005695343018,-0.7659561634063721
-0.05450037494301796,0.4306620657444,0.15082894265651703,-1.968003511428833,-0.09221911430358887,2.3922269344329834,-0.784866213798523
-0.04321533441543579,0.43161025643348694,0.14689485728740692,-1.966102957725525,-0.08994923532009125,2.3915932178497314,-0.803776204586029
-0.031962811946868896,0.43265286087989807,0.1429845690727234,-1.9640579223632812,-0.08769826591014862,2.3908989429473877,-0.8226861953735352
-0.02074868604540825,0.433789998292923,0.1391030251979828,-1.9618686437606812,-0.085468590259552,2.3901443481445312,-0.841596245765686
-0.009574607014656067,0.4350212812423706,0.1352507472038269,-1.9595346450805664,-0.08325939625501633,2.389328718185425,-0.8605062365531921
0.0015536276623606682,0.43634679913520813,0.13143259286880493,-1.9570558071136475,-0.08107273280620575,2.3884525299072266,-0.8794161677360535
0.012632656842470169,0.4377666413784027,0.1276508867740631,-1.9544318914413452,-0.07890915125608444,2.387515068054199,-0.8983261585235596
0.02365836687386036,0.43928104639053345,0.12390897423028946,-1.9516631364822388,-0.07677008956670761,2.386516809463501,-0.9172362089157104
0.034627240151166916,0.4408891499042511,0.1202092319726944,-1.948749303817749,-0.0746559351682663,2.3854572772979736,-0.9361461997032166
0.045534998178482056,0.4425915479660034,0.11655508726835251,-1.9456895589828491,-0.07256803661584854,2.384336471557617,-0.9550562500953674
0.05637873336672783,0.4443877339363098,0.11294861137866974,-1.9424841403961182,-0.07050728797912598,2.3831539154052734,-0.9739662408828735
0.06715527176856995,0.44627800583839417,0.10939206182956696,-1.9391326904296875,-0.06847389042377472,2.3819093704223633,-0.9928762912750244
0.07786017656326294,0.4482618570327759,0.10588906705379486,-1.9356353282928467,-0.06646997481584549,2.380603313446045,-1.0117862224578857
0.08849141001701355,0.45033925771713257,0.10244078934192657,-1.931991457939148,-0.0644955113530159,2.379234552383423,-1.0306962728500366
0.10364501923322678,0.4522649943828583,0.08624013513326645,-1.927852988243103,-0.054453641176223755,2.377915143966675,-1.0561599731445312
0.11872053146362305,0.454305499792099,0.07008852064609528,-1.9236856698989868,-0.04438803717494011,2.376530170440674,-1.0816237926483154
0.13371263444423676,0.4564610421657562,0.05399042367935181,-1.9194895029067993,-0.0342988483607769,2.37507963180542,-1.10708749294281
0.14861901104450226,0.45872950553894043,0.037947144359350204,-1.9152648448944092,-0.02418379671871662,2.3735623359680176,-1.1325513124465942
0.16343455016613007,0.4611131250858307,0.021962979808449745,-1.911010980606079,-0.014042793773114681,2.371978521347046,-1.1580150127410889
0.1781601756811142,0.46361058950424194,0.006035728845745325,-1.90672767162323,-0.003872110741212964,2.3703269958496094,-1.183478832244873
0.19278313219547272,0.4662226140499115,-0.00982228945940733,-1.9024145603179932,0.006323088426142931,2.368607759475708,-1.2089425325393677
0.20730644464492798,0.46894824504852295,-0.025615308433771133,-1.8980722427368164,0.016547642648220062,2.3668198585510254,-1.2344063520431519
0.22172607481479645,0.47178882360458374,-0.041340503841638565,-1.893699288368225,0.02680244669318199,2.364962577819824,-1.2598700523376465
0.23603971302509308,0.47474318742752075,-0.05699646845459938,-1.8892966508865356,0.03708831965923309,2.3630356788635254,-1.2853338718414307
0.250243604183197,0.4778127670288086,-0.07258056849241257,-1.8848628997802734,0.047406211495399475,2.3610379695892334,-1.3107975721359253
0.2643367648124695,0.480996698141098,-0.08809299767017365,-1.8803983926773071,0.0577574148774147,2.358968734741211,-1.3362613916397095
0.2783164381980896,0.4842955768108368,-0.10353215038776398,-1.8759033679962158,0.06814336031675339,2.356828212738037,-1.361725091934204
0.29218026995658875,0.48770931363105774,-0.11889683455228806,-1.871376633644104,0.07856464385986328,2.354614019393921,-1.3871887922286987
0.30592697858810425,0.49123820662498474,-0.13418704271316528,-1.8668183088302612,0.08902336657047272,2.3523261547088623,-1.412652611732483
0.3195549547672272,0.4948827922344208,-0.14940237998962402,-1.862228274345398,0.0995202362537384,2.3499631881713867,-1.438116431236267
0.33306223154067993,0.4986429214477539,-0.16454225778579712,-1.8576061725616455,0.11005639284849167,2.347524642944336,-1.4635801315307617
0.34644702076911926,0.5025195479393005,-0.179606094956398,-1.8529518842697144,0.12063312530517578,2.3450098037719727,-1.4890438318252563
0.3597092628479004,0.5065127015113831,-0.1945953667163849,-1.8482648134231567,0.13125254213809967,2.342417001724243,-1.5145076513290405
0.3728477358818054,0.5106225609779358,-0.2095102220773697,-1.8435453176498413,0.1419154852628708,2.33974552154541,-1.5399714708328247
0.385861337184906,0.5148506164550781,-0.22435115277767181,-1.8387924432754517,0.15262386202812195,2.336994171142578,-1.5654351711273193
0.39874887466430664,0.5191973447799683,-0.2391197830438614,-1.83400559425354,0.16337905824184418,2.3341615200042725,-1.590898871421814
0.41151100397109985,0.5236623287200928,-0.25381553173065186,-1.8291854858398438,0.17418251931667328,2.3312458992004395,-1.6163626909255981
0.4241463541984558,0.5282477736473083,-0.2684401273727417,-1.8243310451507568,0.1850363314151764,2.3282470703125,-1.6418265104293823
0.43665578961372375,0.5329528450965881,-0.28299638628959656,-1.8194427490234375,0.19594232738018036,2.325162887573242,-1.667290210723877
0.44903701543807983,0.5377795696258545,-0.2974833846092224,-1.8145196437835693,0.20690129697322845,2.3219923973083496,-1.6927539110183716
0.46129244565963745,0.5427289605140686,-0.31190577149391174,-1.8095611333847046,0.2179163694381714,2.3187336921691895,-1.7182177305221558
0.473421573638916,0.5478015542030334,-0.32626500725746155,-1.8045674562454224,0.22898943722248077,2.3153843879699707,-1.7436814308166504
0.4854235053062439,0.5529989004135132,-0.34056180715560913,-1.7995383739471436,0.2401220053434372,2.3119449615478516,-1.7691452503204346
0.49729934334754944,0.5583217740058899,-0.35479965806007385,-1.7944731712341309,0.2513160705566406,2.3084115982055664,-1.7946089506149292
0.5090498924255371,0.5637719631195068,-0.3689815402030945,-1.7893717288970947,0.26257479190826416,2.304784059524536,-1.8200726509094238
0.5206749439239502,0.5693506002426147,-0.38310930132865906,-1.784233570098877,0.273899644613266,2.3010592460632324,-1.845536470413208
0.5321750044822693,0.5750599503517151,-0.3971859812736511,-1.7790582180023193,0.2852933406829834,2.2972359657287598,-1.8710002899169922
0.5435512065887451,0.5809009671211243,-0.41121503710746765,-1.773845911026001,0.2967587411403656,2.293311834335327,-1.8964639902114868
0.5548046827316284,0.5868753790855408,-0.4252004325389862,-1.7685954570770264,0.30829817056655884,2.2892842292785645,-1.9219276905059814
0.5659347176551819,0.5929857492446899,-0.43914395570755005,-1.7633068561553955,0.3199145197868347,2.285151720046997,-1.947391390800476
0.5769447088241577,0.5992332696914673,-0.4530516266822815,-1.7579797506332397,0.33161112666130066,2.2809112071990967,-1.9728553295135498
0.5878328084945679,0.6056216359138489,-0.46692487597465515,-1.7526136636734009,0.3433908224105835,2.2765605449676514,-1.998319149017334
0.5986012816429138,0.6121513247489929,-0.48076871037483215,-1.7472082376480103,0.3552558422088623,2.272097110748291,-2.023782730102539
0.6092516779899597,0.6188260316848755,-0.49458813667297363,-1.7417634725570679,0.3672109842300415,2.2675180435180664,-2.0492465496063232
0.6197842955589294,0.6256483793258667,-0.5083869099617004,-1.7362781763076782,0.37925928831100464,2.262820243835449,-2.0747103691101074
0.6301999092102051,0.6326215267181396,-0.522169291973114,-1.7307522296905518,0.3914048671722412,2.2580008506774902,-2.1001741886138916
0.6405003070831299,0.6397477388381958,-0.5359407663345337,-1.7251851558685303,0.4036504030227661,2.253056287765503,-2.1256377696990967
0.6506857872009277,0.6470310091972351,-0.5497055053710938,-1.719576358795166,0.41600126028060913,2.2479846477508545,-2.151101589202881
0.6607584953308105,0.6544746160507202,-0.5634698867797852,-1.713925838470459,0.4284616708755493,2.2427802085876465,-2.176565408706665
0.6707188487052917,0.6620825529098511,-0.5772389769554138,-1.7082326412200928,0.441035658121109,2.237440347671509,-2.20202898979187
0.6805692315101624,0.6698588132858276,-0.5910194516181946,-1.7024965286254883,0.45372894406318665,2.2319602966308594,-2.2274928092956543
0.690309464931488,0.6778072118759155,-0.604816198348999,-1.6967167854309082,0.4665463864803314,2.22633695602417,-2.2529566287994385
0.6999413967132568,0.6859325170516968,-0.6186361908912659,-1.690893530845642,0.4794932007789612,2.2205653190612793,-2.2784204483032227
0.7094660401344299,0.6942405104637146,-0.6324862837791443,-1.6850250959396362,0.4925754964351654,2.2146401405334473,-2.303884267807007
0.7188844084739685,0.7027351260185242,-0.6463726162910461,-1.6791117191314697,0.5057991743087769,2.208557367324829,-2.329347848892212
0.7281979322433472,0.7114235162734985,-0.6603036522865295,-1.6731526851654053,0.5191712975502014,2.202310800552368,-2.354811668395996
0.7374086976051331,0.7203097939491272,-0.674287736415863,-1.6671472787857056,0.5326985716819763,2.195894718170166,-2.3802754878997803
0.746515691280365,0.7294019460678101,-0.6883308291435242,-1.661095380783081,0.5463882684707642,2.1893041133880615,-2.4057390689849854
0.7555220723152161,0.7387065291404724,-0.7024438381195068,-1.6549956798553467,0.5602490305900574,2.1825313568115234,-2.4312028884887695
0.7644280195236206,0.7482306361198425,-0.7166349291801453,-1.648848295211792,0.5742889642715454,2.175570249557495,-2.4566664695739746
0.7732340693473816,0.7579830288887024,-0.7309132814407349,-1.6426517963409424,0.5885171890258789,2.1684136390686035,-2.482130289077759
0.7819429039955139,0.7679716348648071,-0.7452911138534546,-1.6364058256149292,0.602944552898407,2.161052703857422,-2.507594108581543
0.7905548214912415,0.7782071232795715,-0.7597792148590088,-1.6301097869873047,0.6175811290740967,2.1534783840179443,-2.533057928085327
