1.282147765159607,1.1177866458892822,-1.0051095485687256,-1.2287883758544922,0.923382580280304,1.8830816745758057,-2.0635409355163574
1.2846150398254395,1.1153182983398438,-1.0052478313446045,-1.2346570491790771,0.922799289226532,1.8851677179336548,-2.042306900024414
1.2870817184448242,1.1128904819488525,-1.0054383277893066,-1.2404804229736328,0.9222684502601624,1.8872202634811401,-2.0210726261138916
1.2895491123199463,1.1105018854141235,-1.0056800842285156,-1.246260643005371,0.9217885732650757,1.8892403841018677,-1.9998385906219482
1.2920149564743042,1.1081507205963135,-1.0059682130813599,-1.2519984245300293,0.9213555455207825,1.8912303447723389,-1.9786044359207153
1.2944821119308472,1.1058365106582642,-1.0063042640686035,-1.2576954364776611,0.9209706783294678,1.8931891918182373,-1.957370400428772
1.296947956085205,1.1035584211349487,-1.0066843032836914,-1.2633514404296875,0.9206303358078003,1.8951185941696167,-1.936136245727539
1.2994139194488525,1.1013153791427612,-1.0071074962615967,-1.2689669132232666,0.9203329682350159,1.8970189094543457,-1.9149020910263062
1.3018786907196045,1.099106788635254,-1.0075712203979492,-1.2745442390441895,0.9200766086578369,1.8988919258117676,-1.8936679363250732
1.3043442964553833,1.096933126449585,-1.0080780982971191,-1.2800829410552979,0.9198634028434753,1.90073561668396,-1.8724339008331299
1.3068089485168457,1.0947904586791992,-1.0086208581924438,-1.2855851650238037,0.9196860194206238,1.902553915977478,-1.851199746131897
1.3092741966247559,1.092681646347046,-1.0092036724090576,-1.2910499572753906,0.9195489287376404,1.9043444395065308,-1.829965591430664
1.3117384910583496,1.0906040668487549,-1.009822130203247,-1.296478509902954,0.9194479584693909,1.9061094522476196,-1.8087315559387207
1.314201831817627,1.0885564088821411,-1.0104739665985107,-1.301872730255127,0.9193800687789917,1.9078503847122192,-1.7874974012374878
1.3166656494140625,1.0865389108657837,-1.0111603736877441,-1.3072328567504883,0.9193466305732727,1.9095665216445923,-1.7662632465362549
1.3191286325454712,1.0845521688461304,-1.0118803977966309,-1.3125581741333008,0.9193474650382996,1.9112573862075806,-1.745029091835022
1.3215925693511963,1.0825941562652588,-1.0126330852508545,-1.3178505897521973,0.9193803071975708,1.9129242897033691,-1.7237950563430786
1.3240536451339722,1.080664038658142,-1.013413667678833,-1.3231103420257568,0.9194422960281372,1.9145698547363281,-1.7025609016418457
1.3265169858932495,1.0787626504898071,-1.0142276287078857,-1.328338384628296,0.9195361733436584,1.9161906242370605,-1.6813267469406128
1.328979253768921,1.0768893957138062,-1.0150700807571411,-1.3335347175598145,0.9196596145629883,1.9177889823913574,-1.6600927114486694
1.3314411640167236,1.0750421285629272,-1.0159400701522827,-1.338700532913208,0.9198101162910461,1.9193662405014038,-1.6388585567474365
1.3339017629623413,1.0732215642929077,-1.0168367624282837,-1.3438353538513184,0.9199876189231873,1.920921802520752,-1.6176244020462036
1.3363629579544067,1.071427822113037,-1.0177617073059082,-1.3489406108856201,0.920193076133728,1.9224555492401123,-1.5963903665542603
1.3388241529464722,1.0696582794189453,-1.0187110900878906,-1.3540174961090088,0.920423150062561,1.9239692687988281,-1.5751562118530273
1.3412845134735107,1.0679144859313965,-1.0196857452392578,-1.3590645790100098,0.9206782579421997,1.925462245941162,-1.5539220571517944
1.3437448740005493,1.0661962032318115,-1.020686149597168,-1.3640837669372559,0.9209591150283813,1.9269342422485352,-1.532688021659851
1.346204161643982,1.0645017623901367,-1.0217087268829346,-1.3690752983093262,0.9212623834609985,1.9283876419067383,-1.5114538669586182
1.3486632108688354,1.0628302097320557,-1.0227534770965576,-1.3740394115447998,0.9215877056121826,1.9298219680786133,-1.4902197122573853
1.3511223793029785,1.0611839294433594,-1.0238229036331177,-1.3789763450622559,0.9219377040863037,1.9312357902526855,-1.4689855575561523
1.3535802364349365,1.0595594644546509,-1.0249114036560059,-1.3838870525360107,0.9223071336746216,1.9326324462890625,-1.447751522064209
1.3560386896133423,1.0579586029052734,-1.026023030281067,-1.3887717723846436,0.9226990342140198,1.9340094327926636,-1.426517367362976
1.3584964275360107,1.0563805103302002,-1.0271550416946411,-1.3936307430267334,0.9231113791465759,1.935368299484253,-1.4052832126617432
1.360953450202942,1.0548241138458252,-1.0283063650131226,-1.3984646797180176,0.9235438704490662,1.9367096424102783,-1.3840491771697998
1.3634097576141357,1.0532891750335693,-1.0294768810272217,-1.403273582458496,0.9239946603775024,1.9380334615707397,-1.362815022468567
1.365866780281067,1.051776647567749,-1.030668020248413,-1.4080584049224854,0.9244663715362549,1.9393389225006104,-1.341580867767334
1.3683220148086548,1.0502848625183105,-1.0318762063980103,-1.412818431854248,0.9249551892280579,1.9406280517578125,-1.3203468322753906
1.37077796459198,1.0488144159317017,-1.033103346824646,-1.417555332183838,0.925462007522583,1.9418997764587402,-1.2991126775741577
1.3732326030731201,1.0473642349243164,-1.0343472957611084,-1.4222686290740967,0.925987184047699,1.9431554079055786,-1.2778785228729248
1.375686526298523,1.0459345579147339,-1.0356080532073975,-1.4269590377807617,0.9265288710594177,1.9443944692611694,-1.256644368171692
1.3781404495239258,1.0445245504379272,-1.0368854999542236,-1.431626796722412,0.9270862340927124,1.94561767578125,-1.2354103326797485
1.3805935382843018,1.043135166168213,-1.038179636001587,-1.436272144317627,0.9276609420776367,1.9468246698379517,-1.2141761779785156
1.383047342300415,1.0417654514312744,-1.0394909381866455,-1.4408955574035645,0.9282529950141907,1.9480149745941162,-1.1929420232772827
1.3854968547821045,1.0404112339019775,-1.0408108234405518,-1.445497751235962,0.9288536310195923,1.9491933584213257,-1.1717079877853394
1.3879480361938477,1.0390790700912476,-1.0421507358551025,-1.450078010559082,0.9294742941856384,1.950353741645813,-1.1504738330841064
1.3903989791870117,1.0377660989761353,-1.0435054302215576,-1.454636573791504,0.9301096796989441,1.9514989852905273,-1.129239797592163
1.392848253250122,1.0364707708358765,-1.044872522354126,-1.4591753482818604,0.9307575225830078,1.9526304006576538,-1.1080056428909302
1.395298957824707,1.0351954698562622,-1.0462570190429688,-1.4636931419372559,0.9314224123954773,1.953744888305664,-1.0867714881896973
1.3977466821670532,1.0339367389678955,-1.0476516485214233,-1.4681906700134277,0.9320985674858093,1.9548470973968506,-1.0655373334884644
1.4001946449279785,1.032697081565857,-1.0490610599517822,-1.472668170928955,0.9327893257141113,1.9559338092803955,-1.0443031787872314
1.4026424884796143,1.0314744710922241,-1.0504834651947021,-1.477126121520996,0.9334927201271057,1.9570059776306152,-1.023069143295288
1.4050893783569336,1.0302704572677612,-1.0519192218780518,-1.4815645217895508,0.9342092871665955,1.9580641984939575,-1.0018349885940552
1.4075347185134888,1.0290831327438354,-1.0533658266067505,-1.4859833717346191,0.9349379539489746,1.9591090679168701,-0.9806008338928223
1.409980058670044,1.0279127359390259,-1.0548250675201416,-1.4903841018676758,0.9356788396835327,1.9601398706436157,-0.9593667387962341
1.412424087524414,1.0267596244812012,-1.056295394897461,-1.494765281677246,0.9364311099052429,1.9611575603485107,-0.938132643699646
1.4148682355880737,1.025623083114624,-1.0577783584594727,-1.499128818511963,0.9371958374977112,1.9621610641479492,-0.9168985486030579
1.417311191558838,1.02450430393219,-1.0592725276947021,-1.5034732818603516,0.9379717707633972,1.9631510972976685,-0.8956644535064697
1.4197471141815186,1.0234016180038452,-1.0607717037200928,-1.5078001022338867,0.9387579560279846,1.9641293287277222,-0.874430239200592
1.4221891164779663,1.0223156213760376,-1.0622882843017578,-1.5121092796325684,0.9395565986633301,1.965092658996582,-0.8531961441040039
1.4246292114257812,1.0212445259094238,-1.0638134479522705,-1.5164010524749756,0.940364420413971,1.9660447835922241,-0.8319620490074158
1.4270678758621216,1.0201892852783203,-1.0653479099273682,-1.5206751823425293,0.9411821961402893,1.9669842720031738,-0.8107279539108276
1.429506540298462,1.019150733947754,-1.0668938159942627,-1.5249319076538086,0.9420111179351807,1.9679102897644043,-0.7894937992095947
1.4319443702697754,1.0181281566619873,-1.0684499740600586,-1.5291721820831299,0.9428508281707764,1.9688236713409424,-0.7682597041130066
1.434381127357483,1.0171209573745728,-1.0700149536132812,-1.533395528793335,0.9436994791030884,1.9697248935699463,-0.7470256090164185
1.436816930770874,1.0161287784576416,-1.0715889930725098,-1.537602424621582,0.9445571899414062,1.970613956451416,-0.7257914543151855
1.4392515420913696,1.0151519775390625,-1.0731722116470337,-1.541792869567871,0.9454248547554016,1.9714909791946411,-0.7045573592185974
1.4416848421096802,1.0141898393630981,-1.0747631788253784,-1.5459675788879395,0.9462999105453491,1.972356915473938,-0.6833232045173645
1.4441179037094116,1.0132441520690918,-1.0763649940490723,-1.5501258373260498,0.9471873044967651,1.9732091426849365,-0.6620891094207764
1.4465490579605103,1.0123112201690674,-1.077972650527954,-1.5542688369750977,0.9480801820755005,1.9740514755249023,-0.6408549547195435
1.4489800930023193,1.0113948583602905,-1.0795906782150269,-1.5583958625793457,0.9489833116531372,1.974880576133728,-0.6196208596229553
1.4514092206954956,1.0104923248291016,-1.081215500831604,-1.5625076293945312,0.949894368648529,1.9756989479064941,-0.5983867645263672
1.4538376331329346,1.009604573249817,-1.0828487873077393,-1.5666038990020752,0.9508137702941895,1.9765055179595947,-0.577152669429779
1.4562654495239258,1.0087313652038574,-1.084490418434143,-1.570685625076294,0.9517418742179871,1.9773004055023193,-0.5559185743331909
1.4586917161941528,1.007872223854065,-1.0861387252807617,-1.5747520923614502,0.9526774287223816,1.9780842065811157,-0.5346843004226685
1.461117148399353,1.0070273876190186,-1.0877950191497803,-1.5788037776947021,0.9536209106445312,1.9788565635681152,-0.5134502053260803
1.4635400772094727,1.006196141242981,-1.0894570350646973,-1.582841157913208,0.954571545124054,1.9796189069747925,-0.4922161102294922
1.4659631252288818,1.005379557609558,-1.0911271572113037,-1.5868639945983887,0.9555301666259766,1.9803690910339355,-0.47098201513290405
1.4683837890625,1.004575490951538,-1.0928027629852295,-1.5908725261688232,0.9564948081970215,1.9811099767684937,-0.4497479200363159
1.470804214477539,1.0037870407104492,-1.094487190246582,-1.5948669910430908,0.9574688076972961,1.9818379878997803,-0.4285138249397278
1.4732236862182617,1.0030121803283691,-1.0961781740188599,-1.5988473892211914,0.9584490060806274,1.9825551509857178,-0.40727972984313965
1.4756405353546143,1.0022482872009277,-1.0978726148605347,-1.6028144359588623,0.9594342112541199,1.9832639694213867,-0.38604557514190674
1.4780569076538086,1.001500129699707,-1.0995757579803467,-1.606767177581787,0.9604284763336182,1.9839603900909424,-0.3648114800453186
1.4804719686508179,1.0007649660110474,-1.1012845039367676,-1.6107068061828613,0.9614288210868835,1.9846466779708862,-0.34357738494873047
1.4828855991363525,1.0000427961349487,-1.102998971939087,-1.6146328449249268,0.9624354243278503,1.9853224754333496,-0.322343111038208
1.4852986335754395,0.9993348717689514,-1.104720950126648,-1.6185458898544312,0.963450014591217,1.9859869480133057,-0.3011090159416199
1.4877089262008667,0.9986383318901062,-1.1064459085464478,-1.6224457025527954,0.9644684195518494,1.9866429567337036,-0.27987492084503174
1.4901182651519775,0.9979555606842041,-1.1081775426864624,-1.6263325214385986,0.9654945135116577,1.9872878789901733,-0.2586408257484436
1.4925260543823242,0.9972859621047974,-1.1099145412445068,-1.6302064657211304,0.9665262699127197,1.9879226684570312,-0.23740673065185547
1.4949331283569336,0.9966283440589905,-1.111656904220581,-1.6340678930282593,0.9675632119178772,1.9885478019714355,-0.21617260575294495
1.497337818145752,0.9959847927093506,-1.1134045124053955,-1.6379164457321167,0.968607485294342,1.9891620874404907,-0.1949385404586792
1.4997411966323853,0.9953527450561523,-1.1151564121246338,-1.64175283908844,0.9696559906005859,1.98976731300354,-0.17370441555976868
1.5021436214447021,0.9947340488433838,-1.1169142723083496,-1.6455767154693604,0.9707111120223999,1.9903616905212402,-0.15247035026550293
1.5045439004898071,0.994127631187439,-1.1186763048171997,-1.6493885517120361,0.9717715978622437,1.9909470081329346,-0.13123604655265808
1.5069423913955688,0.9935334920883179,-1.1204428672790527,-1.653187870979309,0.9728370308876038,1.9915223121643066,-0.11000197380781174
1.509339690208435,0.9929518103599548,-1.1222141981124878,-1.6569758653640747,0.973908007144928,1.9920880794525146,-0.08876784890890121
1.5117353200912476,0.9923825860023499,-1.1239898204803467,-1.6607513427734375,0.9749847054481506,1.9926440715789795,-0.06753372400999069
1.5141292810440063,0.9918255805969238,-1.125770092010498,-1.6645153760910034,0.9760661125183105,1.9931901693344116,-0.046299658715724945
1.5165218114852905,0.9912808537483215,-1.1275546550750732,-1.6682677268981934,0.977152407169342,1.9937269687652588,-0.025065531954169273
1.5189125537872314,0.9907479882240295,-1.129343032836914,-1.672008752822876,0.9782441854476929,1.9942543506622314,-0.003831466194242239
1.5213011503219604,0.9902270436286926,-1.131135106086731,-1.675737977027893,0.9793400168418884,1.9947725534439087,0.017402660101652145
1.5236884355545044,0.9897183775901794,-1.1329317092895508,-1.6794562339782715,0.9804412722587585,1.9952807426452637,0.03863672539591789
1.526073694229126,0.9892216920852661,-1.1347315311431885,-1.6831629276275635,0.9815470576286316,1.995780110359192,0.059870850294828415
1.5284571647644043,0.9887361526489258,-1.1365351676940918,-1.6868587732315063,0.9826569557189941,1.9962705373764038,0.08110509812831879
1.5308390855789185,0.9882631301879883,-1.1383428573608398,-1.690543532371521,0.9837727546691895,1.9967509508132935,0.10233922302722931
1.5332190990447998,0.9878016114234924,-1.1401535272598267,-1.6942174434661865,0.9848918914794922,1.997222661972046,0.12357335537672043
1.535597562789917,0.9873523712158203,-1.1419687271118164,-1.6978802680969238,0.9860166907310486,1.997684359550476,0.14480741322040558
1.5379736423492432,0.9869140386581421,-1.1437859535217285,-1.7015327215194702,0.9871445894241333,1.9981378316879272,0.1660415381193161
1.540347933769226,0.9864877462387085,-1.1456069946289062,-1.7051743268966675,0.9882770776748657,1.998582124710083,0.18727560341358185
1.5427204370498657,0.9860724806785583,-1.1474308967590332,-1.7088055610656738,0.9894133806228638,1.9990174770355225,0.20850974321365356
1.5450907945632935,0.9856683015823364,-1.1492576599121094,-1.7124264240264893,0.9905540347099304,1.9994440078735352,0.2297438681125641
1.5474592447280884,0.9852766394615173,-1.151087760925293,-1.7160367965698242,0.9916991591453552,1.9998611211776733,0.25097793340682983
1.5498255491256714,0.9848954677581787,-1.1529202461242676,-1.7196369171142578,0.9928475022315979,2.000269889831543,0.27221205830574036
1.5521901845932007,0.9845261573791504,-1.1547563076019287,-1.7232270240783691,0.9940005540847778,2.000669479370117,0.29344630241394043
1.5545523166656494,0.9841678738594055,-1.1565942764282227,-1.726806879043579,0.9951567053794861,2.0010604858398438,0.31468042731285095
1.5569133758544922,0.9838222861289978,-1.158436894416809,-1.7303767204284668,0.9963187575340271,2.001441240310669,0.3359144926071167
1.5592710971832275,0.9834856986999512,-1.160279393196106,-1.7339367866516113,0.9974820613861084,2.0018153190612793,0.3571486175060272
1.5616276264190674,0.9831612706184387,-1.162125825881958,-1.7374870777130127,0.998650074005127,2.0021796226501465,0.37838268280029297
1.5639811754226685,0.9828474521636963,-1.1639735698699951,-1.741027593612671,0.9998206496238708,2.0025360584259033,0.3996168076992035
1.566332459449768,0.9825441837310791,-1.1658235788345337,-1.744558572769165,1.0009952783584595,2.0028839111328125,0.420850932598114
1.5686826705932617,0.9822532534599304,-1.1676772832870483,-1.7480796575546265,1.0021740198135376,2.0032222270965576,0.44208499789237976
1.571029543876648,0.9819721579551697,-1.1695314645767212,-1.751591444015503,1.003355622291565,2.0035529136657715,0.4633191227912903
1.5733751058578491,0.9817031025886536,-1.1713893413543701,-1.7550938129425049,1.0045413970947266,2.0038740634918213,0.48455336689949036
1.5757182836532593,0.981444239616394,-1.173248529434204,-1.7585868835449219,1.0057295560836792,2.0041871070861816,0.5057874917984009
1.578058123588562,0.9811955690383911,-1.1751084327697754,-1.762070655822754,1.0069206953048706,2.00449275970459,0.527021586894989
1.5803966522216797,0.9809585809707642,-1.176971673965454,-1.7655452489852905,1.0081157684326172,2.004788875579834,0.5482556819915771
1.5827325582504272,0.9807323813438416,-1.178836464881897,-1.7690106630325317,1.0093144178390503,2.0050764083862305,0.5694897770881653
1.585066556930542,0.9805172681808472,-1.1807034015655518,-1.7724671363830566,1.0105161666870117,2.0053555965423584,0.5907238721847534
1.5873974561691284,0.9803122878074646,-1.1825710535049438,-1.7759144306182861,1.0117204189300537,2.005626916885376,0.6119580268859863
1.5897258520126343,0.9801177382469177,-1.1844402551651,-1.779353141784668,1.012927532196045,2.005889892578125,0.6331920623779297
1.5920522212982178,0.9799341559410095,-1.1863112449645996,-1.782782793045044,1.014137625694275,2.0061445236206055,0.6544262170791626
1.5943764448165894,0.9797610640525818,-1.188184142112732,-1.7862039804458618,1.0153512954711914,2.0063905715942383,0.675660252571106
1.5966973304748535,0.9795981049537659,-1.1900575160980225,-1.7896161079406738,1.0165674686431885,2.00662899017334,0.6968945860862732
1.5990163087844849,0.9794461727142334,-1.1919326782226562,-1.7930200099945068,1.0177865028381348,2.0068588256835938,0.7181286215782166
1.6013330221176147,0.9793053865432739,-1.1938097476959229,-1.796415090560913,1.0190088748931885,2.007079839706421,0.7393627762794495
1.6036467552185059,0.9791741967201233,-1.1956872940063477,-1.7998017072677612,1.0202336311340332,2.007293224334717,0.7605968117713928
1.6059576272964478,0.979053258895874,-1.1975654363632202,-1.8031799793243408,1.021460771560669,2.0074987411499023,0.7818309664726257
1.574004054069519,0.8993891477584839,-1.1359422206878662,-1.8317999839782715,0.942476749420166,2.07053542137146,0.8113282918930054
1.5401893854141235,0.830600917339325,-1.0805251598358154,-1.8594294786453247,0.8717501163482666,2.1238019466400146,0.840825617313385
1.5045089721679688,0.7698257565498352,-1.0291080474853516,-1.8861054182052612,0.8068206906318665,2.1698110103607178,0.8703230023384094
1.4668716192245483,0.7152990102767944,-0.9802480340003967,-1.9118584394454956,0.7461791634559631,2.2101211547851562,0.8998203277587891
1.4271193742752075,0.6658418774604797,-0.9328858256340027,-1.936715006828308,0.688818097114563,2.2457849979400635,0.9293176531791687
1.3850454092025757,0.6206250190734863,-0.8861774802207947,-1.9606977701187134,0.634025514125824,2.27755069732666,0.9588149785995483
1.3403913974761963,0.5790462493896484,-0.8393949866294861,-1.9838262796401978,0.5812753438949585,2.3059732913970947,0.988312304019928
1.292849063873291,0.5406584143638611,-0.7918713688850403,-2.0061168670654297,0.5301682353019714,2.3314781188964844,1.0178096294403076
1.242057204246521,0.5051282644271851,-0.7429636716842651,-2.027583599090576,0.48039036989212036,2.3543975353240967,1.047307014465332
1.1876016855239868,0.47220954298973083,-0.6920314431190491,-2.0482382774353027,0.43169093132019043,2.3749959468841553,1.076804280281067
1.1290115118026733,0.44172772765159607,-0.6384185552597046,-2.0680899620056152,0.3838650584220886,2.393486261367798,1.1063016653060913
1.0657658576965332,0.41356828808784485,-0.5814490914344788,-2.087146759033203,0.3367447853088379,2.4100427627563477,1.1357990503311157
0.9973061680793762,0.38767266273498535,-0.5204309225082397,-2.105414867401123,0.29018858075141907,2.424806833267212,1.1652963161468506
0.9396106004714966,0.3520212173461914,-0.4972166121006012,-2.150470733642578,0.25955134630203247,2.446044445037842,1.1668808460235596
0.8727529048919678,0.3188190460205078,-0.4678235948085785,-2.191190004348755,0.2276960164308548,2.4649674892425537,1.168465256690979
0.7947328686714172,0.2882201373577118,-0.43007031083106995,-2.2275772094726562,0.19452112913131714,2.4816017150878906,1.170049786567688
0.7031587362289429,0.2604791224002838,-0.3813599944114685,-2.2596044540405273,0.15998394787311554,2.4959559440612793,1.171634316444397
0.5953972935676575,0.2359715849161148,-0.3188220262527466,-2.2872233390808105,0.12409839779138565,2.5080294609069824,1.1732187271118164
0.46904265880584717,0.21521025896072388,-0.2397727370262146,-2.310372829437256,0.08693400770425797,2.5178141593933105,1.1748032569885254
0.32288670539855957,0.19883880019187927,-0.14268064498901367,-2.328986167907715,0.048613712191581726,2.525298833847046,1.1763877868652344
0.15839655697345734,0.18756362795829773,-0.028650544583797455,-2.3430004119873047,0.009309540502727032,2.530468463897705,1.1779723167419434
-0.0189799964427948,0.1820105016231537,0.09727461636066437,-2.352362632751465,-0.03076760657131672,2.533308982849121,1.1795567274093628
-0.15677374601364136,0.17724347114562988,0.23314674198627472,-2.365039348602295,-0.07166201621294022,2.5363807678222656,1.2114149332046509
-0.2980853319168091,0.17591983079910278,0.3722573518753052,-2.377347230911255,-0.11246367543935776,2.538483142852783,1.2432732582092285
-0.43794021010398865,0.17805363237857819,0.5096615552902222,-2.389291286468506,-0.1531951129436493,2.5396196842193604,1.2751314640045166
-0.5716219544410706,0.18350666761398315,0.6406704187393188,-2.400876998901367,-0.19387702643871307,2.539787769317627,1.3069896697998047
-0.6955704092979431,0.19201722741127014,0.7617515325546265,-2.412109375,-0.2345295548439026,2.538978338241577,1.3388478755950928
-0.8077648878097534,0.2032603919506073,0.8709102272987366,-2.422994375228882,-0.2751708924770355,2.5371756553649902,1.3707062005996704
-0.9076181054115295,0.2169029414653778,0.967585027217865,-2.433537244796753,-0.31581932306289673,2.5343546867370605,1.4025644063949585
-0.995547890663147,0.23264697194099426,1.0522189140319824,-2.443743944168091,-0.35649290680885315,2.5304837226867676,1.4344226121902466
-1.0725500583648682,0.2502513825893402,1.1258331537246704,-2.4536209106445312,-0.39721032977104187,2.5255215167999268,1.4662808179855347
-1.1398577690124512,0.2695362865924835,1.189685583114624,-2.463174343109131,-0.4379904568195343,2.5194172859191895,1.4981391429901123
-1.1987247467041016,0.2903829514980316,1.2450557947158813,-2.4724106788635254,-0.4788532555103302,2.5121095180511475,1.5299973487854004
-1.2503199577331543,0.3127273619174957,1.2931382656097412,-2.4813365936279297,-0.5198203325271606,2.503523588180542,1.5618555545806885
-1.2956782579421997,0.33655494451522827,1.3349944353103638,-2.489959239959717,-0.5609169602394104,2.493569850921631,1.5937137603759766
-1.3356815576553345,0.3618967533111572,1.371533751487732,-2.498286247253418,-0.6021702885627747,2.482142925262451,1.6255719661712646
-1.371079444885254,0.38882502913475037,1.4035348892211914,-2.5063247680664062,-0.6436129808425903,2.4691162109375,1.6574302911758423
-1.4024970531463623,0.4174559414386749,1.4316545724868774,-2.514082193374634,-0.6852827668190002,2.4543375968933105,1.6892884969711304
-1.430454134941101,0.4479488432407379,1.4564450979232788,-2.521566867828369,-0.727225661277771,2.437626600265503,1.721146821975708
-1.4553812742233276,0.4805106818675995,1.4783746004104614,-2.5287868976593018,-0.7694953680038452,2.418765068054199,1.753005027770996
-1.4776341915130615,0.5154069662094116,1.4978407621383667,-2.535750389099121,-0.8121615648269653,2.3974876403808594,1.7848632335662842
-1.4975026845932007,0.5529701709747314,1.5151818990707397,-2.542465925216675,-0.8553075790405273,2.373471260070801,1.8167214393615723
-1.5152252912521362,0.5936211347579956,1.5306930541992188,-2.5489425659179688,-0.899043083190918,2.346313953399658,1.84857976436615
-1.5309932231903076,0.6378945112228394,1.54463529586792,-2.5551888942718506,-0.9435081481933594,2.3155086040496826,1.880437970161438
-1.544952392578125,0.6864784359931946,1.5572420358657837,-2.561213970184326,-0.9888891577720642,2.2804083824157715,1.912296175956726
-1.5572082996368408,0.7402840852737427,1.5687334537506104,-2.5670270919799805,-1.0354440212249756,2.240159749984741,1.9441543817520142
-1.567818522453308,0.8005414009094238,1.5793238878250122,-2.5726380348205566,-1.083531141281128,2.1936137676239014,1.9760127067565918
-1.5767858028411865,0.8689980506896973,1.5892436504364014,-2.5780558586120605,-1.1336891651153564,2.1391429901123047,2.00787091255188
-1.5934942960739136,0.7852118015289307,1.5919338464736938,-2.5906765460968018,-1.0742756128311157,2.207784652709961,1.976757287979126
-1.6110782623291016,0.7132794857025146,1.5979729890823364,-2.6029839515686035,-1.018418312072754,2.2653424739837646,1.9456435441970825
-1.6298884153366089,0.6503313183784485,1.607132911682129,-2.6149697303771973,-0.9650747776031494,2.3144659996032715,1.9145299196243286
-1.6502306461334229,0.5944663882255554,1.619345784187317,-2.6266260147094727,-0.913577675819397,2.3569188117980957,1.8834161758422852
-1.6724039316177368,0.544353723526001,1.6346526145935059,-2.637944221496582,-0.8634764552116394,2.393941879272461,1.8523025512695312
-1.6967214345932007,0.49901536107063293,1.6531789302825928,-2.648916482925415,-0.8144468069076538,2.4264516830444336,1.8211888074874878
-1.7235312461853027,0.4577162265777588,1.675130844116211,-2.6595349311828613,-0.7662501931190491,2.4551432132720947,1.7900751829147339
-1.7532298564910889,0.41989144682884216,1.7007941007614136,-2.6697919368743896,-0.7187052965164185,2.4805564880371094,1.75896155834198
-1.7862837314605713,0.38510245084762573,1.730546474456787,-2.679680109024048,-0.6716739535331726,2.5031187534332275,1.727847933769226
-1.823240041732788,0.35300320386886597,1.7648600339889526,-2.689192295074463,-0.625044584274292,2.5231781005859375,1.6967341899871826
-1.8647592067718506,0.32332944869995117,1.8043327331542969,-2.6983208656311035,-0.5787320733070374,2.541012763977051,1.6656205654144287
-1.9116315841674805,0.2958776354789734,1.8497002124786377,-2.707059621810913,-0.5326650142669678,2.556856632232666,1.6345068216323853
-1.9648081064224243,0.2705046832561493,1.9018667936325073,-2.715402603149414,-0.4867890179157257,2.570901393890381,1.6033931970596313
-1.995086908340454,0.28292199969291687,1.8868420124053955,-2.7152786254882812,-0.5084593892097473,2.565171718597412,1.5757215023040771
-2.0199079513549805,0.29525619745254517,1.8667935132980347,-2.712890863418579,-0.5301233530044556,2.5586864948272705,1.5480496883392334
-2.03983473777771,0.307528555393219,1.8425168991088867,-2.7082607746124268,-0.5515760183334351,2.5514817237854004,1.5203779935836792
-2.0553648471832275,0.3197762370109558,1.8147304058074951,-2.701420307159424,-0.5726224780082703,2.5435969829559326,1.4927061796188354
-2.066948652267456,0.3320479094982147,1.7840880155563354,-2.692411422729492,-0.5930843353271484,2.5350701808929443,1.4650344848632812
-2.075000762939453,0.34439677000045776,1.7511869668960571,-2.681283712387085,-0.6128021478652954,2.5259413719177246,1.4373626708984375
-2.0799036026000977,0.35687750577926636,1.7165679931640625,-2.668093681335449,-0.6316384077072144,2.5162501335144043,1.4096909761428833
-2.082014799118042,0.3695423901081085,1.680720567703247,-2.652902603149414,-0.6494805812835693,2.506035327911377,1.3820191621780396
-2.0816614627838135,0.3824370801448822,1.6440776586532593,-2.6357738971710205,-0.6662384271621704,2.4953362941741943,1.3543474674224854
-2.0791444778442383,0.3955994248390198,1.6070194244384766,-2.6167726516723633,-0.6818455457687378,2.484189748764038,1.3266756534576416
-2.0747365951538086,0.4090617299079895,1.5698741674423218,-2.5959630012512207,-0.696258008480072,2.4726297855377197,1.2990039587020874
-2.068678140640259,0.42284679412841797,1.5329145193099976,-2.5734076499938965,-0.7094513177871704,2.4606900215148926,1.2713321447372437
-2.0611815452575684,0.43697282671928406,1.496366024017334,-2.5491647720336914,-0.7214199900627136,2.4483985900878906,1.2436604499816895
-2.052427291870117,0.451449990272522,1.4604053497314453,-2.5232884883880615,-0.7321733236312866,2.435781717300415,1.2159886360168457
-2.042569637298584,0.4662873446941376,1.4251692295074463,-2.4958274364471436,-0.741733729839325,2.422860622406006,1.1883169412612915
-2.0317373275756836,0.4814876317977905,1.3907570838928223,-2.466824531555176,-0.7501322031021118,2.409653663635254,1.1606451272964478
-2.0200376510620117,0.49706190824508667,1.3572392463684082,-2.4363131523132324,-0.7574177384376526,2.3961691856384277,1.1329734325408936
-2.0075576305389404,0.513015866279602,1.324659824371338,-2.4043211936950684,-0.7636382579803467,2.3824141025543213,1.1053016185760498
-1.9943701028823853,0.5293599367141724,1.2930446863174438,-2.370867967605591,-0.7688510417938232,2.3683881759643555,1.0776299238204956
-1.9805339574813843,0.5461084842681885,1.2624051570892334,-2.335963010787964,-0.7731180787086487,2.3540847301483154,1.0499581098556519
-1.9660980701446533,0.5632815957069397,1.2327423095703125,-2.299607276916504,-0.7765064239501953,2.3394908905029297,1.0222864151000977
-1.951102375984192,0.5809056162834167,1.204049825668335,-2.261791229248047,-0.7790855169296265,2.324586868286133,0.9946146011352539
-1.9355814456939697,0.599015474319458,1.1763240098953247,-2.2224934101104736,-0.7809313535690308,2.3093442916870117,0.9669429063796997
-1.919567584991455,0.6176515221595764,1.149560809135437,-2.181682586669922,-0.7821228504180908,2.2937283515930176,0.939271092414856
-1.9030859470367432,0.6368670463562012,1.12375807762146,-2.1393117904663086,-0.7827445864677429,2.2776949405670166,0.9115993976593018
-1.8861631155014038,0.6567229628562927,1.0989247560501099,-2.095320224761963,-0.7828882932662964,2.2611899375915527,0.883927583694458
-1.8688217401504517,0.6772948503494263,1.0750787258148193,-2.0496296882629395,-0.7826541066169739,2.2441494464874268,0.8562558889389038
-1.8630439043045044,0.6820564866065979,1.0745227336883545,-2.043595314025879,-0.7853182554244995,2.240475654602051,0.835792064666748
-1.8573248386383057,0.6868880391120911,1.0740519762039185,-2.0375189781188965,-0.788049042224884,2.236745595932007,0.8153282403945923
-1.8516640663146973,0.6917904019355774,1.0736677646636963,-2.031400203704834,-0.7908470034599304,2.2329580783843994,0.7948644757270813
-1.8460594415664673,0.6967632174491882,1.0733684301376343,-2.0252389907836914,-0.79371178150177,2.229114055633545,0.7744006514549255
-1.8405134677886963,0.7018089294433594,1.0731587409973145,-2.0190351009368896,-0.7966468930244446,2.225210189819336,0.7539368271827698
-1.835024356842041,0.706928014755249,1.07303786277771,-2.0127880573272705,-0.7996526956558228,2.2212467193603516,0.733473002910614
-1.8295924663543701,0.7121219038963318,1.0730077028274536,-2.006497383117676,-0.8027308583259583,2.217222213745117,0.713009238243103
-1.8242155313491821,0.7173913717269897,1.0730677843093872,-2.0001630783081055,-0.805882453918457,2.2131361961364746,0.6925454139709473
-1.8188961744308472,0.7227376699447632,1.0732221603393555,-1.9937846660614014,-0.8091095089912415,2.208986520767212,0.6720815896987915
-1.8136327266693115,0.728162407875061,1.073470950126648,-1.9873619079589844,-0.8124135136604309,2.2047719955444336,0.6516177654266357
-1.808424711227417,0.733667254447937,1.0738153457641602,-1.9808942079544067,-0.8157956600189209,2.2004916667938232,0.6311540007591248
-1.803270936012268,0.7392519116401672,1.0742560625076294,-1.974381685256958,-0.8192579746246338,2.1961450576782227,0.610690176486969
-1.7981733083724976,0.7449207305908203,1.0747971534729004,-1.9678230285644531,-0.8228031992912292,2.191728353500366,0.5902263522148132
-1.7931289672851562,0.7506718635559082,1.075437068939209,-1.9612188339233398,-0.8264306783676147,2.1872434616088867,0.5697625279426575
-1.7881397008895874,0.7565097212791443,1.076180338859558,-1.9545682668685913,-0.8301455974578857,2.182685613632202,0.5492987036705017
-1.7832037210464478,0.7624350786209106,1.0770270824432373,-1.9478709697723389,-0.8339481949806213,2.1780550479888916,0.5288349390029907
-1.7783211469650269,0.7684493660926819,1.0779796838760376,-1.9411263465881348,-0.8378414511680603,2.173349618911743,0.508371114730835
-1.7734911441802979,0.7745540142059326,1.079039454460144,-1.9343342781066895,-0.8418261408805847,2.1685681343078613,0.4879073202610016
-1.7687134742736816,0.7807524800300598,1.0802090167999268,-1.9274941682815552,-0.8459063768386841,2.163708209991455,0.4674434959888458
-1.7639873027801514,0.7870457768440247,1.0814900398254395,-1.920604944229126,-0.8500838279724121,2.1587681770324707,0.44697970151901245
-1.7593129873275757,0.7934364676475525,1.082885503768921,-1.9136672019958496,-0.8543614149093628,2.153745651245117,0.4265159070491791
-1.754690170288086,0.799927294254303,1.0843980312347412,-1.9066795110702515,-0.8587429523468018,2.1486382484436035,0.4060520827770233
-1.7501177787780762,0.806519627571106,1.086029291152954,-1.899641990661621,-0.8632287979125977,2.143444538116455,0.38558825850486755
-1.7455952167510986,0.8132175207138062,1.0877822637557983,-1.8925535678863525,-0.8678253889083862,2.1381618976593018,0.3651244342327118
-1.741122841835022,0.8200220465660095,1.0896601676940918,-1.8854141235351562,-0.8725334405899048,2.1327877044677734,0.3446606397628784
-1.7366994619369507,0.8269374966621399,1.091665506362915,-1.8782228231430054,-0.8773579001426697,2.127319574356079,0.32419684529304504
-1.7323246002197266,0.8339661955833435,1.093801498413086,-1.8709790706634521,-0.882302463054657,2.1217544078826904,0.3037330210208893
-1.72799813747406,0.8411117792129517,1.0960716009140015,-1.8636823892593384,-0.8873695135116577,2.1160898208618164,0.2832692265510559
-1.7237184047698975,0.8483768105506897,1.0984785556793213,-1.8563320636749268,-0.8925641179084778,2.110323190689087,0.26280537247657776
-1.7194863557815552,0.8557656407356262,1.1010277271270752,-1.8489272594451904,-0.8978908061981201,2.10444974899292,0.24234157800674438
-1.71530020236969,0.8632817268371582,1.1037216186523438,-1.8414674997329712,-0.903354287147522,2.0984673500061035,0.22187776863574982
-1.7111607789993286,0.8709306120872498,1.1065661907196045,-1.8339520692825317,-0.9089599251747131,2.092371702194214,0.20141397416591644
-1.7070657014846802,0.8787141442298889,1.1095638275146484,-1.8263802528381348,-0.9147113561630249,2.0861599445343018,0.18095017969608307
-1.7030160427093506,0.8866394758224487,1.112721562385559,-1.8187509775161743,-0.9206167459487915,2.0798261165618896,0.1604863703250885
-1.6990101337432861,0.8947096467018127,1.1160430908203125,-1.8110638856887817,-0.9266790747642517,2.0733678340911865,0.14002257585525513
-1.69504714012146,0.9029306769371033,1.1195340156555176,-1.803317904472351,-0.9329058527946472,2.066779613494873,0.11955877393484116
-1.691127896308899,0.9113095998764038,1.1232023239135742,-1.795512318611145,-0.9393061995506287,2.0600554943084717,0.09909489750862122
-1.687250018119812,0.9198504686355591,1.1270520687103271,-1.7876462936401367,-0.9458845257759094,2.053191661834717,0.07863110303878784
-1.6834139823913574,0.9285610318183899,1.1310917139053345,-1.7797188758850098,-0.9526498913764954,2.0461812019348145,0.05816730484366417
-1.6796175241470337,0.9374478459358215,1.1353271007537842,-1.7717289924621582,-0.9596108198165894,2.0390193462371826,0.0377034917473793
-1.6758627891540527,0.9465197920799255,1.1397693157196045,-1.7636759281158447,-0.9667770862579346,2.0316967964172363,0.01723969541490078
-1.6721457242965698,0.9557841420173645,1.144424319267273,-1.7555584907531738,-0.9741582870483398,2.0242087841033936,-0.003224101383239031
-1.6684668064117432,0.9652490019798279,1.1493016481399536,-1.7473756074905396,-0.9817633032798767,2.016547203063965,-0.02368791215121746
-1.664825677871704,0.9749262928962708,1.1544135808944702,-1.739126443862915,-0.9896066188812256,2.008702516555786,-0.044151708483695984
-1.6612215042114258,0.984825611114502,1.1597707271575928,-1.7308094501495361,-0.9977003335952759,2.0006651878356934,-0.06461557000875473
-1.6576521396636963,0.9949590563774109,1.1653846502304077,-1.722424030303955,-1.0060577392578125,1.9924262762069702,-0.0850793719291687
-1.654117226600647,1.005338191986084,1.1712690591812134,-1.7139686346054077,-1.0146936178207397,1.9839746952056885,-0.10554318130016327
-1.6506162881851196,1.0159791707992554,1.1774402856826782,-1.7054418325424194,-1.023626685142517,1.9752967357635498,-0.12600699067115784
-1.6471470594406128,1.0268964767456055,1.1839134693145752,-1.6968425512313843,-1.0328738689422607,1.9663796424865723,-0.14647077023983002
-1.6437149047851562,1.038108229637146,1.1907119750976562,-1.6881697177886963,-1.0424574613571167,1.957208514213562,-0.16693457961082458
-1.6403069496154785,1.0496327877044678,1.1978470087051392,-1.6794214248657227,-1.0523983240127563,1.9477667808532715,-0.18739840388298035
-1.6369272470474243,1.061493158340454,1.2053464651107788,-1.6705968379974365,-1.0627238750457764,1.938035488128662,-0.20786218345165253
-1.6335738897323608,1.0737128257751465,1.2132353782653809,-1.661693811416626,-1.0734621286392212,1.9279935359954834,-0.22832603752613068
-1.6302448511123657,1.086319923400879,1.2215427160263062,-1.6527107954025269,-1.084646224975586,1.9176169633865356,-0.24878986179828644
-1.626939296722412,1.0993471145629883,1.2303026914596558,-1.6436468362808228,-1.096313714981079,1.9068782329559326,-0.269253671169281
-1.6236541271209717,1.1128309965133667,1.239553451538086,-1.6344990730285645,-1.1085076332092285,1.8957446813583374,-0.289717435836792
-1.6203867197036743,1.126812219619751,1.249337077140808,-1.6252669095993042,-1.1212756633758545,1.8841826915740967,-0.31018126010894775
-1.6149791479110718,1.1242988109588623,1.244943380355835,-1.6212202310562134,-1.1170686483383179,1.8861278295516968,-0.33307766914367676
-1.6095688343048096,1.1218645572662354,1.2405771017074585,-1.617150068283081,-1.1129070520401,1.8880069255828857,-0.35597407817840576
-1.6041561365127563,1.1195048093795776,1.236235499382019,-1.6130574941635132,-1.1087875366210938,1.8898236751556396,-0.37887048721313477
-1.5987401008605957,1.117217779159546,1.231917142868042,-1.6089417934417725,-1.1047084331512451,1.891579508781433,-0.4017668664455414
-1.5933220386505127,1.1150044202804565,1.2276239395141602,-1.6048026084899902,-1.1006715297698975,1.8932740688323975,-0.4246632754802704
-1.5879019498825073,1.1128640174865723,1.223355770111084,-1.6006393432617188,-1.0966765880584717,1.8949074745178223,-0.4475596845149994
-1.5824791193008423,1.1107923984527588,1.219109296798706,-1.5964527130126953,-1.092719554901123,1.896484375,-0.4704560935497284
-1.57705557346344,1.1087908744812012,1.2148873805999756,-1.5922424793243408,-1.0888020992279053,1.8980027437210083,-0.493352472782135
-1.5716303586959839,1.1068580150604248,1.210688829421997,-1.5880074501037598,-1.0849241018295288,1.8994640111923218,-0.516248881816864
-1.5662037134170532,1.104992389678955,1.2065131664276123,-1.5837478637695312,-1.08108389377594,1.900869369506836,-0.539145290851593
-1.560775876045227,1.1031928062438965,1.202359676361084,-1.5794639587402344,-1.0772806406021118,1.9022202491760254,-0.562041699886322
-1.5553473234176636,1.10145902633667,1.1982290744781494,-1.5751547813415527,-1.073514699935913,1.9035166501998901,-0.584938108921051
-1.5499173402786255,1.0997902154922485,1.1941206455230713,-1.5708203315734863,-1.0697855949401855,1.904759407043457,-0.60783451795578
-1.5444875955581665,1.0981849431991577,1.1900348663330078,-1.5664606094360352,-1.0660927295684814,1.9059498310089111,-0.630730926990509
-1.5390570163726807,1.0966428518295288,1.1859710216522217,-1.562075138092041,-1.0624356269836426,1.9070879220962524,-0.653627336025238
-1.533626914024353,1.0951626300811768,1.1819292306900024,-1.557663917541504,-1.0588133335113525,1.9081751108169556,-0.6765236854553223
-1.5281962156295776,1.0937451124191284,1.1779099702835083,-1.5532262325286865,-1.0552276372909546,1.9092109203338623,-0.6994200944900513
-1.5227653980255127,1.0923869609832764,1.173911213874817,-1.5487618446350098,-1.0516743659973145,1.9101977348327637,-0.722316563129425
-1.5173355340957642,1.0910899639129639,1.169935703277588,-1.5442707538604736,-1.04815673828125,1.9111343622207642,-0.745212972164154
-1.5119057893753052,1.0898523330688477,1.165981411933899,-1.53975248336792,-1.044673204421997,1.9120224714279175,-0.7681093215942383
-1.5064765214920044,1.0886743068695068,1.1620492935180664,-1.5352070331573486,-1.0412236452102661,1.9128620624542236,-0.7910057306289673
-1.5010478496551514,1.087552785873413,1.158137559890747,-1.5306339263916016,-1.0378062725067139,1.9136548042297363,-0.8139021396636963
-1.4956209659576416,1.0864918231964111,1.1542503833770752,-1.5260324478149414,-1.0344245433807373,1.9143983125686646,-0.8367986083030701
-1.4901946783065796,1.085485816001892,1.1503828763961792,-1.5214033126831055,-1.0310735702514648,1.9150971174240112,-0.8596949577331543
-1.4847694635391235,1.0845385789871216,1.1465388536453247,-1.516744613647461,-1.0277576446533203,1.915747880935669,-0.8825913667678833
-1.4793455600738525,1.083646297454834,1.1427156925201416,-1.5120577812194824,-1.0244731903076172,1.916353702545166,-0.9054877758026123
-1.4739240407943726,1.0828120708465576,1.1389169692993164,-1.507340431213379,-1.0212230682373047,1.9169120788574219,-0.9283842444419861
-1.468503475189209,1.0820317268371582,1.135138750076294,-1.5025947093963623,-1.0180041790008545,1.9174271821975708,-0.9512805938720703
-1.463086724281311,1.0813090801239014,1.131386399269104,-1.4978184700012207,-1.0148212909698486,1.9178946018218994,-0.9741769433021545
-1.4576690196990967,1.0806388854980469,1.1276525259017944,-1.493011474609375,-1.011667013168335,1.9183204174041748,-0.9970734119415283
-1.4522552490234375,1.0800237655639648,1.1239433288574219,-1.4881739616394043,-1.0085463523864746,1.9187006950378418,-1.0199698209762573
-1.4468436241149902,1.0794637203216553,1.12025785446167,-1.4833052158355713,-1.0054593086242676,1.919036865234375,-1.0428661108016968
-1.4414340257644653,1.0789575576782227,1.1165953874588013,-1.4784045219421387,-1.0024034976959229,1.919329047203064,-1.0657626390457153
-1.4360276460647583,1.0785051584243774,1.1129568815231323,-1.4734725952148438,-0.9993817210197449,1.9195778369903564,-1.0886589288711548
-1.4306237697601318,1.0781060457229614,1.1093418598175049,-1.4685077667236328,-0.9963915348052979,1.9197832345962524,-1.1115553379058838
-1.4252228736877441,1.077760934829712,1.105751872062683,-1.4635100364685059,-0.9934349060058594,1.9199450016021729,-1.1344518661499023
-1.4198250770568848,1.077468991279602,1.1021862030029297,-1.4584789276123047,-0.9905112981796265,1.9200639724731445,-1.1573482751846313
-1.4144279956817627,1.0772266387939453,1.0986405611038208,-1.4534142017364502,-0.9876150488853455,1.920142650604248,-1.1802446842193604
-1.409036636352539,1.0770409107208252,1.0951251983642578,-1.448315143585205,-0.9847583174705505,1.9201760292053223,-1.2031410932540894
-1.4036492109298706,1.0769085884094238,1.0916366577148438,-1.443181037902832,-0.9819351434707642,1.9201658964157104,-1.2260373830795288
-1.3982653617858887,1.0768297910690308,1.0881744623184204,-1.438011884689331,-0.9791463017463684,1.9201126098632812,-1.2489337921142578
-1.3928848505020142,1.0768022537231445,1.0847373008728027,-1.4328069686889648,-0.9763901829719543,1.9200184345245361,-1.2718302011489868
-1.3875075578689575,1.076826572418213,1.081325888633728,-1.4275658130645752,-0.9736666679382324,1.9198822975158691,-1.2947267293930054
-1.3821349143981934,1.0769051313400269,1.0779439210891724,-1.4222874641418457,-0.9709799289703369,1.9197020530700684,-1.3176230192184448
-1.376766324043274,1.077035665512085,1.0745892524719238,-1.4169719219207764,-0.9683269262313843,1.9194800853729248,-1.3405194282531738
-1.3714014291763306,1.077219009399414,1.0712628364562988,-1.4116182327270508,-0.965709388256073,1.9192155599594116,-1.3634159564971924
-1.3660414218902588,1.0774555206298828,1.067966103553772,-1.4062259197235107,-0.9631274938583374,1.9189083576202393,-1.3863122463226318
-1.3606855869293213,1.0777440071105957,1.0646978616714478,-1.4007947444915771,-0.9605811834335327,1.9185590744018555,-1.4092086553573608
-1.3553345203399658,1.078084945678711,1.0614595413208008,-1.3953235149383545,-0.9580699801445007,1.9181675910949707,-1.4321050643920898
-1.349987506866455,1.0784798860549927,1.0582525730133057,-1.3898112773895264,-0.9555972814559937,1.9177329540252686,-1.4550014734268188
-1.3446462154388428,1.0789281129837036,1.0550775527954102,-1.3842582702636719,-0.953161358833313,1.91725492477417,-1.4778978824615479
-1.3393089771270752,1.079429030418396,1.0519336462020874,-1.3786633014678955,-0.9507628083229065,1.9167351722717285,-1.5007942914962769
-1.3339762687683105,1.0799823999404907,1.048820972442627,-1.37302565574646,-0.9484015703201294,1.9161733388900757,-1.5236908197402954
-1.3286501169204712,1.0805909633636475,1.045744776725769,-1.367344856262207,-0.9460808634757996,1.9155662059783936,-1.5465872287750244
-1.3233277797698975,1.0812528133392334,1.0427011251449585,-1.361619472503662,-0.9437987804412842,1.9149165153503418,-1.5694835186004639
-1.3180116415023804,1.081969976425171,1.0396939516067505,-1.355849266052246,-0.9415586590766907,1.9142227172851562,-1.5923799276351929
-1.3126996755599976,1.082740068435669,1.0367209911346436,-1.3500332832336426,-0.939357340335846,1.9134860038757324,-1.6152763366699219
-1.3073947429656982,1.0835661888122559,1.0337871313095093,-1.3441705703735352,-0.937199592590332,1.9127039909362793,-1.6381726264953613
-1.3020946979522705,1.0844483375549316,1.0308911800384521,-1.3382601737976074,-0.9350851774215698,1.9118772745132446,-1.6610691547393799
-1.296799898147583,1.0853853225708008,1.0280330181121826,-1.332301378250122,-0.9330132603645325,1.9110066890716553,-1.6839655637741089
-1.2915116548538208,1.086377739906311,1.0252153873443604,-1.3262932300567627,-0.9309853911399841,1.910090446472168,-1.706861972808838
-1.2862296104431152,1.0874284505844116,1.0224409103393555,-1.3202345371246338,-0.9290057420730591,1.9091274738311768,-1.7297582626342773
-1.28095281124115,1.0885355472564697,1.019707202911377,-1.314124345779419,-0.9270709156990051,1.908119559288025,-1.7526546716690063
-1.2756813764572144,1.0897005796432495,1.0170167684555054,-1.3079614639282227,-0.9251838326454163,1.9070650339126587,-1.7755510807037354
-1.2704172134399414,1.0909231901168823,1.0143721103668213,-1.3017451763153076,-0.9233463406562805,1.905963659286499,-1.798447608947754
-1.2651591300964355,1.092206358909607,1.0117753744125366,-1.2954738140106201,-0.9215602874755859,1.9048131704330444,-1.8213438987731934
-1.2599079608917236,1.09354829788208,1.0092260837554932,-1.289146900177002,-0.9198253154754639,1.9036154747009277,-1.8442403078079224
-1.2546617984771729,1.0949503183364868,1.0067245960235596,-1.2827622890472412,-0.9181426763534546,1.9023696184158325,-1.8671367168426514
-1.2494230270385742,1.09641432762146,1.0042762756347656,-1.2763192653656006,-0.9165160655975342,1.9010732173919678,-1.8900331258773804
-1.2441906929016113,1.0979409217834473,1.0018813610076904,-1.2698159217834473,-0.9149465560913086,1.8997262716293335,-1.9129294157028198
-1.2389647960662842,1.0995287895202637,0.999539852142334,-1.263251543045044,-0.9134332537651062,1.8983293771743774,-1.935826063156128
-1.2337459325790405,1.1011817455291748,0.9972561001777649,-1.256624460220337,-0.9119815826416016,1.8968801498413086,-1.958722472190857
-1.228533148765564,1.1028996706008911,0.9950307607650757,-1.2499327659606934,-0.9105919599533081,1.895378828048706,-1.9816187620162964
-1.2233271598815918,1.1046829223632812,0.9928660988807678,-1.2431752681732178,-0.9092655777931213,1.8938239812850952,-2.0045151710510254
-1.2181283235549927,1.1065338850021362,0.9907653331756592,-1.2363498210906982,-0.9080065488815308,1.892214298248291,-2.027411460876465
-1.2129368782043457,1.1084532737731934,0.9887312054634094,-1.2294552326202393,-0.9068166017532349,1.8905487060546875,-2.0503079891204834
-1.2077516317367554,1.1104425191879272,0.9867647290229797,-1.222489356994629,-0.9056977033615112,1.888826847076416,-2.073204517364502
-1.2025738954544067,1.1125035285949707,0.9848711490631104,-1.2154502868652344,-0.9046539068222046,1.8870466947555542,-2.0961008071899414
-1.1974023580551147,1.1146364212036133,0.9830501079559326,-1.2083353996276855,-0.9036871790885925,1.885208010673523,-2.11899733543396
-1.1922380924224854,1.1168444156646729,0.9813076257705688,-1.201143503189087,-0.9028008580207825,1.8833086490631104,-2.1418936252593994
-1.187082052230835,1.1191282272338867,0.9796475172042847,-1.1938722133636475,-0.9019991755485535,1.8813462257385254,-2.164790153503418
-1.1819329261779785,1.1214903593063354,0.9780720472335815,-1.186518907546997,-0.9012849926948547,1.8793208599090576,-2.1876864433288574
-1.1767895221710205,1.1239311695098877,0.9765825271606445,-1.1790807247161865,-0.9006603360176086,1.8772315979003906,-2.210582733154297
-1.1716591119766235,1.126452922821045,0.9751914739608765,-1.171555519104004,-0.9001343250274658,1.8750736713409424,-2.2334790229797363
-1.1665308475494385,1.1290607452392578,0.9738940596580505,-1.1639409065246582,-0.8997063040733337,1.8728476762771606,-2.256375551223755
-1.1614091396331787,1.1317553520202637,0.9726990461349487,-1.1562328338623047,-0.8993844389915466,1.8705507516860962,-2.2792720794677734
-1.1562957763671875,1.134540319442749,0.9716135263442993,-1.1484293937683105,-0.8991740942001343,1.8681800365447998,-2.302168369293213
-1.1511893272399902,1.1374155282974243,0.9706394672393799,-1.1405270099639893,-0.8990777134895325,1.8657350540161133,-2.3250648975372314
-1.1460902690887451,1.1403875350952148,0.9697872996330261,-1.132521629333496,-0.8991063833236694,1.863210678100586,-2.347961187362671
-1.140998363494873,1.1434576511383057,0.9690608382225037,-1.1244096755981445,-0.8992636799812317,1.860606074333191,-2.3708577156066895
-1.1359143257141113,1.1466302871704102,0.9684699177742004,-1.116187572479248,-0.8995590209960938,1.8579168319702148,-2.393754005432129
-1.1308362483978271,1.1499075889587402,0.9680181741714478,-1.107851505279541,-0.8999969363212585,1.85514235496521,-2.4166505336761475
-1.1257660388946533,1.1532949209213257,0.9677175879478455,-1.0993964672088623,-0.900589108467102,1.8522770404815674,-2.439546823501587
-1.1207021474838257,1.156797170639038,0.9675770401954651,-1.0908172130584717,-0.9013445377349854,1.849316954612732,-2.4624433517456055
-1.115645408630371,1.160417079925537,0.9676048755645752,-1.0821101665496826,-0.9022712707519531,1.84626042842865,-2.485339879989624
-1.1105964183807373,1.16416335105896,0.9678173661231995,-1.073268175125122,-0.9033860564231873,1.8430994749069214,-2.5082361698150635
-1.1055539846420288,1.1680392026901245,0.9682235717773438,-1.0642859935760498,-0.90469890832901,1.8398312330245972,-2.531132698059082
-1.1005182266235352,1.1720526218414307,0.9688388109207153,-1.0551574230194092,-0.9062249064445496,1.8364499807357788,-2.5540287494659424
-1.095489263534546,1.176209568977356,0.9696778655052185,-1.045875072479248,-0.9079782366752625,1.8329498767852783,-2.576925277709961
-1.0904667377471924,1.1805182695388794,0.9707583785057068,-1.0364322662353516,-0.9099775552749634,1.8293241262435913,-2.5998215675354004
-1.0854496955871582,1.1849852800369263,0.9720959663391113,-1.0268206596374512,-0.9122393131256104,1.8255677223205566,-2.622718095779419
