0.5018971562385559,0.8766371011734009,0.15811337530612946,-1.2023272514343262,-0.13818718492984772,2.068756580352783,-1.686316728591919
0.5165194272994995,0.8722253441810608,0.13930612802505493,-1.207857608795166,-0.1215529590845108,2.0721585750579834,-1.6667847633361816
0.5311985611915588,0.868050217628479,0.12060875445604324,-1.2132697105407715,-0.10507413744926453,2.075378656387329,-1.6472526788711548
0.545932412147522,0.8641068935394287,0.10201352089643478,-1.2185654640197754,-0.08874033391475677,2.0784213542938232,-1.6277207136154175
0.5607197284698486,0.8603916168212891,0.08351171016693115,-1.2237472534179688,-0.07254127413034439,2.081289529800415,-1.6081887483596802
0.575556755065918,0.8569014072418213,0.06509827077388763,-1.2288157939910889,-0.05646799877285957,2.0839858055114746,-1.5886566638946533
0.5904424786567688,0.8536323308944702,0.04676555469632149,-1.2337760925292969,-0.04051230475306511,2.086514949798584,-1.569124698638916
0.605373203754425,0.8505828976631165,0.028509406372904778,-1.2386267185211182,-0.024666007608175278,2.0888781547546387,-1.5495927333831787
0.6203474998474121,0.8477502465248108,0.010323167778551579,-1.243370771408081,-0.008920876309275627,2.091078281402588,-1.5300606489181519
0.635362446308136,0.8451309204101562,-0.007797527592629194,-1.2480103969573975,0.006730773951858282,2.0931174755096436,-1.5105286836624146
0.6504159569740295,0.8427238464355469,-0.02585769072175026,-1.252547025680542,0.022294437512755394,2.0949976444244385,-1.4909967184066772
0.6655051112174988,0.8405264616012573,-0.04386139661073685,-1.2569818496704102,0.03777945041656494,2.0967211723327637,-1.4714646339416504
0.6806274056434631,0.8385379314422607,-0.06181235983967781,-1.2613165378570557,0.0531902015209198,2.0982887744903564,-1.451932668685913
0.6957799792289734,0.836756706237793,-0.0797140896320343,-1.2655518054962158,0.0685332790017128,2.0997021198272705,-1.4324007034301758
0.7109599709510803,0.8351805806159973,-0.0975695550441742,-1.2696900367736816,0.08381524682044983,2.1009631156921387,-1.412868618965149
0.7261655330657959,0.833809494972229,-0.1153833419084549,-1.2737317085266113,0.09904326498508453,2.102071762084961,-1.3933366537094116
0.741392970085144,0.8326420783996582,-0.13315702974796295,-1.2776789665222168,0.11422061920166016,2.103030204772949,-1.3738045692443848
0.7566399574279785,0.8316771984100342,-0.15089374780654907,-1.2815322875976562,0.1293533891439438,2.1038384437561035,-1.354272723197937
0.7719039916992188,0.8309154510498047,-0.16859674453735352,-1.2852928638458252,0.1444481611251831,2.104496955871582,-1.3347406387329102
0.7871819734573364,0.8303552865982056,-0.18626803159713745,-1.288961410522461,0.15950997173786163,2.1050055027008057,-1.3152086734771729
0.8024700880050659,0.8299964070320129,-0.20390824973583221,-1.2925403118133545,0.17454151809215546,2.105365753173828,-1.295676589012146
0.8177670240402222,0.8298398852348328,-0.22152230143547058,-1.2960290908813477,0.1895507425069809,2.105576753616333,-1.2761446237564087
0.833069384098053,0.8298851251602173,-0.23911131918430328,-1.2994296550750732,0.20454218983650208,2.1056392192840576,-1.2566126585006714
0.8483734726905823,0.830132007598877,-0.2566760182380676,-1.3027420043945312,0.2195187211036682,2.1055526733398438,-1.2370805740356445
0.8636772036552429,0.8305821418762207,-0.27421990036964417,-1.3059678077697754,0.23448726534843445,2.105315923690796,-1.2175486087799072
0.8789782524108887,0.8312345743179321,-0.29174527525901794,-1.309107780456543,0.24945227801799774,2.104929208755493,-1.19801664352417
0.8942719101905823,0.8320899605751038,-0.3092515766620636,-1.3121623992919922,0.2644171118736267,2.1043920516967773,-1.178484559059143
0.9095537662506104,0.8331495523452759,-0.32673850655555725,-1.3151328563690186,0.2793842554092407,2.103703022003174,-1.1589525938034058
0.9248257875442505,0.8344156742095947,-0.3442153036594391,-1.3180198669433594,0.2943646311759949,2.1028618812561035,-1.1394206285476685
0.9400837421417236,0.8358883857727051,-0.36168161034584045,-1.3208234310150146,0.30936145782470703,2.1018660068511963,-1.1198886632919312
0.9553238749504089,0.8375686407089233,-0.3791377544403076,-1.323545217514038,0.3243774175643921,2.100715160369873,-1.1003565788269043
0.9705426692962646,0.8394585251808167,-0.3965853452682495,-1.3261854648590088,0.3394177258014679,2.0994081497192383,-1.080824613571167
0.9857384562492371,0.8415606617927551,-0.4140284061431885,-1.3287444114685059,0.3544885516166687,2.0979421138763428,-1.0612925291061401
1.0009084939956665,0.8438746333122253,-0.4314679503440857,-1.331223726272583,0.3695943057537079,2.096316337585449,-1.0417605638504028
1.0002949237823486,0.8262226581573486,-0.42696142196655273,-1.3609304428100586,0.3627929985523224,2.110053539276123,-1.0213394165039062
0.9996302723884583,0.8091245889663696,-0.4229637086391449,-1.3897008895874023,0.35647064447402954,2.123300075531006,-1.0009182691574097
0.9989182949066162,0.7925243973731995,-0.41941332817077637,-1.4176199436187744,0.3505610227584839,2.136101245880127,-0.9804971218109131
0.9981568455696106,0.7763768434524536,-0.41625529527664185,-1.4447588920593262,0.34500646591186523,2.148495674133301,-0.9600759744644165
0.9973486065864563,0.7606411576271057,-0.4134477972984314,-1.4711816310882568,0.33976253867149353,2.1605160236358643,-0.9396548271179199
0.9964912533760071,0.7452832460403442,-0.41095080971717834,-1.496941089630127,0.3347880244255066,2.172192335128784,-0.9192336797714233
0.9955869317054749,0.7302722930908203,-0.40873563289642334,-1.5220863819122314,0.33004963397979736,2.183548927307129,-0.8988125324249268
0.9946349263191223,0.7155821323394775,-0.4067746698856354,-1.5466585159301758,0.32551875710487366,2.1946074962615967,-0.8783913850784302
0.9936354160308838,0.7011885046958923,-0.4050450026988983,-1.5706958770751953,0.32116973400115967,2.205388069152832,-0.8579702377319336
0.9925884008407593,0.6870707273483276,-0.40352723002433777,-1.5942316055297852,0.3169802129268646,2.215907573699951,-0.837549090385437
0.9914947152137756,0.6732100248336792,-0.40220528841018677,-1.6172950267791748,0.3129325211048126,2.2261807918548584,-0.8171279430389404
0.9903526306152344,0.6595891714096069,-0.4010620713233948,-1.6399141550064087,0.3090076446533203,2.236222743988037,-0.7967067956924438
0.9891629815101624,0.6461930274963379,-0.40008580684661865,-1.6621131896972656,0.30519071221351624,2.2460453510284424,-0.7762856483459473
0.9879258871078491,0.6330075263977051,-0.3992654085159302,-1.683914065361023,0.30146870017051697,2.2556591033935547,-0.7558645009994507
0.986640989780426,0.6200205683708191,-0.3985907733440399,-1.705336570739746,0.29782944917678833,2.2650747299194336,-0.7354433536529541
0.9853074550628662,0.6072201728820801,-0.39805206656455994,-1.7263996601104736,0.2942606508731842,2.274301052093506,-0.7150222063064575
0.9839264154434204,0.5945960283279419,-0.39764338731765747,-1.7471203804016113,0.2907535433769226,2.2833471298217773,-0.6946010589599609
0.9824966192245483,0.5821380019187927,-0.3973562717437744,-1.7675137519836426,0.28729820251464844,2.292219638824463,-0.6741799116134644
0.9810187220573425,0.5698384046554565,-0.3971858024597168,-1.787593960762024,0.2838861048221588,2.3009259700775146,-0.6537587642669678
0.9794921278953552,0.5576872229576111,-0.39712607860565186,-1.8073744773864746,0.28050923347473145,2.3094725608825684,-0.6333376169204712
0.9779167771339417,0.5456780791282654,-0.39717280864715576,-1.8268669843673706,0.2771607041358948,2.3178648948669434,-0.6129164695739746
0.9762921929359436,0.5338039398193359,-0.3973211944103241,-1.8460829257965088,0.2738338112831116,2.326108932495117,-0.592495322227478
0.9746198058128357,0.522057831287384,-0.39756932854652405,-1.8650327920913696,0.27052244544029236,2.3342084884643555,-0.5720741748809814
0.972898006439209,0.5104334950447083,-0.3979126811027527,-1.8837262392044067,0.26721981167793274,2.3421690464019775,-0.5516530275344849
0.9711275696754456,0.4989255368709564,-0.398349404335022,-1.9021718502044678,0.2639213502407074,2.349993944168091,-0.5312319397926331
0.9693083763122559,0.48752838373184204,-0.3988771140575409,-1.9203784465789795,0.26062169671058655,2.357687473297119,-0.5108107328414917
0.9674403071403503,0.47623786330223083,-0.39949360489845276,-1.9383533000946045,0.2573149502277374,2.365253210067749,-0.4903896152973175
0.9655237197875977,0.4650478959083557,-0.4001980721950531,-1.956104040145874,0.25399696826934814,2.372694492340088,-0.4699684679508209
0.9635578393936157,0.4539557993412018,-0.4009881317615509,-1.9736371040344238,0.2506631910800934,2.380014181137085,-0.44954732060432434
0.961544930934906,0.44295600056648254,-0.40186476707458496,-1.9909591674804688,0.24730928242206573,2.3872146606445312,-0.42912617325782776
0.8516780734062195,0.404237300157547,-0.3094714283943176,-2.031780242919922,0.1804007589817047,2.4105887413024902,-0.40264102816581726
0.7282609343528748,0.3709489703178406,-0.20670264959335327,-2.0695924758911133,0.1141856387257576,2.430100202560425,-0.3761558532714844
0.5900495052337646,0.34342342615127563,-0.09191326797008514,-2.1044504642486572,0.04824187979102135,2.445962429046631,-0.3496707081794739
0.4368550777435303,0.3221853971481323,0.03543267026543617,-2.136387348175049,-0.017768409103155136,2.4583065509796143,-0.3231855630874634
0.2703171670436859,0.30786609649658203,0.17401082813739777,-2.1654179096221924,-0.0841182991862297,2.4671900272369385,-0.2967003881931305
0.09443724900484085,0.30107229948043823,0.32011112570762634,-2.1915440559387207,-0.1510334610939026,2.4726035594940186,-0.27021524310112
-0.08466523140668869,0.30222246050834656,0.46790653467178345,-2.2147579193115234,-0.21870411932468414,2.4744691848754883,-0.2437300980091095
-0.26004424691200256,0.31143930554389954,0.6107492446899414,-2.23504376411438,-0.2872965931892395,2.472635269165039,-0.2172449380159378
-0.4256812632083893,0.32856738567352295,0.7429367303848267,-2.2523837089538574,-0.3569636642932892,2.466869354248047,-0.1907597929239273
-0.5777333974838257,0.3533066511154175,0.8609693646430969,-2.2667574882507324,-0.4278613328933716,2.4568369388580322,-0.16427463293075562
-0.7147179841995239,0.3854047358036041,0.9637476801872253,-2.278146982192993,-0.500163197517395,2.442079782485962,-0.13778947293758392
-0.8369448184967041,0.4248274266719818,1.0520193576812744,-2.2865357398986816,-0.5740854740142822,2.4219765663146973,-0.11130432039499283
-0.9457420110702515,0.4718971252441406,1.1276218891143799,-2.291914463043213,-0.6499232053756714,2.3956828117370605,-0.08481916785240173
-1.0428338050842285,0.5274155139923096,1.1929042339324951,-2.294278621673584,-0.7280997037887573,2.362032413482666,-0.05833401530981064
-1.1299477815628052,0.5928388237953186,1.2503881454467773,-2.2936301231384277,-0.8092635869979858,2.31937313079834,-0.03184886276721954
-1.2086071968078613,0.6705862879753113,1.3026771545410156,-2.289980173110962,-0.8944487571716309,2.2652671337127686,-0.00536370649933815
-1.25384521484375,0.7176008224487305,1.3481827974319458,-2.3097214698791504,-0.9495043158531189,2.2328224182128906,-0.001728694187477231
-1.295119047164917,0.7715107798576355,1.3904752731323242,-2.3289661407470703,-1.0061055421829224,2.1940746307373047,0.0019063182407990098
-1.3325458765029907,0.8339499235153198,1.4300013780593872,-2.347740411758423,-1.0648322105407715,2.1474437713623047,0.005541330203413963
-1.3661741018295288,0.9074128270149231,1.467315673828125,-2.366069793701172,-1.1265854835510254,2.0905699729919434,0.009176342748105526
-1.395917296409607,0.9960114359855652,1.503196358680725,-2.383979320526123,-1.1929185390472412,2.019625663757324,0.012811354361474514
-1.421388864517212,1.107415795326233,1.538968563079834,-2.401494264602661,-1.266894817352295,1.9275604486465454,0.016446366906166077
-1.4412643909454346,1.2600047588348389,1.577775001525879,-2.418638229370117,-1.3563975095748901,1.7976560592651367,0.020081378519535065
-1.5374399423599243,1.1924803256988525,1.5893993377685547,-2.499535083770752,-1.323034405708313,1.8602747917175293,0.015361955389380455
-1.638778805732727,1.1666573286056519,1.6127910614013672,-2.57649564743042,-1.3120207786560059,1.8874881267547607,0.010642532259225845
-1.7436026334762573,1.1799182891845703,1.6403082609176636,-2.6495141983032227,-1.3196847438812256,1.8812134265899658,0.005923109594732523
-1.8488692045211792,1.240045428276062,1.6648021936416626,-2.7184457778930664,-1.3470185995101929,1.833461046218872,0.0012036868138238788
-1.877943754196167,1.2418630123138428,1.663699746131897,-2.715441942214966,-1.348010540008545,1.8315930366516113,-0.027835963293910027
-1.9057432413101196,1.2426493167877197,1.6622556447982788,-2.711322784423828,-1.348567247390747,1.8305585384368896,-0.05687561631202698
-1.9322582483291626,1.2421066761016846,1.6604821681976318,-2.706113576889038,-1.3485403060913086,1.830625295639038,-0.08591526001691818
-1.9574780464172363,1.2399787902832031,1.6583794355392456,-2.699840545654297,-1.3477959632873535,1.832024335861206,-0.11495491862297058
-1.9813926219940186,1.2360625267028809,1.6559391021728516,-2.692531108856201,-1.3462170362472534,1.8349356651306152,-0.14399456977844238
-2.0039873123168945,1.2302073240280151,1.6531363725662231,-2.684213876724243,-1.3437048196792603,1.839491605758667,-0.173034206032753
-2.02524471282959,1.2223349809646606,1.6499377489089966,-2.6749179363250732,-1.3401845693588257,1.84575617313385,-0.2020738571882248
-2.0451440811157227,1.2124266624450684,1.6463004350662231,-2.6646714210510254,-1.3356016874313354,1.8537384271621704,-0.2311135232448578
-2.0636587142944336,1.200527310371399,1.6421712636947632,-2.65350341796875,-1.3299241065979004,1.863389253616333,-0.2601531744003296
-2.0807602405548096,1.1867389678955078,1.6374926567077637,-2.64144229888916,-1.3231406211853027,1.8746063709259033,-0.2891928255558014
-2.0964150428771973,1.1712112426757812,1.6322022676467896,-2.6285152435302734,-1.3152573108673096,1.8872449398040771,-0.3182324767112732
-2.110588312149048,1.154130458831787,1.626236915588379,-2.614748001098633,-1.306295394897461,1.9011270999908447,-0.3472720980644226
-2.1232430934906006,1.135705828666687,1.6195319890975952,-2.600165367126465,-1.2962857484817505,1.9160559177398682,-0.3763117790222168
-2.1343417167663574,1.1161601543426514,1.6120245456695557,-2.5847911834716797,-1.2852671146392822,1.9318230152130127,-0.4053514003753662
-2.1438467502593994,1.0957257747650146,1.6036537885665894,-2.5686464309692383,-1.2732852697372437,1.9482135772705078,-0.4343910813331604
-2.151719570159912,1.0746232271194458,1.5943596363067627,-2.5517513751983643,-1.2603862285614014,1.965024471282959,-0.4634307324886322
-2.1579318046569824,1.0530726909637451,1.5840903520584106,-2.534123420715332,-1.2466164827346802,1.9820597171783447,-0.4924703538417816
-2.162447690963745,1.0312713384628296,1.572791576385498,-2.5157790184020996,-1.2320209741592407,1.9991413354873657,-0.5215100049972534
-2.1652371883392334,1.0094058513641357,1.560414433479309,-2.4967312812805176,-1.2166450023651123,2.016105890274048,-0.5505496859550476
-2.166274309158325,0.9876424670219421,1.5469138622283936,-2.476991653442383,-1.2005294561386108,2.0328097343444824,-0.579589307308197
-2.165534496307373,0.9661317467689514,1.5322473049163818,-2.4565701484680176,-1.1837116479873657,2.0491268634796143,-0.6086289882659912
-2.162996292114258,0.9450061321258545,1.5163747072219849,-2.4354729652404785,-1.166229248046875,2.0649490356445312,-0.6376686096191406
-2.158644199371338,0.9243834018707275,1.499261736869812,-2.4137051105499268,-1.1481144428253174,2.0801842212677,-0.6667082905769348
-2.152463912963867,0.9043660759925842,1.4808748960494995,-2.3912692070007324,-1.1293971538543701,2.0947558879852295,-0.6957479119300842
-2.1444458961486816,0.8850430250167847,1.4611856937408447,-2.368164539337158,-1.1101047992706299,2.1086008548736572,-0.7247875332832336
-2.134584426879883,0.8664923310279846,1.4401684999465942,-2.344388961791992,-1.0902622938156128,2.1216683387756348,-0.7538272738456726
-2.1228809356689453,0.8487861752510071,1.4178047180175781,-2.319936752319336,-1.0698938369750977,2.1339142322540283,-0.7828668355941772
-2.1093368530273438,0.8319827914237976,1.3940752744674683,-2.2948005199432373,-1.0490179061889648,2.145308256149292,-0.8119065165519714
-2.0939643383026123,0.8161380887031555,1.3689706325531006,-2.2689690589904785,-1.0276538133621216,2.155823230743408,-0.8409461975097656
-2.0767791271209717,0.801302433013916,1.3424853086471558,-2.242429494857788,-1.0058190822601318,2.165438652038574,-0.8699858784675598
-2.0578033924102783,0.787520706653595,1.3146196603775024,-2.2151644229888916,-0.9835270047187805,2.1741385459899902,-0.8990254402160645
-2.0370678901672363,0.774837076663971,1.2853813171386719,-2.1871542930603027,-0.9607913494110107,2.1819097995758057,-0.9280651211738586
-2.014610528945923,0.7632924914360046,1.2547847032546997,-2.1583752632141113,-0.9376233220100403,2.18874192237854,-0.9571048021316528
-1.9904770851135254,0.7529265880584717,1.222852110862732,-2.128800392150879,-0.9140316843986511,2.19462513923645,-0.9861443638801575
-1.9647252559661865,0.7437800168991089,1.189616084098816,-2.098397731781006,-0.8900246620178223,2.1995491981506348,-1.0151840448379517
-1.9374173879623413,0.7358929514884949,1.155112624168396,-2.0671310424804688,-0.865606427192688,2.203505277633667,-1.0442237854003906
-1.908630132675171,0.7293061017990112,1.1193935871124268,-2.034958839416504,-0.840781569480896,2.206481456756592,-1.0732632875442505
-1.8784462213516235,0.7240629196166992,1.0825133323669434,-2.001833438873291,-0.8155513405799866,2.208463668823242,-1.1023030281066895
-1.8497555255889893,0.7016542553901672,1.0532011985778809,-1.9994257688522339,-0.784500241279602,2.224248170852661,-1.0878608226776123
-1.8202555179595947,0.6807095408439636,1.0234873294830322,-1.9968490600585938,-0.7539693713188171,2.238771915435791,-1.0734184980392456
-1.7899329662322998,0.6611210703849792,0.9933064579963684,-1.9941010475158691,-0.7238972783088684,2.2521419525146484,-1.0589762926101685
-1.758778691291809,0.642800509929657,0.962604820728302,-1.9911799430847168,-0.6942322850227356,2.2644472122192383,-1.0445340871810913
-1.7267825603485107,0.6256711483001709,0.9313318729400635,-1.9880849123001099,-0.6649277806282043,2.2757673263549805,-1.0300918817520142
-1.6939371824264526,0.6096692681312561,0.8994459509849548,-1.9848144054412842,-0.6359450221061707,2.2861709594726562,-1.0156495571136475
-1.6602402925491333,0.594741702079773,0.866913378238678,-1.9813662767410278,-0.6072497367858887,2.2957167625427246,-1.0012073516845703
-1.6256921291351318,0.5808427333831787,0.8337065577507019,-1.977739691734314,-0.57881098985672,2.304457187652588,-0.9867651462554932
-1.5902971029281616,0.5679349899291992,0.7998043894767761,-1.9739328622817993,-0.5506012439727783,2.3124380111694336,-0.9723228812217712
-1.5540642738342285,0.555986225605011,0.7651928067207336,-1.9699445962905884,-0.5225959420204163,2.3197004795074463,-0.9578806757926941
-1.5170087814331055,0.5449707508087158,0.7298656105995178,-1.965773105621338,-0.4947725236415863,2.326280355453491,-0.9434384107589722
-1.4791533946990967,0.5348656177520752,0.6938254237174988,-1.9614170789718628,-0.46710965037345886,2.3322088718414307,-0.928996205329895
-1.4405252933502197,0.5256534218788147,0.6570810079574585,-1.9568750858306885,-0.43958911299705505,2.3375144004821777,-0.9145539402961731
-1.4011598825454712,0.5173203349113464,0.61965012550354,-1.9521454572677612,-0.4121931195259094,2.34222149848938,-0.900111734867096
-1.361100435256958,0.5098533630371094,0.5815593004226685,-1.9472270011901855,-0.38490575551986694,2.3463523387908936,-0.885669469833374
-1.3203961849212646,0.5032437443733215,0.5428414940834045,-1.9421181678771973,-0.3577098250389099,2.349926710128784,-0.8712272047996521
-1.2791051864624023,0.49748387932777405,0.5035397410392761,-1.9368171691894531,-0.33059191703796387,2.3529601097106934,-0.8567850589752197
-1.2372921705245972,0.492567241191864,0.4637036919593811,-1.9313228130340576,-0.30353742837905884,2.3554680347442627,-0.8423427939414978
-1.1950273513793945,0.4884898364543915,0.4233887791633606,-1.925633192062378,-0.2765319049358368,2.3574631214141846,-0.8279005289077759
-1.1523897647857666,0.4852465093135834,0.3826596438884735,-1.919747233390808,-0.24956248700618744,2.3589553833007812,-0.8134583234786987
-1.1094601154327393,0.48283469676971436,0.3415833115577698,-1.9136629104614258,-0.22261537611484528,2.359954357147217,-0.7990160584449768
-1.0663249492645264,0.48125046491622925,0.30023157596588135,-1.907378911972046,-0.19567732512950897,2.3604674339294434,-0.7845737934112549
-1.0230731964111328,0.48049092292785645,0.25867971777915955,-1.9008935689926147,-0.1687355786561966,2.360499382019043,-0.7701315879821777
-0.9797970652580261,0.4805540144443512,0.2170054316520691,-1.8942047357559204,-0.14177724719047546,2.3600549697875977,-0.7556893825531006
-0.9365857243537903,0.4814363420009613,0.17528320848941803,-1.8873112201690674,-0.11478766798973083,2.3591368198394775,-0.7412471175193787
-0.8935296535491943,0.4831346571445465,0.13358931243419647,-1.8802109956741333,-0.08775348216295242,2.357745409011841,-0.7268048524856567
-0.8507147431373596,0.48564621806144714,0.0919942781329155,-1.8729021549224854,-0.060660380870103836,2.3558807373046875,-0.7123626470565796
-0.8082253932952881,0.48896896839141846,0.05056687071919441,-1.8653829097747803,-0.03349369019269943,2.3535408973693848,-0.6979204416275024
-0.766139805316925,0.49309924244880676,0.009369416162371635,-1.8576512336730957,-0.006237988825887442,2.350722312927246,-0.6834781765937805
-0.7245302796363831,0.49803605675697327,-0.03154274448752403,-1.8497048616409302,0.021122535690665245,2.3474204540252686,-0.6690359711647034
-0.6834636926651001,0.5037769675254822,-0.07212025672197342,-1.8415420055389404,0.04860566183924675,2.3436288833618164,-0.6545937061309814
-0.6429986953735352,0.5103220343589783,-0.1123228520154953,-1.8331602811813354,0.07622899115085602,2.339339017868042,-0.6401514410972595
-0.6031867861747742,0.5176709294319153,-0.15211884677410126,-1.8245573043823242,0.10401153564453125,2.334540843963623,-0.6257092356681824
-0.5927706956863403,0.5173024535179138,-0.162757009267807,-1.8263494968414307,0.11121368408203125,2.3348569869995117,-0.6055171489715576
-0.5823476910591125,0.5169894099235535,-0.17339353263378143,-1.8281289339065552,0.11841050535440445,2.3351404666900635,-0.5853250026702881
-0.5719183683395386,0.5167301893234253,-0.18402837216854095,-1.8298959732055664,0.12560337781906128,2.3353915214538574,-0.5651329159736633
-0.561482846736908,0.5165254473686218,-0.1946614384651184,-1.8316502571105957,0.13279201090335846,2.335609197616577,-0.5449408292770386
-0.551044225692749,0.5163752436637878,-0.2052900493144989,-1.8333920240402222,0.1399768888950348,2.33579421043396,-0.5247487425804138
-0.54060298204422,0.5162799954414368,-0.215913787484169,-1.835121512413025,0.14715825021266937,2.335947036743164,-0.5045565962791443
-0.5301603078842163,0.5162395238876343,-0.2265322357416153,-1.8368384838104248,0.15433667600154877,2.336066961288452,-0.48436450958251953
-0.5197179317474365,0.5162537693977356,-0.23714350163936615,-1.8385429382324219,0.16151152551174164,2.336153745651245,-0.4641723930835724
-0.5092772245407104,0.5163222551345825,-0.247746542096138,-1.8402352333068848,0.1686837077140808,2.336207866668701,-0.44398030638694763
-0.49883878231048584,0.5164458155632019,-0.25834107398986816,-1.8419150114059448,0.17585374414920807,2.336228847503662,-0.4237882196903229
-0.4884048402309418,0.5166240930557251,-0.2689250707626343,-1.8435826301574707,0.18302153050899506,2.336217164993286,-0.40359610319137573
-0.4779771864414215,0.5168574452400208,-0.2794971168041229,-1.8452378511428833,0.19018660485744476,2.3361728191375732,-0.383404016494751
-0.46755552291870117,0.5171451568603516,-0.2900576591491699,-1.8468810319900513,0.19735026359558105,2.336095094680786,-0.36321189999580383
-0.4571422040462494,0.5174881815910339,-0.30060482025146484,-1.8485116958618164,0.2045125812292099,2.335984468460083,-0.3430198132991791
-0.446738064289093,0.5178861021995544,-0.311137855052948,-1.850130319595337,0.21167413890361786,2.3358399868011475,-0.32282766699790955
-0.43634477257728577,0.5183389186859131,-0.3216555118560791,-1.8517370223999023,0.21883463859558105,2.335662841796875,-0.3026355803012848
-0.425963431596756,0.5188466310501099,-0.3321566879749298,-1.853331446647644,0.22599413990974426,2.33545184135437,-0.28244349360466003
-0.4155954122543335,0.5194095373153687,-0.34264034032821655,-1.8549138307571411,0.2331530749797821,2.335207462310791,-0.2622513473033905
-0.4052422344684601,0.5200273990631104,-0.3531052768230438,-1.8564841747283936,0.24031193554401398,2.3349297046661377,-0.24205927550792694
-0.3949051797389984,0.5207008123397827,-0.3635506331920624,-1.8580427169799805,0.24747096002101898,2.334618330001831,-0.221867173910141
-0.384585440158844,0.5214296579360962,-0.3739754855632782,-1.8595893383026123,0.25463011860847473,2.334273099899292,-0.20167508721351624
-0.3742838501930237,0.5222131013870239,-0.3843790292739868,-1.86112380027771,0.26178982853889465,2.3338937759399414,-0.1814829558134079
-0.3640022873878479,0.5230525732040405,-0.3947597146034241,-1.8626463413238525,0.26895028352737427,2.3334801197052,-0.16129086911678314
-0.3537406921386719,0.5239471793174744,-0.40511780977249146,-1.86415696144104,0.2761121094226837,2.3330321311950684,-0.1410987675189972
-0.343502402305603,0.524897575378418,-0.4154503345489502,-1.8656562566757202,0.2832748591899872,2.332550287246704,-0.12090667337179184
-0.333286851644516,0.5259032845497131,-0.42575788497924805,-1.8671433925628662,0.29043903946876526,2.332033634185791,-0.1007145494222641
-0.32309553027153015,0.5269649624824524,-0.43603962659835815,-1.8686187267303467,0.29760536551475525,2.33148193359375,-0.08052246272563934
-0.312929630279541,0.5280823111534119,-0.4462944567203522,-1.8700824975967407,0.3047737777233124,2.330895185470581,-0.06033036485314369
-0.3027906119823456,0.5292550325393677,-0.45652109384536743,-1.8715345859527588,0.31194451451301575,2.3302736282348633,-0.04013824090361595
-0.29267969727516174,0.5304844975471497,-0.466718852519989,-1.8729748725891113,0.31911784410476685,2.3296165466308594,-0.019946109503507614
-0.2825973927974701,0.5317695140838623,-0.4768870174884796,-1.8744038343429565,0.32629385590553284,2.3289241790771484,0.00024598403251729906
-0.2725449800491333,0.5331107378005981,-0.48702511191368103,-1.8758208751678467,0.333473265171051,2.3281960487365723,0.020438076928257942
-0.26252374053001404,0.534508228302002,-0.49713170528411865,-1.8772265911102295,0.34065577387809753,2.3274316787719727,0.040630172938108444
-0.25253432989120483,0.5359621644020081,-0.5072067975997925,-1.8786207437515259,0.3478418290615082,2.3266310691833496,0.0608222633600235
-0.2425781488418579,0.5374727845191956,-0.5172487497329712,-1.8800034523010254,0.3550320267677307,2.3257944583892822,0.08101438730955124
-0.23265507817268372,0.5390396118164062,-0.5272584557533264,-1.8813743591308594,0.362226665019989,2.324920177459717,0.10120651125907898
-0.22276785969734192,0.5406637787818909,-0.537233293056488,-1.8827341794967651,0.3694254457950592,2.324009656906128,0.12139857560396194
-0.2129168063402176,0.5423445105552673,-0.5471731424331665,-1.8840826749801636,0.37662917375564575,2.3230621814727783,0.14159069955348969
-0.20310109853744507,0.5440821051597595,-0.5570788979530334,-1.8854198455810547,0.38383737206459045,2.3220763206481934,0.16178281605243683
-0.19332297146320343,0.5458770990371704,-0.5669491291046143,-1.8867453336715698,0.39105188846588135,2.3210525512695312,0.1819748878479004
-0.18358390033245087,0.5477296710014343,-0.5767825245857239,-1.8880598545074463,0.39827173948287964,2.319990873336792,0.20216700434684753
-0.1738838106393814,0.5496399998664856,-0.5865790843963623,-1.8893628120422363,0.40549707412719727,2.3188905715942383,0.2223590761423111
-0.16422395408153534,0.5516078472137451,-0.5963379740715027,-1.8906549215316772,0.41272854804992676,2.317751884460449,0.24255119264125824
-0.15460419654846191,0.5536335110664368,-0.6060599088668823,-1.8919354677200317,0.41996705532073975,2.31657338142395,0.2627433240413666
-0.14502650499343872,0.5557175278663635,-0.615743100643158,-1.893205165863037,0.4272116720676422,2.3153557777404785,0.28293538093566895
-0.13549014925956726,0.5578601360321045,-0.6253883838653564,-1.8944634199142456,0.4344642758369446,2.3140978813171387,0.3031274974346161
-0.12599746882915497,0.5600613951683044,-0.634993851184845,-1.8957109451293945,0.44172361493110657,2.312800168991089,0.3233196437358856
-0.11654742062091827,0.5623215436935425,-0.6445610523223877,-1.8969470262527466,0.4489915072917938,2.3114612102508545,0.343511700630188
-0.10714168846607208,0.5646405816078186,-0.6540882587432861,-1.898172378540039,0.45626693964004517,2.3100814819335938,0.36370381712913513
-0.09778125584125519,0.5670194625854492,-0.6635752320289612,-1.8993862867355347,0.4635509252548218,2.3086600303649902,0.3838958740234375
-0.08846595138311386,0.5694572925567627,-0.6730217337608337,-1.900589942932129,0.4708423316478729,2.307197093963623,0.40408802032470703
-0.07919725030660629,0.5719560980796814,-0.6824273467063904,-1.9017820358276367,0.4781439006328583,2.305691719055176,0.4242801368236542
-0.06997326016426086,0.5745149850845337,-0.6917942762374878,-1.902963638305664,0.48545485734939575,2.304142713546753,0.44447219371795654
-0.0607975572347641,0.5771341919898987,-0.7011187076568604,-1.9041340351104736,0.4927757978439331,2.30255126953125,0.4646643102169037
-0.05166738107800484,0.5798150300979614,-0.7104043960571289,-1.9052938222885132,0.5001068115234375,2.300915002822876,0.48485642671585083
-0.042586129158735275,0.5825570821762085,-0.7196478843688965,-1.906442642211914,0.5074482560157776,2.299234628677368,0.5050485134124756
-0.03355241194367409,0.5853605270385742,-0.7288510203361511,-1.9075809717178345,0.514800488948822,2.2975096702575684,0.5252406001091003
-0.024568095803260803,0.5882266163825989,-0.738012433052063,-1.908708095550537,0.5221638083457947,2.29573917388916,0.5454327464103699
-0.015632184222340584,0.5911552906036377,-0.7471333146095276,-1.9098249673843384,0.5295396447181702,2.2939226627349854,0.5656248331069946
-0.006745324470102787,0.5941472053527832,-0.7562134265899658,-1.9109309911727905,0.5369268655776978,2.2920591831207275,0.5858170390129089
0.0020905497949570417,0.5972025394439697,-0.7652511596679688,-1.9120261669158936,0.5443258881568909,2.290149450302124,0.6060090661048889
0.0108779426664114,0.600321888923645,-0.7742496728897095,-1.9131107330322266,0.5517388582229614,2.2881908416748047,0.6262012124061584
0.019615329802036285,0.6035056114196777,-0.7832077145576477,-1.9141850471496582,0.5591651797294617,2.2861838340759277,0.6463932991027832
0.028301013633608818,0.606754720211029,-0.7921237349510193,-1.9152485132217407,0.5666041374206543,2.284128189086914,0.666585385799408
0.03693751245737076,0.6100693345069885,-0.8010010123252869,-1.9163016080856323,0.574059009552002,2.282021999359131,0.6867775321006775
0.04552312195301056,0.6134507060050964,-0.8098384141921997,-1.9173442125320435,0.5815280079841614,2.279865026473999,0.7069695591926575
0.05405634641647339,0.616898238658905,-0.8186342716217041,-1.9183762073516846,0.5890116691589355,2.2776577472686768,0.7271617650985718
0.06253904104232788,0.6204136610031128,-0.8273913264274597,-1.9193981885910034,0.5965111255645752,2.275398015975952,0.7473537921905518
0.07097069174051285,0.6239969730377197,-0.8361093401908875,-1.9204093217849731,0.6040269732475281,2.273085117340088,0.7675458788871765
0.07934984564781189,0.6276495456695557,-0.8447874188423157,-1.9214102029800415,0.6115590929985046,2.270719051361084,0.787738025188446
0.08767730742692947,0.6313718557357788,-0.8534271121025085,-1.922400712966919,0.6191085577011108,2.2682981491088867,0.8079301118850708
0.09595411270856857,0.6351642608642578,-0.8620296716690063,-1.9233810901641846,0.6266763210296631,2.2658214569091797,0.8281222581863403
0.10417844355106354,0.6390282511711121,-0.8705937266349792,-1.9243509769439697,0.6342623233795166,2.263288736343384,0.8483142852783203
0.11235111951828003,0.6429638862609863,-0.8791205883026123,-1.9253109693527222,0.6418671607971191,2.2606987953186035,0.8685063719749451
0.12047091871500015,0.6469724178314209,-0.8876096606254578,-1.9262603521347046,0.649491012096405,2.2580509185791016,0.8886985182762146
0.12853962182998657,0.6510549783706665,-0.896063506603241,-1.9271999597549438,0.6571353077888489,2.255343437194824,0.9088906049728394
0.13655555248260498,0.6552122831344604,-0.9044807553291321,-1.9281293153762817,0.6648004651069641,2.2525761127471924,0.9290827512741089
0.1445206105709076,0.6594453454017639,-0.9128639101982117,-1.9290482997894287,0.6724870204925537,2.249746799468994,0.9492748975753784
0.15243199467658997,0.6637555360794067,-0.9212110042572021,-1.9299575090408325,0.680195689201355,2.2468559741973877,0.9694668650627136
0.16029225289821625,0.6681429743766785,-0.9295246005058289,-1.930856704711914,0.6879276633262634,2.243901252746582,0.9896590113639832
0.16810058057308197,0.6726097464561462,-0.9378052949905396,-1.9317457675933838,0.6956828236579895,2.2408814430236816,1.009851098060608
0.17585670948028564,0.6771572232246399,-0.9460532665252686,-1.9326248168945312,0.7034624218940735,2.23779559135437,1.0300432443618774
0.18356062471866608,0.6817859411239624,-0.9542689323425293,-1.933493971824646,0.7112666964530945,2.234642505645752,1.050235390663147
0.19121336936950684,0.6864978075027466,-0.9624541401863098,-1.9343531131744385,0.7190977931022644,2.2314205169677734,1.070427417755127
0.19881300628185272,0.6912931203842163,-0.9706076383590698,-1.9352025985717773,0.726954996585846,2.2281293869018555,1.0906195640563965
0.2063627541065216,0.6961744427680969,-0.9787336587905884,-1.9360421895980835,0.7348403930664062,2.2247657775878906,1.1108115911483765
0.21386007964611053,0.7011432647705078,-0.9868305921554565,-1.9368717670440674,0.7427546977996826,2.2213289737701416,1.131003737449646
0.22130538523197174,0.7062000036239624,-0.9948989152908325,-1.9376918077468872,0.7506977915763855,2.21781849861145,1.1511958837509155
0.22869928181171417,0.7113474607467651,-1.0029406547546387,-1.9385019540786743,0.7586715817451477,2.214231491088867,1.171388030052185
0.23603969812393188,0.7165842652320862,-1.0109539031982422,-1.939302921295166,0.7666738033294678,2.21056866645813,1.191580057144165
0.24333205819129944,0.7219175696372986,-1.0189462900161743,-1.9400935173034668,0.7747128009796143,2.2068238258361816,1.211772084236145
0.25057217478752136,0.7273467779159546,-1.0269142389297485,-1.940874457359314,0.7827849984169006,2.2029976844787598,1.2319642305374146
0.25776153802871704,0.7328729629516602,-1.0348594188690186,-1.9416462182998657,0.7908919453620911,2.1990885734558105,1.252156376838684
0.26489999890327454,0.7384992837905884,-1.0427837371826172,-1.9424080848693848,0.7990356683731079,2.1950936317443848,1.2723485231399536
0.2719876766204834,0.7442269325256348,-1.050687551498413,-1.9431602954864502,0.8072165846824646,2.191011667251587,1.2925405502319336
0.2790248394012451,0.7500587701797485,-1.05857253074646,-1.9439033269882202,0.815436065196991,2.1868398189544678,1.3127325773239136
0.2860107719898224,0.7559965252876282,-1.066439151763916,-1.9446367025375366,0.8236955404281616,2.1825766563415527,1.332924723625183
0.29294660687446594,0.7620438933372498,-1.0742900371551514,-1.9453606605529785,0.8319967985153198,2.1782188415527344,1.3531168699264526
0.29983192682266235,0.7682020664215088,-1.0821255445480347,-1.946075201034546,0.8403412699699402,2.173764705657959,1.3733090162277222
0.3066668212413788,0.7744744420051575,-1.0899475812911987,-1.9467804431915283,0.848730742931366,2.1692113876342773,1.3935010433197021
0.31345242261886597,0.7808647751808167,-1.0977587699890137,-1.9474761486053467,0.8571667671203613,2.164555072784424,1.4136930704116821
0.3201877474784851,0.7873747944831848,-1.105559229850769,-1.9481626749038696,0.86565101146698,2.159794330596924,1.4338852167129517
0.3268718123435974,0.794007420539856,-1.1133495569229126,-1.9488399028778076,0.874184787273407,2.1549267768859863,1.4540773630142212
0.3335075378417969,0.8007673025131226,-1.1211345195770264,-1.9495079517364502,0.8827716708183289,2.149947166442871,1.4742695093154907
0.34009286761283875,0.8076578378677368,-1.1289139986038208,-1.9501665830612183,0.8914124965667725,2.144853353500366,1.4944616556167603
0.34662893414497375,0.8146823644638062,-1.1366907358169556,-1.9508161544799805,0.9001097679138184,2.139641523361206,1.5146535634994507
0.35311460494995117,0.8218441605567932,-1.144465446472168,-1.9514566659927368,0.9088653326034546,2.1343090534210205,1.5348457098007202
0.35955074429512024,0.8291480541229248,-1.1522409915924072,-1.9520878791809082,0.9176827073097229,2.1288509368896484,1.5550378561019897
0.3659391701221466,0.836600124835968,-1.1600220203399658,-1.9527100324630737,0.926564633846283,2.1232619285583496,1.5752300024032593
0.37227630615234375,0.844201922416687,-1.1678065061569214,-1.9533233642578125,0.9355123043060303,2.1175408363342285,1.5954221487045288
0.3785650432109833,0.8519611954689026,-1.175600290298462,-1.9539273977279663,0.9445309042930603,2.111680030822754,1.6156141757965088
0.38480350375175476,0.8598819971084595,-1.1834039688110352,-1.954522728919983,0.9536222815513611,2.1056766510009766,1.6358062028884888
0.3909931778907776,0.8679708242416382,-1.1912221908569336,-1.955108880996704,0.9627897143363953,2.0995237827301025,1.6559983491897583
0.3971329629421234,0.8762323260307312,-1.1990561485290527,-1.955686330795288,0.9720368385314941,2.0932178497314453,1.6761904954910278
0.40322306752204895,0.8846741318702698,-1.2069096565246582,-1.9562547206878662,0.9813679456710815,2.0867514610290527,1.6963826417922974
0.4092632234096527,0.8933029770851135,-1.2147856950759888,-1.9568144083023071,0.9907870292663574,2.0801191329956055,1.716574788093567
0.41525405645370483,0.9021266102790833,-1.222688913345337,-1.9573651552200317,1.0002994537353516,2.0733132362365723,1.7367666959762573
0.42119520902633667,0.9111530184745789,-1.23062264919281,-1.9579073190689087,1.0099093914031982,2.066326856613159,1.7569588422775269
0.4270847737789154,0.9203887581825256,-1.2385891675949097,-1.9584405422210693,1.0196201801300049,2.0591540336608887,1.7771509885787964
0.41039153933525085,0.9181305766105652,-1.2311279773712158,-1.9493639469146729,1.0138263702392578,2.06054949760437,1.798088550567627
0.3937346637248993,0.9162623882293701,-1.2237751483917236,-1.9400837421417236,1.0082706212997437,2.0616328716278076,1.819026231765747
0.3771190047264099,0.9147788286209106,-1.2165361642837524,-1.9305975437164307,1.002953290939331,2.0624098777770996,1.8399637937545776
0.3605513572692871,0.9136724472045898,-1.209418535232544,-1.920904278755188,0.99787437915802,2.062887191772461,1.8609013557434082
0.34403759241104126,0.9129362106323242,-1.202427625656128,-1.9110027551651,0.9930328726768494,2.0630717277526855,1.8818390369415283
0.3275841176509857,0.9125681519508362,-1.1955727338790894,-1.9008907079696655,0.9884325265884399,2.062965154647827,1.9027765989303589
0.3111955225467682,0.9125606417655945,-1.1888586282730103,-1.8905659914016724,0.9840711355209351,2.0625743865966797,1.923714280128479
0.294878751039505,0.9129126667976379,-1.1822960376739502,-1.8800268173217773,0.9799540042877197,2.0619008541107178,1.9446518421173096
0.2786382734775543,0.9136184453964233,-1.1758909225463867,-1.8692706823349,0.976081371307373,2.0609495639801025,1.9655894041061401
0.2624798119068146,0.9146764278411865,-1.1696531772613525,-1.8582955598831177,0.9724560379981995,2.0597217082977295,1.9865270853042603
0.24640817940235138,0.9160836338996887,-1.163590908050537,-1.8470982313156128,0.9690818786621094,2.058220386505127,2.007464647293091
0.23042941093444824,0.9178401827812195,-1.1577152013778687,-1.8356761932373047,0.9659648537635803,2.056445360183716,2.028402328491211
0.21454668045043945,0.919942319393158,-1.1520335674285889,-1.824026346206665,0.9631062746047974,2.0543994903564453,2.049339771270752
0.1987653374671936,0.9223905801773071,-1.1465575695037842,-1.8121451139450073,0.9605121612548828,2.0520825386047363,2.070277452468872
0.18308942019939423,0.9251852631568909,-1.1412973403930664,-1.800028920173645,0.9581893086433411,2.0494942665100098,2.091215133666992
0.1675231158733368,0.9283274412155151,-1.136264681816101,-1.7876739501953125,0.9561445713043213,2.046633720397949,2.112152576446533
0.15207037329673767,0.9318162202835083,-1.1314705610275269,-1.7750766277313232,0.9543827772140503,2.0435009002685547,2.1330902576446533
0.1367349922657013,0.9356566071510315,-1.1269288063049316,-1.762231469154358,0.9529151320457458,2.0400922298431396,2.1540279388427734
0.12151890993118286,0.9398475885391235,-1.122649908065796,-1.7491343021392822,0.9517483711242676,2.036406993865967,2.1749656200408936
0.10642793029546738,0.9443959593772888,-1.1186516284942627,-1.7357795238494873,0.9508953094482422,2.032440185546875,2.1959030628204346
0.09146294742822647,0.9493045806884766,-1.1149464845657349,-1.7221615314483643,0.9503657817840576,2.028188705444336,2.2168407440185547
0.07662820816040039,0.9545789957046509,-1.1115520000457764,-1.708274483680725,0.950173020362854,2.0236473083496094,2.2377781867980957
0.06192449852824211,0.9602230787277222,-1.108483076095581,-1.6941118240356445,0.9503290057182312,2.0188121795654297,2.258716106414795
0.04735525697469711,0.9662474393844604,-1.1057610511779785,-1.6796663999557495,0.950853705406189,2.01367449760437,2.279653549194336
0.03292186185717583,0.9726572036743164,-1.1034038066864014,-1.6649305820465088,0.9517609477043152,2.008228302001953,2.300591230392456
0.018626529723405838,0.9794648885726929,-1.1014351844787598,-1.6498961448669434,0.9530729651451111,2.0024640560150146,2.321528673171997
0.004470761399716139,0.9866805672645569,-1.0998789072036743,-1.6345542669296265,0.9548116326332092,1.9963713884353638,2.342466354370117
-0.009545705281198025,0.9943158626556396,-1.098759412765503,-1.6188948154449463,0.9569997787475586,1.9899407625198364,2.3634040355682373
-0.02342003770172596,1.0023877620697021,-1.098109483718872,-1.602907657623291,0.9596676230430603,1.9831569194793701,2.3843414783477783
-0.037152327597141266,1.0109115839004517,-1.0979595184326172,-1.5865814685821533,0.9628453850746155,1.976006031036377,2.4052793979644775
-0.05074135214090347,1.0199087858200073,-1.098348617553711,-1.56990385055542,0.9665723443031311,1.9684698581695557,2.4262168407440186
-0.06418229639530182,1.0294005870819092,-1.0993211269378662,-1.5528604984283447,0.9708876609802246,1.96052885055542,2.4471542835235596
-0.07748620212078094,1.039414405822754,-1.1009159088134766,-1.5354371070861816,0.9758390188217163,1.9521607160568237,2.4680919647216797
-0.09064911305904388,1.0499777793884277,-1.1031885147094727,-1.5176174640655518,0.9814780950546265,1.94334077835083,2.4890296459198
-0.10366944968700409,1.0611302852630615,-1.1062060594558716,-1.4993834495544434,0.9878736734390259,1.9340349435806274,2.509967088699341
-0.11655011773109436,1.0729106664657593,-1.110037088394165,-1.480715274810791,0.9950966238975525,1.9242098331451416,2.530904769897461
-0.12929336726665497,1.0853676795959473,-1.1147648096084595,-1.4615910053253174,1.003232479095459,1.9138238430023193,2.551842451095581
