1.427433967590332,1.2529913187026978,-1.0381767749786377,-0.9243559837341309,0.9875273704528809,1.7689121961593628,-1.7061041593551636
1.4282395839691162,1.218705415725708,-0.9869145154953003,-0.9572281837463379,0.9334218502044678,1.7972311973571777,-1.682356357574463
1.4289361238479614,1.1885490417480469,-0.9447947144508362,-0.9880588054656982,0.8887249231338501,1.8220715522766113,-1.6586085557937622
1.429557204246521,1.1614079475402832,-0.9091655015945435,-1.0171899795532227,0.8507100939750671,1.8443695306777954,-1.6348607540130615
1.4301273822784424,1.1365842819213867,-0.8783899545669556,-1.04487943649292,0.8176923990249634,1.864708662033081,-1.6111129522323608
1.4306625127792358,1.1136078834533691,-0.851380467414856,-1.0713255405426025,0.7885525822639465,1.8834831714630127,-1.5873650312423706
1.4311715364456177,1.09214448928833,-0.827372670173645,-1.0966849327087402,0.7625044584274292,1.9009754657745361,-1.56361722946167
1.4316643476486206,1.0719484090805054,-0.8058174848556519,-1.1210834980010986,0.7389811277389526,1.9173903465270996,-1.5398694276809692
1.4321476221084595,1.0528316497802734,-0.7863009572029114,-1.1446261405944824,0.7175557613372803,1.9328868389129639,-1.5161216259002686
1.4326260089874268,1.0346466302871704,-0.7685036659240723,-1.1673977375030518,0.6979000568389893,1.9475882053375244,-1.4923738241195679
1.4331008195877075,1.0172818899154663,-0.7521775960922241,-1.1894721984863281,0.6797579526901245,1.9615910053253174,-1.4686260223388672
1.4335778951644897,1.0006352663040161,-0.7371198534965515,-1.210911750793457,0.6629210710525513,1.9749784469604492,-1.4448782205581665
1.434066653251648,0.9846295714378357,-0.723179280757904,-1.23176908493042,0.6472262740135193,1.9878132343292236,-1.4211304187774658
1.4345639944076538,0.9691989421844482,-0.7102152705192566,-1.2520909309387207,0.6325323581695557,2.000153064727783,-1.3973824977874756
1.4350736141204834,0.9542900323867798,-0.6981211304664612,-1.2719171047210693,0.6187277436256409,2.01204252243042,-1.373634696006775
1.4355974197387695,0.9398542642593384,-0.6868031620979309,-1.2912850379943848,0.6057161092758179,2.0235230922698975,-1.3498868942260742
1.4361364841461182,0.9258506298065186,-0.6761816143989563,-1.310225248336792,0.593415379524231,2.0346291065216064,-1.3261390924453735
1.436693787574768,0.9122445583343506,-0.6661921143531799,-1.328766107559204,0.5817561149597168,2.045389175415039,-1.3023912906646729
1.437269926071167,0.8990041017532349,-0.6567749381065369,-1.3469326496124268,0.5706781148910522,2.055830717086792,-1.2786434888839722
1.4378679990768433,0.8861019015312195,-0.6478822231292725,-1.364748239517212,0.5601295828819275,2.065976142883301,-1.2548956871032715
1.4384883642196655,0.8735151290893555,-0.6394699811935425,-1.382232427597046,0.550065815448761,2.075845241546631,-1.2311477661132812
1.4391324520111084,0.8612204194068909,-0.6314990520477295,-1.399404525756836,0.540444552898407,2.0854573249816895,-1.2073999643325806
1.439802646636963,0.8492002487182617,-0.623938798904419,-1.41628098487854,0.5312340259552002,2.094827175140381,-1.1836521625518799
1.4404959678649902,0.8374340534210205,-0.616752028465271,-1.4328787326812744,0.5223957896232605,2.1039719581604004,-1.1599043607711792
1.4412200450897217,0.8259100317955017,-0.6099227666854858,-1.4492101669311523,0.5139119029045105,2.1129021644592285,-1.1361565589904785
1.4419729709625244,0.8146130442619324,-0.6034233570098877,-1.4652886390686035,0.5057529807090759,2.1216301918029785,-1.1124087572097778
1.4427562952041626,0.8035295605659485,-0.5972327589988708,-1.4811270236968994,0.497896671295166,2.1301677227020264,-1.0886609554290771
1.4435724020004272,0.7926475405693054,-0.59133380651474,-1.4967355728149414,0.49032363295555115,2.1385233402252197,-1.0649131536483765
1.4444208145141602,0.7819567322731018,-0.5857076644897461,-1.512125015258789,0.4830147922039032,2.146707773208618,-1.0411653518676758
1.4453045129776,0.7714463472366333,-0.5803411602973938,-1.5273051261901855,0.47595518827438354,2.1547274589538574,-1.017417550086975
1.4462226629257202,0.7611094117164612,-0.5752188563346863,-1.5422837734222412,0.4691280126571655,2.1625919342041016,-0.9936696887016296
1.4471780061721802,0.750935971736908,-0.5703297853469849,-1.557070255279541,0.4625213146209717,2.170306921005249,-0.9699218273162842
1.4481713771820068,0.7409178614616394,-0.5656617283821106,-1.571671962738037,0.4561217725276947,2.177879571914673,-0.9461740851402283
1.449204444885254,0.7310487031936646,-0.5612061023712158,-1.5860960483551025,0.44991838932037354,2.1853153705596924,-0.9224262833595276
1.4502779245376587,0.7213214039802551,-0.5569520592689514,-1.6003491878509521,0.44390007853507996,2.192620277404785,-0.8986784219741821
1.451393723487854,0.7117301821708679,-0.552892804145813,-1.6144379377365112,0.4380585849285126,2.1997995376586914,-0.8749306201934814
1.4525524377822876,0.7022683620452881,-0.5490190982818604,-1.6283684968948364,0.4323836863040924,2.2068581581115723,-0.851182758808136
1.4537559747695923,0.6929322481155396,-0.5453254580497742,-1.6421456336975098,0.426868200302124,2.2138001918792725,-0.8274350166320801
1.4550055265426636,0.6837143898010254,-0.5418045520782471,-1.655776023864746,0.4215032458305359,2.220630168914795,-0.8036871552467346
1.4563031196594238,0.6746116876602173,-0.5384519100189209,-1.6692631244659424,0.4162839353084564,2.2273521423339844,-0.7799393534660339
1.395398497581482,0.6207114458084106,-0.469426691532135,-1.7289055585861206,0.349615216255188,2.2656989097595215,-0.7908852100372314
1.3293250799179077,0.5719950795173645,-0.4006672501564026,-1.7851256132125854,0.2869092524051666,2.29945707321167,-0.8018311262130737
1.2573261260986328,0.5278400778770447,-0.33042430877685547,-1.8382679224014282,0.22706416249275208,2.329256296157837,-0.8127769827842712
1.1785295009613037,0.48786306381225586,-0.2571161985397339,-1.8885974884033203,0.16926905512809753,2.3555538654327393,-0.8237228393554688
1.09197998046875,0.45186546444892883,-0.17926621437072754,-1.9363224506378174,0.11290795356035233,2.378683567047119,-0.8346686959266663
0.9966952204704285,0.4198055863380432,-0.0954957902431488,-1.9816044569015503,0.057497575879096985,2.3988890647888184,-0.8456146121025085
0.8917765617370605,0.39178091287612915,-0.0046004303731024265,-2.024569511413574,0.0026480054948478937,2.4163448810577393,-0.856560468673706
0.8604374527931213,0.40640684962272644,0.0178281981498003,-2.000871181488037,-0.010516447946429253,2.4071929454803467,-0.8351687788963318
0.830738365650177,0.42147135734558105,0.03902367502450943,-1.9766207933425903,-0.023571360856294632,2.3976690769195557,-0.8137770891189575
0.8025597929954529,0.43696731328964233,0.0591118298470974,-1.9518020153045654,-0.036536216735839844,2.3877663612365723,-0.7923853993415833
0.775792121887207,0.4528948962688446,0.07821004092693329,-1.926396369934082,-0.04943131282925606,2.3774774074554443,-0.7709937691688538
0.7503324747085571,0.46925464272499084,0.09643061459064484,-1.9003827571868896,-0.0622786320745945,2.3667917251586914,-0.7496020793914795
0.7260881662368774,0.4860523045063019,0.11387716978788376,-1.8737374544143677,-0.07510194927453995,2.355699062347412,-0.7282103896141052
0.7029740810394287,0.5032952427864075,0.13064821064472198,-1.8464343547821045,-0.08792639523744583,2.344186544418335,-0.706818699836731
0.6809118390083313,0.5209962725639343,0.14683771133422852,-1.8184421062469482,-0.10078011453151703,2.3322393894195557,-0.6854270100593567
0.6598297953605652,0.5391704440116882,0.16253608465194702,-1.7897272109985352,-0.11369355767965317,2.3198399543762207,-0.6640353202819824
0.6396623849868774,0.5578382611274719,0.17783132195472717,-1.7602498531341553,-0.1267014592885971,2.3069679737091064,-0.6426436901092529
0.6203499436378479,0.5770228505134583,0.19280943274497986,-1.7299665212631226,-0.1398417353630066,2.2936010360717773,-0.6212519407272339
0.6018385291099548,0.5967538356781006,0.20755590498447418,-1.6988261938095093,-0.15315674245357513,2.279712200164795,-0.5998603105545044
0.5840784907341003,0.6170656681060791,0.22215819358825684,-1.6667708158493042,-0.16669698059558868,2.265270233154297,-0.5784686207771301
0.5670242309570312,0.6380002498626709,0.23670744895935059,-1.6337335109710693,-0.18051820993423462,2.2502386569976807,-0.5570769309997559
0.5506342053413391,0.6596060395240784,0.2513001263141632,-1.5996367931365967,-0.19468772411346436,2.2345755100250244,-0.5356852412223816
0.534870982170105,0.6819416284561157,0.2660406529903412,-1.5643904209136963,-0.20928236842155457,2.2182300090789795,-0.5142935514450073
0.5197007656097412,0.7050778269767761,0.28104498982429504,-1.5278873443603516,-0.22439667582511902,2.2011430263519287,-0.49290189146995544
0.505092978477478,0.7290980219841003,0.2964455485343933,-1.490001916885376,-0.2401423156261444,2.1832427978515625,-0.4715102016925812
0.4910186529159546,0.7541059255599976,0.3123999536037445,-1.4505820274353027,-0.2566600441932678,2.1644420623779297,-0.4501185119152069
0.4774537682533264,0.7802286744117737,0.329095721244812,-1.4094429016113281,-0.27412480115890503,2.144634246826172,-0.42872685194015503
0.46437668800354004,0.8076242208480835,0.3467671573162079,-1.3663578033447266,-0.2927614450454712,2.1236870288848877,-0.40733516216278076
0.4813136160373688,0.7667517066001892,0.30105283856391907,-1.4254341125488281,-0.249156191945076,2.1547069549560547,-0.4023270308971405
0.49870288372039795,0.7292119264602661,0.2586352825164795,-1.480865478515625,-0.20973935723304749,2.182847499847412,-0.39731889963150024
0.5165607929229736,0.6944547891616821,0.21862024068832397,-1.5332114696502686,-0.1736311912536621,2.208583354949951,-0.39231076836586
0.5349140167236328,0.6620718240737915,0.1803552359342575,-1.5828957557678223,-0.14020732045173645,2.2322683334350586,-0.3873026371002197
0.5537915229797363,0.6317496299743652,0.1433490663766861,-1.630250334739685,-0.10901357233524323,2.2541770935058594,-0.38229450583457947
0.5732312798500061,0.6032435894012451,0.107212133705616,-1.6755393743515015,-0.07970690727233887,2.2745258808135986,-0.3772864043712616
0.5932749509811401,0.5763581991195679,0.07162833958864212,-1.7189770936965942,-0.052024565637111664,2.2934906482696533,-0.37227827310562134
0.6139697432518005,0.5509349703788757,0.036331649869680405,-1.7607405185699463,-0.025761356577277184,2.31121563911438,-0.3672701418399811
0.6353672742843628,0.5268456935882568,0.0010929724667221308,-1.800976037979126,-0.0007561445236206055,2.3278212547302246,-0.36226198077201843
0.6575238108634949,0.5039837956428528,-0.034291017800569534,-1.8398083448410034,0.023122623562812805,2.343409538269043,-0.35725387930870056
0.6805005073547363,0.48226168751716614,-0.07000468671321869,-1.877342700958252,0.04598034545779228,2.3580689430236816,-0.3522457480430603
0.7043618559837341,0.4616066813468933,-0.10621701925992966,-1.9136693477630615,0.0679013654589653,2.371873140335083,-0.34723761677742004
0.7291755080223083,0.4419584274291992,-0.14308646321296692,-1.9488661289215088,0.08895689994096756,2.3848886489868164,-0.3422294855117798
0.7550138235092163,0.42326784133911133,-0.1807643175125122,-1.983000636100769,0.10920364409685135,2.3971731662750244,-0.3372213542461395
0.6969852447509766,0.3882381319999695,-0.15359953045845032,-2.036848545074463,0.08769451081752777,2.4190449714660645,-0.33800628781318665
0.630459725856781,0.3556942939758301,-0.12034562975168228,-2.0864505767822266,0.0647246390581131,2.4387481212615967,-0.33879122138023376
0.5540146231651306,0.32575923204421997,-0.07952913641929626,-2.1319258213043213,0.04018411412835121,2.4563305377960205,-0.3395761549472809
0.4660981297492981,0.2986498773097992,-0.02953493967652321,-2.173339366912842,0.013996004126966,2.4718189239501953,-0.340361088514328
0.3651948571205139,0.2746790051460266,0.031240373849868774,-2.2107152938842773,-0.013883624225854874,2.485220432281494,-0.3411460220813751
0.2501649558544159,0.2542553246021271,0.1040491908788681,-2.244044303894043,-0.0434628427028656,2.4965286254882812,-0.34193095564842224
0.12079137563705444,0.23785874247550964,0.1892612874507904,-2.2732954025268555,-0.07471213489770889,2.5057268142700195,-0.34271588921546936
-0.02152823843061924,0.22599177062511444,0.28567174077033997,-2.2984213829040527,-0.10756322741508484,2.5127904415130615,-0.3435008227825165
-0.17325575649738312,0.2190878987312317,0.38997918367385864,-2.3193671703338623,-0.1419077068567276,2.517688512802124,-0.3442857563495636
-0.3288223147392273,0.21740615367889404,0.4968966245651245,-2.336076259613037,-0.17759956419467926,2.520388603210449,-0.3450706899166107
-0.4816844165325165,0.22095100581645966,0.6002053618431091,-2.348496913909912,-0.21445806324481964,2.520853042602539,-0.34585562348365784
-0.593887448310852,0.23113049566745758,0.7032012343406677,-2.356546640396118,-0.2566503882408142,2.518467426300049,-0.3144158720970154
-0.6970678567886353,0.24389135837554932,0.7970258593559265,-2.3641674518585205,-0.29897478222846985,2.5149526596069336,-0.2829761207103729
-0.7909319400787354,0.25901612639427185,0.8814197182655334,-2.371361255645752,-0.34145641326904297,2.510263204574585,-0.25153636932373047
-0.8757551908493042,0.27631619572639465,0.9566934108734131,-2.3781304359436035,-0.3841208815574646,2.5043435096740723,-0.220096617937088
-0.9521730542182922,0.295646995306015,1.0235192775726318,-2.3844783306121826,-0.42699676752090454,2.4971230030059814,-0.18865686655044556
-1.0209801197052002,0.31691408157348633,1.0827305316925049,-2.3904073238372803,-0.4701145589351654,2.488518238067627,-0.1572171151638031
-1.0830235481262207,0.34007662534713745,1.1352152824401855,-2.395921230316162,-0.5135101675987244,2.478426933288574,-0.12577734887599945
-1.1391156911849976,0.3651427626609802,1.181830644607544,-2.4010238647460938,-0.5572230219841003,2.466728448867798,-0.094337597489357
-1.1900053024291992,0.39217451214790344,1.223373532295227,-2.405719518661499,-0.6013007164001465,2.4532768726348877,-0.06289785355329514
-1.2363574504852295,0.42128628492355347,1.2605633735656738,-2.4100122451782227,-0.645799458026886,2.4378960132598877,-0.03145809844136238
-1.278749704360962,0.4526502788066864,1.294036626815796,-2.413907051086426,-0.6907872557640076,2.420372724533081,-1.83490410563536e-05
-1.3176759481430054,0.48649880290031433,1.3243581056594849,-2.4174089431762695,-0.736346960067749,2.4004502296447754,0.03142140433192253
-1.353559136390686,0.523142397403717,1.3520324230194092,-2.4205236434936523,-0.7825823426246643,2.377809762954712,0.06286115199327469
-1.4041889905929565,0.4502659738063812,1.396615982055664,-2.4820291996002197,-0.7165651917457581,2.430596113204956,0.06161284074187279
-1.4764832258224487,0.38710859417915344,1.4678370952606201,-2.5419936180114746,-0.6533706784248352,2.475705623626709,0.060364533215761185
-1.5778266191482544,0.3336493968963623,1.572475790977478,-2.6005194187164307,-0.5918915867805481,2.514273166656494,0.05911622196435928
-1.715989589691162,0.2909426689147949,1.717955231666565,-2.6576881408691406,-0.5312390327453613,2.547069549560547,0.05786791071295738
-1.894835114479065,0.2610381543636322,1.9079866409301758,-2.713561773300171,-0.4706433415412903,2.5746045112609863,0.05661960318684578
-1.9426448345184326,0.2621248960494995,1.9243220090866089,-2.718966007232666,-0.47052642703056335,2.5756146907806396,0.02724526822566986
-1.9866362810134888,0.26317697763442993,1.9367576837539673,-2.7231671810150146,-0.47070276737213135,2.576320171356201,-0.0021290669683367014
-2.026825189590454,0.264100581407547,1.9453768730163574,-2.726163864135742,-0.471088171005249,2.576751708984375,-0.03150339797139168
-2.0632386207580566,0.26481637358665466,1.950282335281372,-2.7279551029205322,-0.4715965688228607,2.5769388675689697,-0.060877736657857895
-2.0959153175354004,0.2652609944343567,1.9515879154205322,-2.7285447120666504,-0.47214019298553467,2.576907157897949,-0.09025207906961441
-2.1248793601989746,0.2653825879096985,1.9493919610977173,-2.727937936782837,-0.47263407707214355,2.576681137084961,-0.11962640285491943
-2.150153160095215,0.26514410972595215,1.9437905550003052,-2.7261433601379395,-0.47299274802207947,2.5762810707092285,-0.14900073409080505
-2.171743869781494,0.2645221948623657,1.934861660003662,-2.7231712341308594,-0.4731350839138031,2.575723648071289,-0.17837508022785187
-2.189639091491699,0.26350536942481995,1.9226601123809814,-2.7190349102020264,-0.47298258543014526,2.575024127960205,-0.20774942636489868
-2.203813076019287,0.26209405064582825,1.9072225093841553,-2.713749408721924,-0.4724617600440979,2.574192762374878,-0.2371237576007843
-2.2142231464385986,0.2603001594543457,1.8885637521743774,-2.707332134246826,-0.4715026319026947,2.573237180709839,-0.2664980888366699
-2.220806121826172,0.258146733045578,1.8666713237762451,-2.699801206588745,-0.4700431525707245,2.572160243988037,-0.29587239027023315
-2.223484992980957,0.25566741824150085,1.8415123224258423,-2.6911773681640625,-0.46802663803100586,2.5709640979766846,-0.32524675130844116
-2.2221641540527344,0.25290489196777344,1.8130292892456055,-2.681480884552002,-0.46540188789367676,2.569645881652832,-0.3546210825443268
-2.2167422771453857,0.24991253018379211,1.781151294708252,-2.6707329750061035,-0.46212488412857056,2.5682005882263184,-0.3839954435825348
-2.207111358642578,0.24675244092941284,1.7457942962646484,-2.6589555740356445,-0.4581567049026489,2.566620349884033,-0.413369745016098
-2.19315767288208,0.2434971034526825,1.7068612575531006,-2.646170139312744,-0.4534677267074585,2.564894914627075,-0.44274407625198364
-2.174778699874878,0.2402268350124359,1.6642602682113647,-2.6323976516723633,-0.4480302929878235,2.5630123615264893,-0.47211846709251404
-2.151893377304077,0.23703062534332275,1.6179145574569702,-2.6176586151123047,-0.4418252408504486,2.560957908630371,-0.5014927387237549
-2.124446153640747,0.23400525748729706,1.5677673816680908,-2.6019723415374756,-0.43483662605285645,2.558716297149658,-0.5308670997619629
-2.0924320220947266,0.23125456273555756,1.5138071775436401,-2.585357427597046,-0.4270532727241516,2.5562708377838135,-0.5602414011955261
-2.0559098720550537,0.22888945043087006,1.4560812711715698,-2.5678300857543945,-0.41846898198127747,2.553602695465088,-0.5896157622337341
-2.01501727104187,0.2270236760377884,1.3947114944458008,-2.549406051635742,-0.40907949209213257,2.5506935119628906,-0.6189901232719421
-1.9700005054473877,0.22577351331710815,1.3299248218536377,-2.5300984382629395,-0.39888444542884827,2.5475215911865234,-0.6483644247055054
-1.921198844909668,0.22525478899478912,1.2620347738265991,-2.509918689727783,-0.38788530230522156,2.544067859649658,-0.6777387857437134
-1.8690739870071411,0.22557879984378815,1.1914803981781006,-2.4888763427734375,-0.37608563899993896,2.540310859680176,-0.7071130871772766
-1.8141965866088867,0.22684936225414276,1.1188019514083862,-2.4669783115386963,-0.36348938941955566,2.5362281799316406,-0.7364873886108398
-1.75722074508667,0.2291598618030548,1.0446218252182007,-2.4442286491394043,-0.35010161995887756,2.5317959785461426,-0.7658617496490479
-1.698860764503479,0.2325887829065323,0.9696200489997864,-2.420630931854248,-0.33592844009399414,2.5269923210144043,-0.7952361106872559
-1.639852523803711,0.2371988594532013,0.8944964408874512,-2.3961830139160156,-0.3209739923477173,2.521791458129883,-0.8246104717254639
-1.5809091329574585,0.24303781986236572,0.8199254870414734,-2.370882987976074,-0.30524325370788574,2.516169309616089,-0.8539847731590271
-1.522688627243042,0.2501344084739685,0.7465249300003052,-2.344723701477051,-0.2887381911277771,2.510098457336426,-0.8833591341972351
-1.4657564163208008,0.25850510597229004,0.6748176217079163,-2.3176963329315186,-0.27146032452583313,2.503551721572876,-0.9127334952354431
-1.4105749130249023,0.26815372705459595,0.6052207946777344,-2.289788246154785,-0.2534089684486389,2.496499538421631,-0.9421077370643616
-1.357487440109253,0.27907487750053406,0.5380300879478455,-2.2609825134277344,-0.23457923531532288,2.4889097213745117,-0.9714820981025696
-1.3067243099212646,0.2912616431713104,0.4734257459640503,-2.23125958442688,-0.21496394276618958,2.4807496070861816,-1.0008565187454224
-1.258416771888733,0.3047007918357849,0.41148534417152405,-2.200594902038574,-0.19455240666866302,2.471982479095459,-1.0302307605743408
-1.2126095294952393,0.3193839192390442,0.35219570994377136,-2.168959140777588,-0.17332729697227478,2.462569236755371,-1.0596051216125488
-1.2104918956756592,0.32124757766723633,0.35070621967315674,-2.1659369468688965,-0.17336028814315796,2.461465835571289,-1.0371696949005127
-1.2083977460861206,0.3231132924556732,0.3492395281791687,-2.162909984588623,-0.1733960062265396,2.4603590965270996,-1.0147343873977661
-1.2063254117965698,0.3249821066856384,0.3477937579154968,-2.159878730773926,-0.17343410849571228,2.4592490196228027,-0.9922990202903748
-1.2042763233184814,0.32685354351997375,0.3463706374168396,-2.1568431854248047,-0.1734752207994461,2.4581356048583984,-0.9698636531829834
-1.2022508382797241,0.32872694730758667,0.3449702262878418,-2.1538028717041016,-0.17351901531219482,2.4570186138153076,-0.947428286075592
-1.2002466917037964,0.3306034803390503,0.34359052777290344,-2.1507582664489746,-0.17356553673744202,2.4558982849121094,-0.9249929189682007
-1.19826340675354,0.33248278498649597,0.34223106503486633,-2.1477088928222656,-0.17361485958099365,2.454775094985962,-0.9025575518608093
-1.1963024139404297,0.3343639075756073,0.3408929109573364,-2.144655227661133,-0.17366626858711243,2.453648090362549,-0.880122184753418
-1.1943628787994385,0.3362479507923126,0.33957579731941223,-2.141596794128418,-0.17372114956378937,2.452517509460449,-0.8576868176460266
-1.192443609237671,0.33813515305519104,0.3382781744003296,-2.1385340690612793,-0.1737785041332245,2.4513838291168213,-0.8352514505386353
-1.1905443668365479,0.3400239050388336,0.3370000123977661,-2.1354660987854004,-0.17383819818496704,2.450246810913086,-0.8128160834312439
-1.1886650323867798,0.3419162929058075,0.3357410132884979,-2.1323938369750977,-0.17390076816082,2.449106216430664,-0.7903807163238525
-1.186806559562683,0.3438110649585724,0.3345024287700653,-2.129316806793213,-0.17396637797355652,2.4479622840881348,-0.7679453492164612
-1.184967041015625,0.3457081615924835,0.33328211307525635,-2.126235008239746,-0.1740345060825348,2.446814775466919,-0.7455099821090698
-1.1831475496292114,0.3476077616214752,0.3320811986923218,-2.1231484413146973,-0.17410510778427124,2.4456634521484375,-0.7230746150016785
-1.1813462972640991,0.3495103418827057,0.3308980464935303,-2.1200571060180664,-0.1741785854101181,2.444509267807007,-0.7006392478942871
-1.1795639991760254,0.3514154851436615,0.32973334193229675,-2.1169610023498535,-0.17425504326820374,2.4433517456054688,-0.6782038807868958
-1.177800178527832,0.353323370218277,0.3285861015319824,-2.1138601303100586,-0.17433395981788635,2.442190408706665,-0.6557685136795044
-1.1760543584823608,0.35523346066474915,0.32745692133903503,-2.1107544898986816,-0.1744159609079361,2.441025733947754,-0.6333330869674683
-1.174325942993164,0.3571465015411377,0.3263446092605591,-2.1076438426971436,-0.1744997501373291,2.4398574829101562,-0.6108977794647217
-1.1726160049438477,0.35906198620796204,0.3252502679824829,-2.1045281887054443,-0.17458689212799072,2.438685417175293,-0.5884624123573303
-1.1709232330322266,0.3609802722930908,0.3241725265979767,-2.101408004760742,-0.17467661201953888,2.4375104904174805,-0.566027045249939
-1.1692475080490112,0.36290112137794495,0.32311156392097473,-2.0982823371887207,-0.17476940155029297,2.436331272125244,-0.5435916781425476
-1.1675890684127808,0.36482465267181396,0.3220674991607666,-2.095151901245117,-0.1748647689819336,2.4351489543914795,-0.5211562514305115
-1.1659464836120605,0.36675065755844116,0.3210388123989105,-2.0920164585113525,-0.1749626249074936,2.4339632987976074,-0.4987209439277649
-1.1643211841583252,0.3686799705028534,0.3200269937515259,-2.0888760089874268,-0.1750631481409073,2.432774066925049,-0.47628554701805115
-1.162711501121521,0.37061139941215515,0.3190304636955261,-2.08573055267334,-0.1751665472984314,2.4315810203552246,-0.4538502097129822
-1.1611182689666748,0.3725461959838867,0.3180500864982605,-2.0825798511505127,-0.17527297139167786,2.430384397506714,-0.4314148426055908
-1.1595404148101807,0.37448304891586304,0.3170846402645111,-2.0794239044189453,-0.17538221180438995,2.429184913635254,-0.4089794456958771
-1.1579785346984863,0.3764230012893677,0.31613513827323914,-2.076262950897217,-0.1754944622516632,2.427981376647949,-0.3865441083908081
-1.1564319133758545,0.37836548686027527,0.3152003884315491,-2.073096752166748,-0.17560850083827972,2.426774024963379,-0.36410871148109436
-1.1549004316329956,0.38031068444252014,0.31428059935569763,-2.069925308227539,-0.175726056098938,2.425562858581543,-0.341673344373703
-1.1533832550048828,0.38225865364074707,0.31337475776672363,-2.066749095916748,-0.1758456975221634,2.424348831176758,-0.31923800706863403
-1.1518810987472534,0.38420960307121277,0.3124837875366211,-2.0635671615600586,-0.17596843838691711,2.423130989074707,-0.2968026101589203
-1.1503939628601074,0.38616320490837097,0.31160759925842285,-2.06037974357605,-0.17609424889087677,2.4219093322753906,-0.27436721324920654
-1.1489206552505493,0.3881194293498993,0.3107450604438782,-2.05718731880188,-0.17622201144695282,2.4206838607788086,-0.25193190574645996
-1.1474609375,0.390079140663147,0.30989596247673035,-2.0539894104003906,-0.1763533502817154,2.4194555282592773,-0.2294965386390686
-1.1460169553756714,0.39204055070877075,0.3090624511241913,-2.050786018371582,-0.17648783326148987,2.418222427368164,-0.20706109702587128
-1.1445857286453247,0.3940058946609497,0.308242529630661,-2.047577381134033,-0.1766243577003479,2.4169862270355225,-0.18462581932544708
-1.14316725730896,0.39597374200820923,0.30743417143821716,-2.044363021850586,-0.17676357924938202,2.4157466888427734,-0.16219043731689453
-1.14176344871521,0.39794445037841797,0.30664047598838806,-2.0411431789398193,-0.17690595984458923,2.4145028591156006,-0.1397550106048584
-1.1403722763061523,0.3999175429344177,0.3058592677116394,-2.0379178524017334,-0.17705103754997253,2.413255453109741,-0.11731971800327301
-1.1389944553375244,0.40189388394355774,0.3050912618637085,-2.034687042236328,-0.17719899117946625,2.4120044708251953,-0.09488434344530106
-1.137629508972168,0.4038732647895813,0.3043363094329834,-2.0314507484436035,-0.17735011875629425,2.410749673843384,-0.0724489688873291
-1.136277675628662,0.40585482120513916,0.303594172000885,-2.0282084941864014,-0.17750325798988342,2.4094910621643066,-0.05001353099942207
-1.1349376440048218,0.4078405201435089,0.302864134311676,-2.024960517883301,-0.17765986919403076,2.408228874206543,-0.027578243985772133
-1.1336100101470947,0.40982893109321594,0.302146315574646,-2.021707057952881,-0.1778191179037094,2.406963348388672,-0.005142868030816317
-1.13229501247406,0.41181957721710205,0.3014413118362427,-2.0184478759765625,-0.17798154056072235,2.405693531036377,0.01729256846010685
-1.1309924125671387,0.4138135612010956,0.30074867606163025,-2.0151829719543457,-0.17814640700817108,2.404419422149658,0.03972785547375679
-1.1297012567520142,0.4158107340335846,0.3000676929950714,-2.0119121074676514,-0.1783144772052765,2.403142213821411,0.062163230031728745
-1.1284223794937134,0.41781124472618103,0.2993989586830139,-2.0086352825164795,-0.17848515510559082,2.4018609523773193,0.08459866791963577
-1.127155065536499,0.41981396079063416,0.2987419664859772,-2.00535249710083,-0.17865903675556183,2.400575637817383,0.10703404247760773
-1.125899314880371,0.42182019352912903,0.29809656739234924,-2.0020642280578613,-0.1788354068994522,2.3992867469787598,0.12946933507919312
-1.1246542930603027,0.42382967472076416,0.29746222496032715,-1.998769760131836,-0.17901498079299927,2.397994041442871,0.15190470218658447
-1.1234211921691895,0.4258417785167694,0.2968398928642273,-1.995469331741333,-0.17919723689556122,2.3966972827911377,0.1743401437997818
-1.122199296951294,0.4278576672077179,0.2962290346622467,-1.9921625852584839,-0.1793830245733261,2.3953962326049805,0.196775421500206
-1.1209875345230103,0.4298759996891022,0.29562848806381226,-1.9888498783111572,-0.17957067489624023,2.394091844558716,0.21921080350875854
-1.1197872161865234,0.4318982660770416,0.2950395941734314,-1.985531210899353,-0.17976205050945282,2.3927836418151855,0.24164624512195587
-1.1185972690582275,0.4339228868484497,0.29446136951446533,-1.982206106185913,-0.1799560785293579,2.3914709091186523,0.26408153772354126
-1.1174180507659912,0.435951292514801,0.29389432072639465,-1.9788751602172852,-0.18015319108963013,2.3901548385620117,0.2865169048309326
-1.1162493228912354,0.4379827082157135,0.2933379113674164,-1.9755377769470215,-0.18035314977169037,2.388834238052368,0.30895233154296875
-1.1150914430618286,0.4400174021720886,0.29279273748397827,-1.9721940755844116,-0.18055611848831177,2.38750958442688,0.3313876986503601
-1.1139429807662964,0.4420551359653473,0.29225727915763855,-1.968843936920166,-0.18076221644878387,2.386181354522705,0.3538230061531067
-1.112804651260376,0.4440963864326477,0.29173243045806885,-1.9654875993728638,-0.18097104132175446,2.3848488330841064,0.3762584328651428
-1.1116774082183838,0.4461408853530884,0.2912190854549408,-1.9621248245239258,-0.1811836212873459,2.383512258529663,0.3986937999725342
-1.1105587482452393,0.44818922877311707,0.29071474075317383,-1.958755612373352,-0.18139876425266266,2.382171869277954,0.42112910747528076
-1.1094506978988647,0.4502404034137726,0.29022136330604553,-1.955379843711853,-0.18161696195602417,2.3808271884918213,0.4435645639896393
-1.1083519458770752,0.4522947072982788,0.2897378206253052,-1.9519976377487183,-0.18183834850788116,2.3794782161712646,0.46599990129470825
-1.1072622537612915,0.45435282588005066,0.28926387429237366,-1.948608636856079,-0.18206241726875305,2.3781256675720215,0.48843520879745483
-1.1061828136444092,0.45641398429870605,0.2888006865978241,-1.9452130794525146,-0.18228980898857117,2.376768112182617,0.5108706951141357
-1.1051124334335327,0.4584790766239166,0.28834712505340576,-1.941810965538025,-0.18252074718475342,2.3754069805145264,0.5333060026168823
-1.104050636291504,0.460547536611557,0.28790271282196045,-1.9384021759033203,-0.18275411427021027,2.374041795730591,0.5557413101196289
-1.1029977798461914,0.4626193940639496,0.28746771812438965,-1.9349863529205322,-0.18299037218093872,2.3726723194122314,0.578176736831665
-1.1019550561904907,0.46469464898109436,0.2870435118675232,-1.9315639734268188,-0.183230459690094,2.3712985515594482,0.6006120443344116
-1.1009199619293213,0.46677422523498535,0.2866276502609253,-1.9281344413757324,-0.18347308039665222,2.369920492172241,0.6230473518371582
-1.0998950004577637,0.4688560366630554,0.28622251749038696,-1.9246983528137207,-0.18371941149234772,2.3685379028320312,0.6454828977584839
-1.0988779067993164,0.4709424674510956,0.28582608699798584,-1.9212549924850464,-0.18396882712841034,2.3671512603759766,0.6679182052612305
-1.0978693962097168,0.47303256392478943,0.2854388654232025,-1.9178047180175781,-0.1842217594385147,2.365760564804077,0.690353512763977
-1.0968689918518066,0.4751260280609131,0.28506049513816833,-1.9143472909927368,-0.18447686731815338,2.364365339279175,0.7127889394760132
-1.0958778858184814,0.47722315788269043,0.2846921980381012,-1.9108830690383911,-0.18473553657531738,2.3629655838012695,0.7352242469787598
-1.0948944091796875,0.4793245494365692,0.28433236479759216,-1.9074113368988037,-0.1849982738494873,2.3615620136260986,0.7576595544815063
-1.0939195156097412,0.4814290404319763,0.28398197889328003,-1.9039325714111328,-0.18526393175125122,2.3601536750793457,0.780095100402832
-1.0929529666900635,0.4835376441478729,0.2836407721042633,-1.9004464149475098,-0.1855326145887375,2.35874080657959,0.8025304079055786
-1.091993808746338,0.4856496751308441,0.2833077907562256,-1.8969531059265137,-0.185804083943367,2.35732364654541,0.8249656558036804
-1.0910431146621704,0.4877661168575287,0.28298419713974,-1.8934521675109863,-0.18607975542545319,2.3559019565582275,0.8474011421203613
-1.090099811553955,0.48988649249076843,0.2826690077781677,-1.8899439573287964,-0.1863582879304886,2.354475736618042,0.8698364496231079
-1.08916437625885,0.49201029539108276,0.2823624908924103,-1.8864281177520752,-0.18663989007472992,2.3530452251434326,0.892271876335144
-1.0882371664047241,0.49413803219795227,0.2820652723312378,-1.8829050064086914,-0.18692536652088165,2.351609945297241,0.9147071838378906
-1.087317705154419,0.49626997113227844,0.28177687525749207,-1.8793742656707764,-0.1872146725654602,2.350170135498047,0.9371426105499268
-1.0864050388336182,0.4984058141708374,0.28149622678756714,-1.8758355379104614,-0.18750637769699097,2.3487257957458496,0.9595780372619629
-1.0854997634887695,0.5005460977554321,0.2812240421772003,-1.8722894191741943,-0.18780198693275452,2.3472771644592285,0.9820133447647095
-1.0846024751663208,0.5026898980140686,0.2809610068798065,-1.8687355518341064,-0.18810077011585236,2.3458235263824463,1.004448652267456
-1.083712100982666,0.504838228225708,0.28070610761642456,-1.8651736974716187,-0.1884034276008606,2.344365119934082,1.0268840789794922
-1.0828293561935425,0.5069903135299683,0.2804599702358246,-1.861603856086731,-0.1887095868587494,2.3429019451141357,1.0493193864822388
-1.0819534063339233,0.5091468691825867,0.2802217900753021,-1.858026146888733,-0.1890188455581665,2.3414342403411865,1.071754813194275
-1.0810844898223877,0.5113075971603394,0.27999189496040344,-1.854440689086914,-0.18933163583278656,2.3399617671966553,1.094190239906311
-1.0802229642868042,0.5134727358818054,0.2797706425189972,-1.850846767425537,-0.18964850902557373,2.338484764099121,1.1166255474090576
-1.079367995262146,0.5156415104866028,0.27955716848373413,-1.8472450971603394,-0.189968079328537,2.337002754211426,1.1390608549118042
-1.0785199403762817,0.5178152918815613,0.27935197949409485,-1.843634843826294,-0.19029231369495392,2.3355159759521484,1.1614962816238403
-1.077682375907898,0.5199939608573914,0.2791591286659241,-1.8400166034698486,-0.19062216579914093,2.334024429321289,1.183931589126587
-1.076846957206726,0.5221764445304871,0.27896931767463684,-1.8363896608352661,-0.19095247983932495,2.3325273990631104,1.2063668966293335
-1.076019287109375,0.524363100528717,0.27878859639167786,-1.8327548503875732,-0.19128721952438354,2.331026315689087,1.2288024425506592
-1.0751971006393433,0.5265543460845947,0.27861493825912476,-1.829111099243164,-0.19162479043006897,2.329519510269165,1.2512377500534058
-1.0743820667266846,0.528749942779541,0.2784499526023865,-1.8254592418670654,-0.19196665287017822,2.3280081748962402,1.273673176765442
-1.0735734701156616,0.5309503078460693,0.2782929539680481,-1.8217984437942505,-0.19231218099594116,2.3264918327331543,1.2961084842681885
-1.0727710723876953,0.5331551432609558,0.27814361453056335,-1.818129062652588,-0.1926613301038742,2.324970245361328,1.318543791770935
-1.0719754695892334,0.5353648066520691,0.2780027985572815,-1.814450979232788,-0.19301442801952362,2.323443651199341,1.3409792184829712
-1.0711860656738281,0.5375791788101196,0.2778698205947876,-1.8107640743255615,-0.19337135553359985,2.3219118118286133,1.3634145259857178
-1.0704030990600586,0.5397987365722656,0.27774500846862793,-1.8070682287216187,-0.19373305141925812,2.3203752040863037,1.385849952697754
-1.0696258544921875,0.5420221090316772,0.27762749791145325,-1.803363561630249,-0.19409754872322083,2.318833351135254,1.40828537940979
-1.0688549280166626,0.5442510843276978,0.27751806378364563,-1.799649715423584,-0.194466233253479,2.3172857761383057,1.4307206869125366
-1.0680899620056152,0.5464845299720764,0.27741649746894836,-1.795926809310913,-0.1948387175798416,2.3157334327697754,1.4531559944152832
-1.0673308372497559,0.5487233400344849,0.2773224115371704,-1.7921946048736572,-0.19521580636501312,2.314175844192505,1.4755914211273193
-1.0665777921676636,0.5509663820266724,0.27723637223243713,-1.7884533405303955,-0.19559618830680847,2.312612533569336,1.498026728630066
-1.0658307075500488,0.5532152056694031,0.27715831995010376,-1.7847025394439697,-0.19598114490509033,2.311044216156006,1.520462155342102
-1.065089225769043,0.5554686784744263,0.2770877480506897,-1.7809423208236694,-0.19637013971805573,2.3094699382781982,1.5428975820541382
-1.064353585243225,0.5577275156974792,0.2770249843597412,-1.7771728038787842,-0.1967632919549942,2.3078908920288086,1.5653328895568848
-1.0636237859725952,0.5599908828735352,0.27697011828422546,-1.7733936309814453,-0.19716013967990875,2.3063058853149414,1.5877681970596313
-1.0628995895385742,0.5622602105140686,0.27692288160324097,-1.7696045637130737,-0.19756169617176056,2.304715394973755,1.6102036237716675
-1.062180995941162,0.5645344257354736,0.27688342332839966,-1.765805959701538,-0.1979670226573944,2.303119659423828,1.632638931274414
-1.0614680051803589,0.566814124584198,0.2768518328666687,-1.7619974613189697,-0.19837701320648193,2.301518440246582,1.6550743579864502
-1.0607597827911377,0.5690992474555969,0.2768271267414093,-1.758178949356079,-0.19879119098186493,2.2999110221862793,1.6775097846984863
-1.0600574016571045,0.571389377117157,0.2768104672431946,-1.7543504238128662,-0.1992090940475464,2.2982983589172363,1.699945092201233
-1.0593605041503906,0.5736852884292603,0.2768016755580902,-1.7505117654800415,-0.19963251054286957,2.296679735183716,1.722380518913269
-1.0586683750152588,0.5759870409965515,0.2767997980117798,-1.7466630935668945,-0.200059175491333,2.295055627822876,1.7448158264160156
-1.0579822063446045,0.5782935619354248,0.27680644392967224,-1.7428040504455566,-0.20049071311950684,2.2934255599975586,1.7672511339187622
-1.0573005676269531,0.58060622215271,0.27681997418403625,-1.7389343976974487,-0.20092636346817017,2.2917895317077637,1.7896865606307983
-1.0566251277923584,0.582924485206604,0.2768423855304718,-1.735054612159729,-0.2013675421476364,2.2901477813720703,1.8121219873428345
-1.0559539794921875,0.5852486491203308,0.2768714427947998,-1.7311640977859497,-0.20181240141391754,2.2884998321533203,1.834557294845581
-1.0552875995635986,0.5875785946846008,0.2769079804420471,-1.7272624969482422,-0.20226174592971802,2.2868456840515137,1.8569927215576172
-1.0546276569366455,0.5899146199226379,0.27695366740226746,-1.7233506441116333,-0.20271699130535126,2.2851858139038086,1.8794280290603638
-1.0367636680603027,0.5921001434326172,0.2533189654350281,-1.714841365814209,-0.1859232485294342,2.2834041118621826,1.8937400579452515
-1.018914818763733,0.5946075320243835,0.22961948812007904,-1.7061892747879028,-0.16902033984661102,2.2814133167266846,1.9080520868301392
-1.0010910034179688,0.5974392890930176,0.20585808157920837,-1.6973917484283447,-0.1520005166530609,2.2792105674743652,1.9223641157150269
-0.9833076596260071,0.6005990505218506,0.182043194770813,-1.6884454488754272,-0.13485881686210632,2.2767930030822754,1.936676263809204
-0.9655749797821045,0.6040889024734497,0.1581771969795227,-1.6793479919433594,-0.11758484691381454,2.2741575241088867,1.9509882926940918
-0.947907567024231,0.6079130172729492,0.13426704704761505,-1.670095443725586,-0.10017434507608414,2.271298885345459,1.9653003215789795
-0.9303144812583923,0.6120758056640625,0.11031337827444077,-1.6606853008270264,-0.08261702209711075,2.268214702606201,1.9796123504638672
-0.9128093123435974,0.6165807843208313,0.08632081747055054,-1.6511136293411255,-0.06490499526262283,2.2648990154266357,1.9939243793487549
-0.8954002857208252,0.6214321851730347,0.0622880794107914,-1.6413770914077759,-0.047028444707393646,2.2613472938537598,2.0082364082336426
-0.8780993819236755,0.6266357898712158,0.03821716830134392,-1.6314716339111328,-0.028978193178772926,2.257554531097412,2.0225484371185303
-0.8609153032302856,0.6321964859962463,0.014105875045061111,-1.6213933229446411,-0.010743262246251106,2.253514051437378,2.036860466003418
-0.8438579440116882,0.6381199955940247,-0.01004724483937025,-1.6111379861831665,0.00768725061789155,2.2492191791534424,2.0511724948883057
-0.8269341588020325,0.644413411617279,-0.03424787148833275,-1.6007015705108643,0.026326732710003853,2.244664192199707,2.0654845237731934
-0.8101540803909302,0.6510835289955139,-0.05849870294332504,-1.590078353881836,0.04518629238009453,2.239840030670166,2.07979679107666
-0.7935236096382141,0.6581383347511292,-0.08280859887599945,-1.5792646408081055,0.0642818734049797,2.234738826751709,2.094108819961548
-0.7770490646362305,0.6655869483947754,-0.10718640685081482,-1.5682542324066162,0.08362901955842972,2.2293522357940674,2.1084208488464355
-0.7607376575469971,0.6734377145767212,-0.13164162635803223,-1.557042121887207,0.10324308276176453,2.2236688137054443,2.1227328777313232
-0.7445944547653198,0.6817009449005127,-0.15618719160556793,-1.5456225872039795,0.1231432780623436,2.217679500579834,2.137044906616211
-0.7286253571510315,0.6903900504112244,-0.1808370053768158,-1.5339891910552979,0.1433493047952652,2.211371660232544,2.1513569355010986
-0.7128334045410156,0.6995153427124023,-0.20560945570468903,-1.5221352577209473,0.1638825386762619,2.2047324180603027,2.1656689643859863
-0.6972244381904602,0.7090921998023987,-0.23052211105823517,-1.5100536346435547,0.18476630747318268,2.1977481842041016,2.179980993270874
-0.6818004250526428,0.7191362977027893,-0.25559893250465393,-1.4977374076843262,0.20602791011333466,2.190403461456299,2.1942930221557617
-0.6665664315223694,0.7296652793884277,-0.2808631658554077,-1.485177993774414,0.22769521176815033,2.1826815605163574,2.2086050510406494
-0.6515230536460876,0.7406975626945496,-0.30634570121765137,-1.472367763519287,0.2498011440038681,2.1745643615722656,2.222917079925537
-0.6366748809814453,0.7522554397583008,-0.33207663893699646,-1.4592962265014648,0.27237942814826965,2.1660308837890625,2.237229108810425
-0.6220218539237976,0.7643632292747498,-0.35809534788131714,-1.4459538459777832,0.29547250270843506,2.1570584774017334,2.2515411376953125
-0.6075670123100281,0.7770459055900574,-0.38444146513938904,-1.4323313236236572,0.31912171840667725,2.1476223468780518,2.2658531665802
-0.5933120846748352,0.7903364300727844,-0.4111625552177429,-1.4184157848358154,0.3433787226676941,2.1376943588256836,2.280165433883667
-0.5792570114135742,0.8042686581611633,-0.438314288854599,-1.4041948318481445,0.36830049753189087,2.1272425651550293,2.2944772243499756
-0.5654037594795227,0.8188807964324951,-0.46595650911331177,-1.3896560668945312,0.39395007491111755,2.11623215675354,2.3087894916534424
-0.5517523884773254,0.8342182040214539,-0.494161456823349,-1.374784231185913,0.4204023480415344,2.1046228408813477,2.32310152053833
-0.5383056998252869,0.8503314256668091,-0.5230082273483276,-1.3595635890960693,0.4477401077747345,2.092369556427002,2.3374135494232178
-0.5250629782676697,0.8672807812690735,-0.5525937080383301,-1.3439764976501465,0.4760631024837494,2.0794191360473633,2.3517255783081055
-0.5120264887809753,0.8851332068443298,-0.5830260515213013,-1.3280041217803955,0.5054847598075867,2.065711498260498,2.366037607192993
-0.49919620156288147,0.9039711952209473,-0.6144382953643799,-1.3116250038146973,0.5361411571502686,2.051175117492676,2.380349636077881
-0.48657509684562683,0.9238888621330261,-0.6469828486442566,-1.294816255569458,0.5681938529014587,2.03572678565979,2.3946616649627686
-0.47416526079177856,0.945000946521759,-0.6808463335037231,-1.2775521278381348,0.6018353700637817,2.019268035888672,2.4089736938476562
-0.4619697630405426,0.9674471020698547,-0.7162565588951111,-1.259803056716919,0.6373035311698914,2.0016777515411377,2.423285722732544
-0.44999203085899353,0.9913983941078186,-0.7534961104393005,-1.241537094116211,0.6748942136764526,1.9828073978424072,2.4375977516174316
-0.4382362961769104,1.0170667171478271,-0.792918860912323,-1.2227180004119873,0.714975118637085,1.9624748229980469,2.4519100189208984
-0.4267148971557617,1.0447359085083008,-0.834983766078949,-1.2033038139343262,0.7580316662788391,1.940438985824585,2.466221809387207
-0.41543957591056824,1.0747681856155396,-0.8802955150604248,-1.1832480430603027,0.8046987652778625,1.9163892269134521,2.480534076690674
-0.40441980957984924,1.1076655387878418,-0.9296981692314148,-1.1624953746795654,0.8558588624000549,1.8898941278457642,2.4948461055755615
-0.3936919569969177,1.1441583633422852,-0.984390377998352,-1.1409821510314941,0.9127796292304993,1.8603392839431763,2.509158134460449
-0.3832910656929016,1.1853530406951904,-1.0462212562561035,-1.118635654449463,0.9774052500724792,1.826780915260315,2.523470163345337
-0.37328746914863586,1.233129858970642,-1.1183046102523804,-1.0953679084777832,1.0530169010162354,1.7876273393630981,2.5377821922302246
-0.3638229966163635,1.2911796569824219,-1.2067222595214844,-1.0710728168487549,1.146030068397522,1.7397551536560059,2.5520942211151123
-0.35527515411376953,1.369316816329956,-1.3275014162063599,-1.0456230640411377,1.2733583450317383,1.6748747825622559,2.56640625
