0.8377922177314758,1.086746096611023,-0.7341052293777466,-1.0345640182495117,0.6783251762390137,1.9040828943252563,-2.1737444400787354
0.8425995707511902,1.0702743530273438,-0.7245118021965027,-1.0618267059326172,0.6665424704551697,1.9175670146942139,-2.152277708053589
0.8474175333976746,1.0547065734863281,-0.7164303064346313,-1.0879218578338623,0.6562763452529907,1.9302905797958374,-2.1308109760284424
0.8522508144378662,1.0399168729782104,-0.7096065282821655,-1.1129920482635498,0.6472665071487427,1.9423582553863525,-2.109344244003296
0.8571009039878845,1.0258073806762695,-0.7038425207138062,-1.1371514797210693,0.6393100619316101,1.9538536071777344,-2.0878775119781494
0.8619683980941772,1.012299656867981,-0.6989834904670715,-1.1604957580566406,0.6322509050369263,1.9648425579071045,-2.066410779953003
0.866858720779419,0.9993261098861694,-0.6949093341827393,-1.1831045150756836,0.6259604692459106,1.9753817319869995,-2.0449440479278564
0.8717772960662842,0.9868281483650208,-0.6915221214294434,-1.2050471305847168,0.620337188243866,1.9855167865753174,-2.02347731590271
0.8767226934432983,0.974761962890625,-0.6887386441230774,-1.2263798713684082,0.6152965426445007,1.995286226272583,-2.0020105838775635
0.8816959857940674,0.9630900621414185,-0.6864915490150452,-1.2471518516540527,0.6107703447341919,2.0047223567962646,-1.9805439710617065
0.886699378490448,0.951776385307312,-0.6847236752510071,-1.267409324645996,0.6066975593566895,2.01385498046875,-1.95907723903656
0.89173424243927,0.9407928586006165,-0.6833885312080383,-1.2871885299682617,0.6030305624008179,2.0227084159851074,-1.9376106262207031
0.8968014717102051,0.9301137328147888,-0.6824451088905334,-1.3065242767333984,0.5997258424758911,2.0313034057617188,-1.9161438941955566
0.9019022583961487,0.9197165369987488,-0.6818581223487854,-1.3254461288452148,0.5967472195625305,2.0396595001220703,-1.8946770429611206
0.9070392847061157,0.909582257270813,-0.6816003918647766,-1.3439812660217285,0.5940650701522827,2.047792434692383,-1.8732104301452637
0.9122124910354614,0.8996914625167847,-0.681643545627594,-1.3621540069580078,0.5916496515274048,2.055718421936035,-1.8517436981201172
0.9174224138259888,0.8900297284126282,-0.6819649338722229,-1.3799853324890137,0.5894774198532104,2.063450813293457,-1.8302769660949707
0.9226719737052917,0.8805824518203735,-0.6825470328330994,-1.3974957466125488,0.5875285863876343,2.071000099182129,-1.8088102340698242
0.9279611706733704,0.871337890625,-0.6833717823028564,-1.4147021770477295,0.5857838988304138,2.0783777236938477,-1.7873435020446777
0.9332923293113708,0.8622834086418152,-0.6844246983528137,-1.4316225051879883,0.5842275619506836,2.085592746734619,-1.7658767700195312
0.9386648535728455,0.8534092903137207,-0.6856909990310669,-1.4482698440551758,0.5828441977500916,2.0926554203033447,-1.7444101572036743
0.9440810084342957,0.8447055816650391,-0.6871597170829773,-1.4646592140197754,0.581620454788208,2.0995728969573975,-1.7229434251785278
0.9495410323143005,0.8361643552780151,-0.6888198852539062,-1.480802059173584,0.5805453658103943,2.1063523292541504,-1.7014766931533813
0.9323779940605164,0.820791482925415,-0.6616348028182983,-1.4897465705871582,0.5543434619903564,2.1178927421569824,-1.6746188402175903
0.9149554371833801,0.806110680103302,-0.6347907781600952,-1.4985496997833252,0.528742253780365,2.1288540363311768,-1.6477611064910889
0.897273063659668,0.7920815944671631,-0.6082382798194885,-1.5072147846221924,0.5036894083023071,2.139272451400757,-1.6209032535552979
0.8793291449546814,0.7786687016487122,-0.5819319486618042,-1.5157456398010254,0.47913897037506104,2.1491823196411133,-1.5940455198287964
0.8611245155334473,0.7658429741859436,-0.5558359622955322,-1.5241427421569824,0.4550528824329376,2.158608913421631,-1.5671876668930054
0.8426584601402283,0.7535760998725891,-0.5299137234687805,-1.5324106216430664,0.43139365315437317,2.1675808429718018,-1.540329933166504
0.8239305019378662,0.7418437600135803,-0.5041342377662659,-1.540550947189331,0.4081290662288666,2.176119804382324,-1.513472080230713
0.8049414753913879,0.7306250333786011,-0.4784708023071289,-1.5485658645629883,0.3852294981479645,2.18424654006958,-1.4866143465042114
0.7856915593147278,0.7199000120162964,-0.4528976082801819,-1.5564584732055664,0.3626689314842224,2.191981315612793,-1.4597564935684204
0.7661822438240051,0.709652304649353,-0.4273935556411743,-1.564229965209961,0.34042418003082275,2.1993398666381836,-1.432898759841919
0.7464150190353394,0.6998660564422607,-0.4019384980201721,-1.571883201599121,0.31847164034843445,2.2063374519348145,-1.406040906906128
0.7263904213905334,0.6905277967453003,-0.376513808965683,-1.5794196128845215,0.2967918813228607,2.2129898071289062,-1.3791831731796265
0.7061129808425903,0.6816250681877136,-0.35110631585121155,-1.5868415832519531,0.2753663659095764,2.2193078994750977,-1.3523253202438354
0.6855841279029846,0.673147439956665,-0.3257006108760834,-1.5941505432128906,0.2541780471801758,2.2253057956695557,-1.325467586517334
0.6648077964782715,0.665083646774292,-0.3002853989601135,-1.601348638534546,0.23321032524108887,2.230992317199707,-1.298609733581543
0.6437879800796509,0.657426655292511,-0.2748507857322693,-1.6084368228912354,0.21244969964027405,2.2363781929016113,-1.2717519998550415
0.6225299835205078,0.6501680016517639,-0.2493886947631836,-1.61541748046875,0.19188177585601807,2.241472005844116,-1.2448941469192505
0.6010389924049377,0.6433002948760986,-0.22389185428619385,-1.622292160987854,0.17149464786052704,2.2462830543518066,-1.218036413192749
0.5793208479881287,0.6368178725242615,-0.19835473597049713,-1.6290620565414429,0.15127576887607574,2.2508177757263184,-1.191178560256958
0.5573793649673462,0.6307138204574585,-0.1727694272994995,-1.6357288360595703,0.1312105655670166,2.2550833225250244,-1.1643208265304565
0.5352286100387573,0.6249855160713196,-0.1471412628889084,-1.6422935724258423,0.11129516363143921,2.2590861320495605,-1.1374629735946655
0.5128742456436157,0.6196271777153015,-0.12146557122468948,-1.6487575769424438,0.09151755273342133,2.262831687927246,-1.110605239868164
0.49032458662986755,0.6146357655525208,-0.09574158489704132,-1.655122995376587,0.07186673581600189,2.2663259506225586,-1.083747386932373
0.467589795589447,0.6100075244903564,-0.06997078657150269,-1.6613903045654297,0.05233549699187279,2.2695729732513428,-1.0568896532058716
0.4446812868118286,0.605739414691925,-0.044156696647405624,-1.667561411857605,0.03291552886366844,2.2725775241851807,-1.0300318002700806
0.4216095507144928,0.6018290519714355,-0.018301688134670258,-1.67363703250885,0.013598131947219372,2.2753422260284424,-1.003174066543579
0.3983866572380066,0.5982746481895447,0.007589514367282391,-1.6796181201934814,-0.005623447708785534,2.277871608734131,-0.9763162732124329
0.3750254511833191,0.5950743556022644,0.033512894064188004,-1.6855064630508423,-0.024756789207458496,2.280168294906616,-0.9494584202766418
0.3515390157699585,0.5922261476516724,0.059459131211042404,-1.691303014755249,-0.04380844533443451,2.2822353839874268,-0.9226006269454956
0.32794153690338135,0.5897290706634521,0.08542189747095108,-1.6970086097717285,-0.0627855584025383,2.284074068069458,-0.8957428336143494
0.3042473793029785,0.5875820517539978,0.1113932654261589,-1.7026245594024658,-0.08169306814670563,2.2856874465942383,-0.8688850402832031
0.28047096729278564,0.5857844948768616,0.1373649388551712,-1.7081515789031982,-0.10053874552249908,2.287075996398926,-0.8420273065567017
0.2566288709640503,0.5843362212181091,0.16332611441612244,-1.7135908603668213,-0.11932685226202011,2.2882418632507324,-0.8151695132255554
0.2327350378036499,0.5832364559173584,0.18926885724067688,-1.718943476676941,-0.13806487619876862,2.2891852855682373,-0.7883116602897644
0.2088066190481186,0.5824845433235168,0.215181365609169,-1.7242103815078735,-0.15675660967826843,2.2899067401885986,-0.7614538669586182
0.18485943973064423,0.582080602645874,0.24105343222618103,-1.729392409324646,-0.17540831863880157,2.2904067039489746,-0.7345960736274719
0.1609095335006714,0.5820263028144836,0.2668743431568146,-1.7344907522201538,-0.19402585923671722,2.2906851768493652,-0.7077382802963257
0.1369745135307312,0.5823200345039368,0.2926316261291504,-1.7395055294036865,-0.2126125544309616,2.290741443634033,-0.6808804869651794
0.1130695790052414,0.582963764667511,0.3183153569698334,-1.744438648223877,-0.23117533326148987,2.290574789047241,-0.6540226936340332
0.08921148627996445,0.5839574933052063,0.3439137935638428,-1.7492902278900146,-0.24971798062324524,2.290184259414673,-0.627164900302887
0.06541581451892853,0.5853020548820496,0.3694164454936981,-1.7540618181228638,-0.268247127532959,2.2895684242248535,-0.6003071069717407
0.04169965535402298,0.5869986414909363,0.39481133222579956,-1.758753776550293,-0.2867657542228699,2.288724899291992,-0.5734493136405945
0.018076865002512932,0.5890495181083679,0.420089453458786,-1.76336669921875,-0.30528023838996887,2.287652015686035,-0.5465915203094482
-0.0054358188062906265,0.5914558172225952,0.4452393054962158,-1.7679017782211304,-0.32379522919654846,2.2863471508026123,-0.519733726978302
-0.028824230656027794,0.5942184925079346,0.4702514111995697,-1.7723599672317505,-0.342315673828125,2.2848081588745117,-0.49287596344947815
-0.0520738884806633,0.5973406434059143,0.4951164722442627,-1.7767419815063477,-0.3608464002609253,2.2830309867858887,-0.46601811051368713
-0.07517185807228088,0.600824236869812,0.5198268294334412,-1.7810479402542114,-0.37939321994781494,2.2810113430023193,-0.4391603171825409
-0.09810447692871094,0.6046717166900635,0.5443733930587769,-1.7852797508239746,-0.39796021580696106,2.2787461280822754,-0.41230255365371704
-0.12085963040590286,0.6088873147964478,0.568750262260437,-1.7894372940063477,-0.4165543019771576,2.2762300968170166,-0.3854447603225708
-0.15008680522441864,0.5894970893859863,0.5645366907119751,-1.8180915117263794,-0.40649938583374023,2.2900991439819336,-0.41075077652931213
-0.18034087121486664,0.5721234679222107,0.5617625713348389,-1.8440256118774414,-0.39801928400993347,2.30242919921875,-0.4360567629337311
-0.21149682998657227,0.5566732883453369,0.5602032542228699,-1.8673175573349,-0.3909406065940857,2.313317060470581,-0.4613627791404724
-0.24341048300266266,0.5430671572685242,0.5596450567245483,-1.8880293369293213,-0.38511091470718384,2.322844982147217,-0.48666876554489136
-0.2759183645248413,0.5312404036521912,0.5598796010017395,-1.9062103033065796,-0.38039451837539673,2.331082582473755,-0.5119747519493103
-0.308838427066803,0.5211349725723267,0.5607003569602966,-1.921899676322937,-0.3766636252403259,2.3380892276763916,-0.537280797958374
-0.3419775068759918,0.5127010345458984,0.5619067549705505,-1.935128092765808,-0.37380197644233704,2.343916416168213,-0.562586784362793
-0.3751309812068939,0.5058919191360474,0.5633008480072021,-1.9459211826324463,-0.37169694900512695,2.3486084938049316,-0.5878927707672119
-0.4080904722213745,0.5006646513938904,0.564693033695221,-1.9542975425720215,-0.37024256587028503,2.3522045612335205,-0.6131987571716309
-0.4406478703022003,0.49697941541671753,0.5659026503562927,-1.960273027420044,-0.3693363070487976,2.354738235473633,-0.6385048031806946
-0.4726000726222992,0.4947960674762726,0.5667630434036255,-1.963860034942627,-0.3688786029815674,2.3562397956848145,-0.6638107895851135
-0.5037541389465332,0.49407899379730225,0.5671229958534241,-1.9650673866271973,-0.3687743544578552,2.3567347526550293,-0.6891167759895325
-0.5339342951774597,0.49479106068611145,0.5668531060218811,-1.963902473449707,-0.36893215775489807,2.356245517730713,-0.7144228219985962
-0.562981367111206,0.4968990981578827,0.5658432245254517,-1.9603698253631592,-0.36926332116127014,2.3547911643981934,-0.7397288084030151
-0.590757429599762,0.500370979309082,0.5640058517456055,-1.9544720649719238,-0.36968398094177246,2.3523874282836914,-0.7650347948074341
-0.6171485781669617,0.5051786303520203,0.561277449131012,-1.9462077617645264,-0.37011465430259705,2.349045991897583,-0.790340781211853
-0.6420621275901794,0.51129549741745,0.5576152205467224,-1.935573697090149,-0.3704804480075836,2.3447766304016113,-0.8156468272209167
-0.6654314994812012,0.5187006592750549,0.5530000925064087,-1.9225620031356812,-0.37071171402931213,2.339582920074463,-0.8409528136253357
-0.6824473738670349,0.5171611905097961,0.5685009956359863,-1.9310153722763062,-0.3799188733100891,2.3410136699676514,-0.8604324460029602
-0.6995351314544678,0.5157605409622192,0.5840287804603577,-1.9394054412841797,-0.3891203701496124,2.34236216545105,-0.8799120783805847
-0.7166910171508789,0.5144993662834167,0.5995802879333496,-1.9477332830429077,-0.39831796288490295,2.343628168106079,-0.8993917107582092
-0.733909010887146,0.5133785009384155,0.6151505708694458,-1.9559993743896484,-0.4075133800506592,2.344811201095581,-0.9188713431358337
-0.7511842846870422,0.5123976469039917,0.6307353973388672,-1.9642055034637451,-0.41670677065849304,2.345912218093872,-0.9383509755134583
-0.7685115933418274,0.5115585923194885,0.6463305354118347,-1.9723511934280396,-0.42590057849884033,2.3469293117523193,-0.9578306078910828
-0.7858861684799194,0.5108610987663269,0.6619316339492798,-1.980438470840454,-0.4350949823856354,2.34786319732666,-0.9773102402687073
-0.8033003807067871,0.5103070735931396,0.6775321960449219,-1.9884674549102783,-0.44429150223731995,2.3487133979797363,-0.9967898726463318
-0.8207508325576782,0.5098967552185059,0.6931294798851013,-1.9964386224746704,-0.45349180698394775,2.3494789600372314,-1.0162694454193115
-0.8382300138473511,0.5096303820610046,0.7087163329124451,-2.0043530464172363,-0.4626958966255188,2.3501596450805664,-1.0357491970062256
-0.8557327389717102,0.5095091462135315,0.7242883443832397,-2.012211799621582,-0.47190582752227783,2.350755214691162,-1.0552287101745605
-0.8732522130012512,0.5095343589782715,0.7398398518562317,-2.0200142860412598,-0.48112252354621887,2.351264476776123,-1.0747084617614746
-0.890783965587616,0.5097067952156067,0.7553665637969971,-2.0277626514434814,-0.49034714698791504,2.351686477661133,-1.0941879749298096
-0.9083214998245239,0.5100265741348267,0.7708626389503479,-2.035456657409668,-0.4995803236961365,2.352020740509033,-1.113667607307434
-0.9258572459220886,0.5104947686195374,0.786321222782135,-2.0430970191955566,-0.5088232755661011,2.352267026901245,-1.1331472396850586
-0.9433865547180176,0.5111125111579895,0.8017383217811584,-2.050684690475464,-0.5180774331092834,2.3524234294891357,-1.152626872062683
-0.9609018564224243,0.5118809342384338,0.8171066641807556,-2.0582194328308105,-0.5273435711860657,2.352489948272705,-1.1721066236495972
-0.9783955812454224,0.5127993822097778,0.832419216632843,-2.0657029151916504,-0.5366204977035522,2.352465867996216,-1.1915861368179321
-0.9958667755126953,0.5138717293739319,0.8476760983467102,-2.073134422302246,-0.545913577079773,2.3523480892181396,-1.2110657691955566
-1.013305902481079,0.5150973200798035,0.862868070602417,-2.0805158615112305,-0.5552228689193726,2.3521370887756348,-1.2305455207824707
-1.0307079553604126,0.5164777040481567,0.8779906034469604,-2.087846279144287,-0.5645480751991272,2.3518307209014893,-1.2500250339508057
-1.0480674505233765,0.5180137157440186,0.893038809299469,-2.0951271057128906,-0.5738908648490906,2.3514275550842285,-1.2695046663284302
-1.0653760433197021,0.5197062492370605,0.9080047011375427,-2.102358341217041,-0.5832516551017761,2.3509273529052734,-1.2889842987060547
-1.0826289653778076,0.5215573310852051,0.922884464263916,-2.1095407009124756,-0.5926321744918823,2.350327730178833,-1.3084640502929688
-1.0998218059539795,0.5235669612884521,0.9376735091209412,-2.1166749000549316,-0.6020333170890808,2.3496270179748535,-1.3279435634613037
-1.116948127746582,0.5257374048233032,0.9523664116859436,-2.1237611770629883,-0.6114561557769775,2.3488240242004395,-1.3474231958389282
-1.1340022087097168,0.5280693769454956,0.9669577479362488,-2.1307995319366455,-0.6209015250205994,2.347916603088379,-1.3669028282165527
-1.1509785652160645,0.5305649042129517,0.9814428687095642,-2.1377906799316406,-0.6303713917732239,2.346902847290039,-1.3863824605941772
-1.1678720712661743,0.5332252979278564,0.9958168864250183,-2.1447348594665527,-0.6398656964302063,2.345781087875366,-1.4058620929718018
-1.1846789121627808,0.5360522866249084,1.0100767612457275,-2.151632785797119,-0.6493866443634033,2.344548463821411,-1.4253417253494263
-1.2013936042785645,0.5390468239784241,1.024217128753662,-2.15848445892334,-0.6589351892471313,2.34320330619812,-1.4448214769363403
-1.218010663986206,0.542211651802063,1.0382330417633057,-2.1652908325195312,-0.6685113906860352,2.3417434692382812,-1.4643009901046753
-1.2345257997512817,0.5455480217933655,1.0521211624145508,-2.1720516681671143,-0.6781180500984192,2.3401660919189453,-1.4837806224822998
-1.2509357929229736,0.5490583777427673,1.0658782720565796,-2.178767442703247,-0.6877550482749939,2.338468551635742,-1.5032603740692139
-1.2672357559204102,0.5527445673942566,1.0795005559921265,-2.185438394546509,-0.697425127029419,2.3366479873657227,-1.5227398872375488
-1.2834210395812988,0.5566091537475586,1.0929834842681885,-2.1920647621154785,-0.7071289420127869,2.3347020149230957,-1.5422195196151733
-1.2994887828826904,0.5606542825698853,1.1063249111175537,-2.1986474990844727,-0.7168673872947693,2.332627058029175,-1.5616992712020874
-1.3154354095458984,0.5648822784423828,1.1195217370986938,-2.205186367034912,-0.7266419529914856,2.3304200172424316,-1.5811787843704224
-1.3312580585479736,0.5692965388298035,1.1325719356536865,-2.211681604385376,-0.7364543676376343,2.3280768394470215,-1.6006584167480469
-1.3469516038894653,0.5738992691040039,1.1454707384109497,-2.2181334495544434,-0.7463061809539795,2.3255953788757324,-1.620138168334961
-1.3625158071517944,0.5786945819854736,1.1582186222076416,-2.2245423793792725,-0.7561988234519958,2.322969913482666,-1.639617681503296
-1.3779453039169312,0.5836848616600037,1.1708109378814697,-2.2309088706970215,-0.7661336660385132,2.3201980590820312,-1.6590973138809204
-1.3932384252548218,0.5888741612434387,1.183246374130249,-2.2372326850891113,-0.77611243724823,2.317275285720825,-1.678576946258545
-1.408393144607544,0.5942664742469788,1.1955238580703735,-2.2435142993927,-0.7861369252204895,2.3141961097717285,-1.6980565786361694
-1.4234063625335693,0.5998653769493103,1.2076410055160522,-2.249753952026367,-0.7962080240249634,2.3109567165374756,-1.7175363302230835
-1.4382774829864502,0.6056755781173706,1.2195978164672852,-2.2559518814086914,-0.8063291311264038,2.307551383972168,-1.7370158433914185
-1.4530022144317627,0.6117011904716492,1.2313908338546753,-2.262108564376831,-0.8165012001991272,2.303975820541382,-1.756495475769043
-1.4675805568695068,0.6179476976394653,1.24302077293396,-2.268223762512207,-0.8267252445220947,2.3002238273620605,-1.775975227355957
-1.4820107221603394,0.6244209408760071,1.2544870376586914,-2.2742977142333984,-0.8370057344436646,2.29628849029541,-1.795454740524292
-1.4962894916534424,0.6311262249946594,1.265787124633789,-2.2803308963775635,-0.8473435044288635,2.2921650409698486,-1.8149343729019165
-1.5104182958602905,0.6380695700645447,1.2769231796264648,-2.2863235473632812,-0.8577409386634827,2.2878453731536865,-1.8344141244888306
-1.5243946313858032,0.6452579498291016,1.2878938913345337,-2.2922754287719727,-0.8682002425193787,2.283322811126709,-1.8538936376571655
-1.5382163524627686,0.6526978015899658,1.2986980676651,-2.298186779022217,-0.8787244558334351,2.278590679168701,-1.87337327003479
-1.5518841743469238,0.6603980660438538,1.3093379735946655,-2.304058313369751,-0.8893160223960876,2.27363920211792,-1.8928529024124146
-1.565395712852478,0.6683658957481384,1.3198120594024658,-2.309889793395996,-0.8999781012535095,2.268460988998413,-1.912332534790039
-1.5787503719329834,0.6766104698181152,1.3301210403442383,-2.315681219100952,-0.9107139706611633,2.2630465030670166,-1.9318121671676636
-1.5919489860534668,0.6851411461830139,1.3402671813964844,-2.3214330673217773,-0.9215258955955505,2.257385730743408,-1.951291799545288
-1.604990005493164,0.693969190120697,1.3502506017684937,-2.3271453380584717,-0.9324186444282532,2.25146746635437,-1.9707714319229126
