0.9336951971054077,1.4506486654281616,-1.4833656549453735,-1.2045416831970215,1.427245855331421,1.608821988105774,-2.619046449661255
0.915266752243042,1.2922639846801758,-1.2779090404510498,-1.2294583320617676,1.2055537700653076,1.741158366203308,-2.5885982513427734
0.8932443857192993,1.2013895511627197,-1.1578810214996338,-1.2533516883850098,1.076952576637268,1.81606125831604,-2.558150053024292
0.8697002530097961,1.1319705247879028,-1.0638508796691895,-1.2763075828552246,0.9770823121070862,1.8726253509521484,-2.5277018547058105
0.8450417518615723,1.0746005773544312,-0.9837124943733215,-1.2983982563018799,0.8928443789482117,1.9188660383224487,-2.497253894805908
0.8194248080253601,1.0253273248672485,-0.9123794436454773,-1.3196866512298584,0.8187472820281982,1.9581654071807861,-2.4668056964874268
0.7929236888885498,0.9820383787155151,-0.8471301198005676,-1.3402271270751953,0.7518655061721802,1.9923393726348877,-2.4363574981689453
0.7655856013298035,0.943440854549408,-0.7863070368766785,-1.360067367553711,0.6904147863388062,2.02250337600708,-2.405909299850464
0.7374266982078552,0.9086808562278748,-0.728797435760498,-1.3792486190795898,0.6332136392593384,2.0494027137756348,-2.3754611015319824
0.7084587216377258,0.8771554827690125,-0.673818051815033,-1.397808313369751,0.5794301629066467,2.0735666751861572,-2.345012903213501
0.6786898970603943,0.8484236598014832,-0.6207926273345947,-1.4157795906066895,0.5284544229507446,2.0953853130340576,-2.3145647048950195
0.6481248736381531,0.822151780128479,-0.5692822933197021,-1.4331912994384766,0.47982320189476013,2.1151580810546875,-2.284116744995117
0.6167688965797424,0.798082709312439,-0.5189459919929504,-1.4500703811645508,0.4331752061843872,2.1331183910369873,-2.2536685466766357
0.5846283435821533,0.7760121822357178,-0.46951231360435486,-1.4664416313171387,0.3882209062576294,2.1494550704956055,-2.2232203483581543
0.5517125725746155,0.7557794451713562,-0.42076653242111206,-1.4823250770568848,0.3447285592556,2.1643190383911133,-2.192772150039673
0.5180346369743347,0.7372519373893738,-0.3725346028804779,-1.4977424144744873,0.3025030195713043,2.1778368949890137,-2.1623239517211914
0.4836105406284332,0.7203242778778076,-0.32467687129974365,-1.5127110481262207,0.26138389110565186,2.1901135444641113,-2.13187575340271
0.4484638273715973,0.7049082517623901,-0.27708426117897034,-1.5272488594055176,0.22123387455940247,2.201235771179199,-2.1014275550842285
0.4126213490962982,0.6909345388412476,-0.22967055439949036,-1.5413689613342285,0.1819373071193695,2.2112770080566406,-2.070979595184326
0.3761170208454132,0.6783430576324463,-0.1823689043521881,-1.5550878047943115,0.1433916687965393,2.2203001976013184,-2.0405313968658447
0.3389908969402313,0.6670863628387451,-0.135135680437088,-1.568418025970459,0.10550915449857712,2.2283577919006348,-2.0100831985473633
0.30128994584083557,0.6571254730224609,-0.08794054388999939,-1.5813720226287842,0.06821255385875702,2.23549485206604,-1.9796350002288818
0.26306766271591187,0.6484283804893494,-0.04076903313398361,-1.5939610004425049,0.03143283352255821,2.241748571395874,-1.9491868019104004
0.22438392043113708,0.6409693956375122,0.006380051374435425,-1.606196403503418,-0.004892021883279085,2.247150182723999,-1.918738603591919
0.18530510365962982,0.6347280740737915,0.053495559841394424,-1.6180882453918457,-0.04081697016954422,2.251725196838379,-1.888290524482727
0.14590278267860413,0.6296882033348083,0.10055660456418991,-1.629645824432373,-0.07639295607805252,2.2554941177368164,-1.8578423261642456
0.1062539666891098,0.6258368492126465,0.1475326418876648,-1.6408791542053223,-0.11166607588529587,2.2584729194641113,-1.8273942470550537
0.06643916666507721,0.6231656670570374,0.1943865716457367,-1.651796579360962,-0.14668023586273193,2.260673999786377,-1.7969460487365723
0.02654177136719227,0.6216686367988586,0.2410755604505539,-1.6624059677124023,-0.18147489428520203,2.262104034423828,-1.7664978504180908
-0.013351764529943466,0.621342122554779,0.2875514626502991,-1.672715425491333,-0.216088205575943,2.2627665996551514,-1.7360496520996094
-0.05315571650862694,0.6221851110458374,0.33376529812812805,-1.6827328205108643,-0.2505571246147156,2.2626609802246094,-1.7056015729904175
-0.09278294444084167,0.6242004632949829,0.3796653151512146,-1.6924649477005005,-0.2849156856536865,2.261784076690674,-1.675153374671936
-0.13215070962905884,0.6273922324180603,0.42520326375961304,-1.701918601989746,-0.319198876619339,2.2601256370544434,-1.6447051763534546
-0.17117562890052795,0.631767749786377,0.4703294336795807,-1.7111011743545532,-0.3534397482872009,2.2576751708984375,-1.6142570972442627
-0.2097819596529007,0.637338399887085,0.5150021910667419,-1.7200191020965576,-0.3876735270023346,2.2544145584106445,-1.5838087797164917
-0.24789541959762573,0.6441184282302856,0.5591812133789062,-1.7286782264709473,-0.42193302512168884,2.2503223419189453,-1.5533607006072998
-0.28544968366622925,0.6521278619766235,0.6028351783752441,-1.7370843887329102,-0.4562554955482483,2.2453722953796387,-1.5229125022888184
-0.32238176465034485,0.6613897681236267,0.6459366083145142,-1.7452443838119507,-0.4906766712665558,2.239532470703125,-1.492464303970337
-0.358638733625412,0.671934962272644,0.688470721244812,-1.7531636953353882,-0.5252365469932556,2.2327637672424316,-1.462016224861145
-0.3941701352596283,0.6838002800941467,0.7304269671440125,-1.7608479261398315,-0.559977114200592,2.2250213623046875,-1.4315680265426636
-0.42893460392951965,0.6970319747924805,0.7718061804771423,-1.768302083015442,-0.5949438214302063,2.2162513732910156,-1.4011198282241821
-0.4628961384296417,0.7116841673851013,0.8126192092895508,-1.7755324840545654,-0.6301870942115784,2.2063918113708496,-1.3706717491149902
-0.49602583050727844,0.7278267741203308,0.8528896570205688,-1.7825438976287842,-0.6657646298408508,2.1953673362731934,-1.3402235507965088
-0.5282981991767883,0.7455419898033142,0.8926496505737305,-1.789341926574707,-0.7017408013343811,2.1830921173095703,-1.3097753524780273
-0.5596945881843567,0.7649299502372742,0.931946873664856,-1.795931100845337,-0.7381895184516907,2.169461727142334,-1.2793272733688354
-0.5901997089385986,0.7861138582229614,0.970842719078064,-1.8023171424865723,-0.7751981019973755,2.154353618621826,-1.248879075050354
-0.6198017001152039,0.8092449903488159,1.0094157457351685,-1.8085050582885742,-0.8128703832626343,2.137619972229004,-1.2184308767318726
-0.6484901905059814,0.8345096707344055,1.0477640628814697,-1.8144997358322144,-0.8513312339782715,2.119081497192383,-1.1879827976226807
-0.6762595772743225,0.8621485829353333,1.0860176086425781,-1.8203047513961792,-0.8907423615455627,2.098512887954712,-1.1575344800949097
-0.7030948996543884,0.8924495577812195,1.1243247985839844,-1.8259272575378418,-0.9312878847122192,2.0756447315216064,-1.1270864009857178
-0.7019526958465576,0.8643616437911987,1.1006708145141602,-1.8359071016311646,-0.9018042683601379,2.097433567047119,-1.1185568571090698
-0.7005437612533569,0.8380559086799622,1.0778920650482178,-1.845507025718689,-0.8736330270767212,2.1176528930664062,-1.1100271940231323
-0.6988656520843506,0.8133358955383301,1.0558362007141113,-1.8547321557998657,-0.8466057181358337,2.1364755630493164,-1.1014975309371948
-0.6969097256660461,0.7900397181510925,1.0343706607818604,-1.8635871410369873,-0.8205826282501221,2.154047727584839,-1.0929679870605469
-0.6946685314178467,0.7680326104164124,1.0133864879608154,-1.8720767498016357,-0.7954486012458801,2.1704883575439453,-1.084438443183899
-0.6921319961547852,0.7472035884857178,0.992788553237915,-1.880204677581787,-0.7711073160171509,2.1858983039855957,-1.0759087800979614
-0.6892876029014587,0.727455735206604,0.9724915623664856,-1.8879752159118652,-0.7474745512008667,2.2003655433654785,-1.067379117012024
-0.6861230731010437,0.7087076306343079,0.9524214863777161,-1.895391583442688,-0.7244795560836792,2.2139639854431152,-1.058849573135376
-0.6826258897781372,0.6908893585205078,0.9325122237205505,-1.902457356452942,-0.7020612359046936,2.2267584800720215,-1.0503199100494385
-0.6787816882133484,0.6739396452903748,0.9127028584480286,-1.9091755151748657,-0.6801648139953613,2.2388060092926025,-1.0417903661727905
-0.6745777130126953,0.6578042507171631,0.8929396271705627,-1.915549635887146,-0.6587416529655457,2.2501564025878906,-1.0332608222961426
-0.6699986457824707,0.6424380540847778,0.8731719851493835,-1.9215812683105469,-0.6377505660057068,2.2608532905578613,-1.024731159210205
-0.6650291085243225,0.6278002858161926,0.8533523082733154,-1.9272737503051758,-0.6171528697013855,2.270937204360962,-1.0162016153335571
-0.6596559286117554,0.6138543486595154,0.8334391713142395,-1.932628870010376,-0.5969139933586121,2.280442476272583,-1.0076719522476196
-0.6538636684417725,0.600568950176239,0.8133917450904846,-1.9376493692398071,-0.5770031809806824,2.289401054382324,-0.9991423487663269
-0.6476396322250366,0.587916374206543,0.7931748628616333,-1.9423367977142334,-0.5573921799659729,2.2978405952453613,-0.9906127452850342
-0.6409698724746704,0.5758724808692932,0.772753894329071,-1.946692943572998,-0.5380556583404541,2.3057868480682373,-0.9820831418037415
-0.6338415145874023,0.5644157528877258,0.752097487449646,-1.950719952583313,-0.518969714641571,2.313263177871704,-0.9735535383224487
-0.6262418627738953,0.553527295589447,0.7311757206916809,-1.954418659210205,-0.5001120567321777,2.3202903270721436,-0.965023934841156
-0.6181610822677612,0.543190062046051,0.7099635004997253,-1.9577913284301758,-0.4814627468585968,2.326887607574463,-0.9564943313598633
-0.6095899343490601,0.5333909392356873,0.6884375810623169,-1.9608385562896729,-0.46300360560417175,2.333071231842041,-0.9479647278785706
-0.6005194187164307,0.5241173505783081,0.6665758490562439,-1.963561773300171,-0.44471660256385803,2.338857650756836,-0.9394351243972778
-0.5909438133239746,0.5153584480285645,0.6443606019020081,-1.9659620523452759,-0.42658543586730957,2.3442599773406982,-0.9309055209159851
-0.5808570384979248,0.5071051716804504,0.6217744946479797,-1.9680402278900146,-0.40859395265579224,2.349292278289795,-0.9223759174346924
-0.570257306098938,0.4993501603603363,0.5988054871559143,-1.969797134399414,-0.3907282054424286,2.353965997695923,-0.9138463139533997
-0.5591450929641724,0.49208739399909973,0.5754443407058716,-1.9712337255477905,-0.37297433614730835,2.358290672302246,-0.9053167104721069
-0.5475220084190369,0.48531195521354675,0.5516835451126099,-1.9723503589630127,-0.3553191125392914,2.362276554107666,-0.8967871069908142
-0.5353925228118896,0.47902005910873413,0.5275192260742188,-1.9731472730636597,-0.3377499580383301,2.365931987762451,-0.8882574439048767
-0.5227636098861694,0.4732085168361664,0.5029498338699341,-1.973625659942627,-0.3202541768550873,2.369265556335449,-0.8797279000282288
-0.5096471309661865,0.4678759276866913,0.4779798984527588,-1.973785161972046,-0.30282098054885864,2.3722825050354004,-0.871198296546936
-0.49605628848075867,0.46301987767219543,0.4526149332523346,-1.9736260175704956,-0.2854389548301697,2.3749895095825195,-0.8626686930656433
-0.48200666904449463,0.45864108204841614,0.42686334252357483,-1.9731489419937134,-0.26809656620025635,2.3773930072784424,-0.8541390895843506
-0.4675195515155792,0.45473918318748474,0.4007396101951599,-1.9723531007766724,-0.2507844865322113,2.3794960975646973,-0.8456094861030579
-0.45261678099632263,0.4513140618801117,0.3742590546607971,-1.9712387323379517,-0.2334912121295929,2.381302833557129,-0.8370799422264099
-0.43732428550720215,0.4483681321144104,0.3474406599998474,-1.9698057174682617,-0.21620745956897736,2.382817506790161,-0.8285502791404724
-0.4216708838939667,0.4459022581577301,0.3203069269657135,-1.9680534601211548,-0.1989230513572693,2.384042263031006,-0.8200206756591797
-0.4056880474090576,0.4439176023006439,0.2928827702999115,-1.9659818410873413,-0.18162792921066284,2.384978771209717,-0.811491072177887
-0.46605977416038513,0.44494420289993286,0.349266916513443,-1.9756054878234863,-0.2162664532661438,2.3850765228271484,-0.782021701335907
-0.5261670351028442,0.447425901889801,0.4052177965641022,-1.9848638772964478,-0.2509194612503052,2.384359836578369,-0.752552330493927
-0.5857660174369812,0.45136722922325134,0.4605206549167633,-1.9937610626220703,-0.28561416268348694,2.382814645767212,-0.723082959651947
-0.6446264386177063,0.45677655935287476,0.5149748921394348,-2.0022995471954346,-0.32037827372550964,2.3804211616516113,-0.693613588809967
-0.7025396823883057,0.4636581242084503,0.5684017539024353,-2.010483503341675,-0.35523873567581177,2.377152919769287,-0.6641442179679871
-0.7593204975128174,0.47202080488204956,0.6206461191177368,-2.0183160305023193,-0.39022475481033325,2.3729803562164307,-0.6346747875213623
-0.8148082494735718,0.48187705874443054,0.6715793609619141,-2.0257997512817383,-0.4253661632537842,2.3678672313690186,-0.6052054166793823
-0.8688769340515137,0.49324074387550354,0.7211080193519592,-2.0329384803771973,-0.46069395542144775,2.3617682456970215,-0.5757360458374023
-0.9214226603507996,0.5061368942260742,0.7691630125045776,-2.0397350788116455,-0.4962424039840698,2.354633092880249,-0.5462666749954224
-0.9723747372627258,0.5205963253974915,0.8157106637954712,-2.0461926460266113,-0.5320492386817932,2.3464012145996094,-0.5167973041534424
-1.02168607711792,0.536662757396698,0.860744297504425,-2.052313804626465,-0.5681553483009338,2.337001085281372,-0.4873279333114624
-1.0693312883377075,0.5543914437294006,0.9042824506759644,-2.058102607727051,-0.6046058535575867,2.326349973678589,-0.4578585624694824
-1.1153055429458618,0.5738579034805298,0.9463692307472229,-2.063560962677002,-0.6414539217948914,2.314350128173828,-0.42838919162750244
-1.1007213592529297,0.5532583594322205,0.9260333776473999,-2.0740771293640137,-0.6162140965461731,2.328148365020752,-0.4153161942958832
-1.0856163501739502,0.5334213376045227,0.9056066274642944,-2.0844664573669434,-0.5913850665092468,2.341233253479004,-0.40224316716194153
-1.0699554681777954,0.5142971277236938,0.885022759437561,-2.0947299003601074,-0.5669304728507996,2.353649616241455,-0.38917016983032227
-1.0536954402923584,0.4958428144454956,0.8642101883888245,-2.104869842529297,-0.542819082736969,2.3654401302337646,-0.376097172498703
-1.0367952585220337,0.4780205190181732,0.8431026935577393,-2.11488676071167,-0.5190227031707764,2.376640558242798,-0.36302417516708374
-1.0192044973373413,0.4607958495616913,0.8216271996498108,-2.124782085418701,-0.49551618099212646,2.387284755706787,-0.3499511480331421
-1.000872254371643,0.4441407024860382,0.7997127771377563,-2.134556770324707,-0.4722764790058136,2.3974013328552246,-0.3368781507015228
-0.9817378520965576,0.42802903056144714,0.7772793173789978,-2.1442127227783203,-0.44928309321403503,2.4070191383361816,-0.32380515336990356
-0.9617385268211365,0.41243845224380493,0.754247784614563,-2.153750419616699,-0.42651718854904175,2.4161620140075684,-0.3107321262359619
-0.940805971622467,0.39734989404678345,0.7305341362953186,-2.16317081451416,-0.40396183729171753,2.424852132797241,-0.29765912890434265
-0.9188632965087891,0.38274747133255005,0.7060450315475464,-2.1724753379821777,-0.38160115480422974,2.433110237121582,-0.2845861315727234
-0.895828902721405,0.3686177730560303,0.6806895732879639,-2.1816654205322266,-0.35942140221595764,2.44095516204834,-0.2715131342411041
-0.8716129064559937,0.3549509048461914,0.6543641686439514,-2.1907413005828857,-0.3374091386795044,2.44840407371521,-0.2584401071071625
-0.8461189866065979,0.3417389988899231,0.6269609332084656,-2.199704647064209,-0.31555241346359253,2.455472230911255,-0.2453671097755432
-0.8192417025566101,0.3289775550365448,0.5983644127845764,-2.2085556983947754,-0.2938397526741028,2.462174654006958,-0.23229409754276276
-0.7908730506896973,0.31666436791419983,0.5684563517570496,-2.2172961235046387,-0.2722615897655487,2.4685237407684326,-0.2192211002111435
-0.7608896493911743,0.30480092763900757,0.537104606628418,-2.225926160812378,-0.25080808997154236,2.47453236579895,-0.20614808797836304
-0.7291680574417114,0.29339033365249634,0.5041772127151489,-2.2344472408294678,-0.22946994006633759,2.480211019515991,-0.19307507574558258
-0.6955748796463013,0.28244081139564514,0.4695325195789337,-2.2428600788116455,-0.20823934674263,2.4855711460113525,-0.18000207841396332
-0.6599792242050171,0.271960973739624,0.43303242325782776,-2.2511658668518066,-0.18710890412330627,2.4906206130981445,-0.16692906618118286
-0.6222419142723083,0.26196566224098206,0.3945305347442627,-2.259364604949951,-0.16607150435447693,2.4953689575195312,-0.1538560688495636
-0.5822299122810364,0.2524707317352295,0.3538871705532074,-2.267457962036133,-0.14512018859386444,2.499823570251465,-0.14078305661678314
-0.5398179888725281,0.2434958517551422,0.31097060441970825,-2.275446653366089,-0.12424901872873306,2.5039913654327393,-0.12771004438400269
-0.4948916435241699,0.235065296292305,0.26566049456596375,-2.2833309173583984,-0.1034516915678978,2.5078797340393066,-0.11463705450296402
-0.44736218452453613,0.2272052764892578,0.2178623378276825,-2.2911124229431152,-0.08272383362054825,2.511493682861328,-0.10156404972076416
-0.3971673846244812,0.21994546055793762,0.16750845313072205,-2.2987914085388184,-0.062059324234724045,2.5148391723632812,-0.08849102258682251
-0.3442903757095337,0.213316410779953,0.11457622051239014,-2.306368827819824,-0.04145396873354912,2.517920970916748,-0.07541804015636444
-0.28876450657844543,0.20735213160514832,0.05909479036927223,-2.313845634460449,-0.020902566611766815,2.520742416381836,-0.06234503537416458
-0.23069052398204803,0.20208629965782166,0.0011598315322771668,-2.3212225437164307,-0.0004016553284600377,2.523308753967285,-0.04927200824022293
-0.1702418476343155,0.19755133986473083,-0.05905994027853012,-2.328500509262085,0.020053153857588768,2.5256218910217285,-0.03619899973273277
-0.10767138749361038,0.19378013908863068,-0.12131595611572266,-2.3356800079345703,0.04046561196446419,2.5276849269866943,-0.023126019164919853
-0.04331657662987709,0.19079846143722534,-0.18527516722679138,-2.342761754989624,0.06083926185965538,2.529500961303711,-0.010052994824945927
0.022411121055483818,0.18862922489643097,-0.2505301535129547,-2.3497469425201416,0.08117766678333282,2.531071186065674,0.0030200143810361624
0.08903131633996964,0.18728788197040558,-0.3166045844554901,-2.3566360473632812,0.10148394107818604,2.532397508621216,0.01609301008284092
0.15602269768714905,0.18678171932697296,-0.3829810619354248,-2.3634305000305176,0.12176112830638885,2.533480644226074,0.029166020452976227
0.22283852100372314,0.1871097981929779,-0.44911661744117737,-2.3701303005218506,0.14201226830482483,2.5343213081359863,0.042239028960466385
0.28894346952438354,0.1882627010345459,-0.5144794583320618,-2.376736640930176,0.16224072873592377,2.534918785095215,0.05531202629208565
0.3538225293159485,0.19022336602210999,-0.5785585045814514,-2.3832504749298096,0.18244777619838715,2.5352749824523926,0.0683850347995758
0.4170302450656891,0.19296658039093018,-0.6409128308296204,-2.38967227935791,0.20263782143592834,2.5353872776031494,0.08145804703235626
0.47817742824554443,0.19646209478378296,-0.701153576374054,-2.396003246307373,0.2228119671344757,2.5352559089660645,0.09453105181455612
0.5369688272476196,0.20067501068115234,-0.7589908242225647,-2.4022436141967773,0.24297352135181427,2.5348777770996094,0.10760409384965897
0.5931812524795532,0.20556889474391937,-0.8142048716545105,-2.4083950519561768,0.2631245255470276,2.534252405166626,0.12067704647779465
0.6466708183288574,0.21110394597053528,-0.8666548728942871,-2.4144577980041504,0.28326722979545593,2.533376693725586,0.1337500512599945
0.6973703503608704,0.21724335849285126,-0.9162769317626953,-2.4204330444335938,0.3034043312072754,2.53224778175354,0.14682306349277496
0.7452661991119385,0.22395068407058716,-0.9630603194236755,-2.426321506500244,0.3235374689102173,2.530862331390381,0.15989607572555542
0.7903958559036255,0.23119215667247772,-1.0070462226867676,-2.432124137878418,0.34366974234580994,2.5292162895202637,0.17296911776065826
0.8328330516815186,0.23893526196479797,-1.0483107566833496,-2.4378414154052734,0.36380288004875183,2.5273053646087646,0.18604211509227753
0.8726816773414612,0.24715331196784973,-1.0869613885879517,-2.443474769592285,0.383939266204834,2.5251238346099854,0.1991150826215744
0.9100581407546997,0.2558210492134094,-1.1231173276901245,-2.4490251541137695,0.4040813446044922,2.5226669311523438,0.21218807995319366
0.9450895190238953,0.26491862535476685,-1.1569087505340576,-2.4544925689697266,0.42423132061958313,2.5199289321899414,0.22526109218597412
0.9779173135757446,0.2744266390800476,-1.1884806156158447,-2.459878921508789,0.44439101219177246,2.516901731491089,0.23833410441875458
1.0086748600006104,0.28433266282081604,-1.2179688215255737,-2.4651849269866943,0.46456411480903625,2.513577938079834,0.2514071464538574
1.0374958515167236,0.29462504386901855,-1.2455103397369385,-2.4704113006591797,0.48475250601768494,2.5099494457244873,0.2644801437854767
1.0645091533660889,0.30529630184173584,-1.2712371349334717,-2.4755592346191406,0.5049586892127991,2.506007671356201,0.27755311131477356
1.0898340940475464,0.31634092330932617,-1.295271873474121,-2.4806294441223145,0.5251855850219727,2.5017428398132324,0.2906261086463928
1.11359441280365,0.32775792479515076,-1.3177409172058105,-2.4856231212615967,0.545436441898346,2.4971423149108887,0.3036991357803345
1.1358932256698608,0.3395473062992096,-1.338750958442688,-2.4905409812927246,0.5657135248184204,2.4921958446502686,0.31677213311195374
1.1568334102630615,0.3517133891582489,-1.3584080934524536,-2.4953842163085938,0.5860216617584229,2.486889362335205,0.3298451602458954
1.1765087842941284,0.36426153779029846,-1.3768093585968018,-2.5001540184020996,0.6063624024391174,2.4812092781066895,0.34291818737983704
1.1950058937072754,0.37720075249671936,-1.3940449953079224,-2.5048508644104004,0.6267420053482056,2.475139617919922,0.3559911847114563
1.212402105331421,0.39054134488105774,-1.4101951122283936,-2.50947642326355,0.6471621990203857,2.4686646461486816,0.3690641522407532
1.2287731170654297,0.40429791808128357,-1.4253404140472412,-2.514031410217285,0.6676290035247803,2.4617650508880615,0.38213714957237244
1.2441844940185547,0.4184851348400116,-1.4395482540130615,-2.518517017364502,0.6881458759307861,2.454421043395996,0.3952102065086365
1.258697509765625,0.43312376737594604,-1.4528847932815552,-2.5229337215423584,0.7087194323539734,2.4466099739074707,0.40828320384025574
1.2723703384399414,0.4482354521751404,-1.4654120206832886,-2.5272836685180664,0.7293553352355957,2.438307762145996,0.421356201171875
1.2852526903152466,0.46384426951408386,-1.4771838188171387,-2.531567096710205,0.7500600814819336,2.429488182067871,0.43442922830581665
1.2973895072937012,0.4799787700176239,-1.4882497787475586,-2.53578519821167,0.7708399295806885,2.4201226234436035,0.44750216603279114
1.3088271617889404,0.4966711401939392,-1.4986604452133179,-2.5399391651153564,0.7917040586471558,2.410177230834961,0.4605752229690552
1.3196008205413818,0.5139552354812622,-1.5084563493728638,-2.54403018951416,0.8126605749130249,2.3996193408966064,0.47364819049835205
1.3297477960586548,0.5318728685379028,-1.517680048942566,-2.5480594635009766,0.8337189555168152,2.3884074687957764,0.4867212176322937
1.3393001556396484,0.5504682660102844,-1.526369333267212,-2.552028179168701,0.8548915386199951,2.3764984607696533,0.49979427456855774
1.3482847213745117,0.5697908401489258,-1.5345569849014282,-2.5559372901916504,0.8761891722679138,2.363844871520996,0.512867271900177
1.3567301034927368,0.5898985266685486,-1.5422784090042114,-2.5597877502441406,0.8976278305053711,2.350391387939453,0.5259401798248291
1.3646576404571533,0.6108533143997192,-1.5495624542236328,-2.5635809898376465,0.9192224740982056,2.336078643798828,0.5390132665634155
1.3720881938934326,0.6327292323112488,-1.5564384460449219,-2.5673182010650635,0.9409923553466797,2.3208372592926025,0.5520862340927124
1.3790415525436401,0.6556075811386108,-1.5629353523254395,-2.571000576019287,0.962959349155426,2.304589033126831,0.565159261226654
1.3550853729248047,0.614231526851654,-1.5722721815109253,-2.584091901779175,0.9263667464256287,2.3364710807800293,0.577739953994751
1.3293793201446533,0.5758089423179626,-1.5817744731903076,-2.5952091217041016,0.8901047110557556,2.3653223514556885,0.5903207063674927
1.3016670942306519,0.5400533676147461,-1.5909305810928345,-2.6043100357055664,0.8541297316551208,2.391371250152588,0.6029013991355896
1.271639347076416,0.5067171454429626,-1.5991805791854858,-2.611355781555176,0.8184407353401184,2.41481351852417,0.6154820919036865
1.238939642906189,0.47558730840682983,-1.6059194803237915,-2.616316318511963,0.78307044506073,2.4358160495758057,0.6280627846717834
1.203157901763916,0.44648057222366333,-1.6104925870895386,-2.6191673278808594,0.7480799555778503,2.454524517059326,0.6406435370445251
1.1638249158859253,0.41923946142196655,-1.6121878623962402,-2.6198933124542236,0.713552713394165,2.471071720123291,0.6532242298126221
1.1204204559326172,0.39374110102653503,-1.6102486848831177,-2.6184873580932617,0.6795855164527893,2.48557186126709,0.665804922580719
1.077066421508789,0.4022734761238098,-1.584380865097046,-2.6043457984924316,0.6887943148612976,2.478055000305176,0.6356556415557861
1.0346477031707764,0.41172534227371216,-1.5593210458755493,-2.5897984504699707,0.6985454559326172,2.4699926376342773,0.605506420135498
0.9932851791381836,0.4221262037754059,-1.5352097749710083,-2.57484769821167,0.7088528871536255,2.4613547325134277,0.5753571391105652
0.95307856798172,0.43350332975387573,-1.5121675729751587,-2.559494972229004,0.7197324633598328,2.4521117210388184,0.5452079176902771
0.9141164422035217,0.4458860754966736,-1.490307092666626,-2.5437419414520264,0.7312024831771851,2.4422285556793213,0.5150586366653442
0.8764666318893433,0.4593040645122528,-1.4697216749191284,-2.5275893211364746,0.7432814836502075,2.431668758392334,0.48490938544273376
0.8401816487312317,0.4737895131111145,-1.450493335723877,-2.511038064956665,0.7559917569160461,2.4203920364379883,0.4547601342201233
0.8052962422370911,0.4893774092197418,-1.432688593864441,-2.4940884113311768,0.7693583369255066,2.4083542823791504,0.4246108829975128
0.7718346118927002,0.5061079859733582,-1.416366696357727,-2.4767398834228516,0.7834088206291199,2.395504951477051,0.39446163177490234
0.7398033142089844,0.5240281224250793,-1.4015744924545288,-2.458991289138794,0.7981770634651184,2.381788730621338,0.36431238055229187
0.7091982960700989,0.5431883335113525,-1.388351321220398,-2.4408419132232666,0.8136987686157227,2.36714506149292,0.3341631293296814
0.6800086498260498,0.5636523962020874,-1.3767359256744385,-2.4222893714904785,0.8300191760063171,2.35150146484375,0.3040138781070709
0.6522078514099121,0.5854921340942383,-1.3667576313018799,-2.4033310413360596,0.8471875190734863,2.334780216217041,0.27386462688446045
0.5804868340492249,0.5296529531478882,-1.3098150491714478,-2.3839597702026367,0.7750444412231445,2.3695878982543945,0.3036620318889618
0.5000609159469604,0.48187410831451416,-1.2443293333053589,-2.3634843826293945,0.7047619819641113,2.397146224975586,0.33345943689346313
0.4099081754684448,0.4410369098186493,-1.1690254211425781,-2.3418803215026855,0.6359289288520813,2.4187681674957275,0.3632568418979645
0.30908364057540894,0.4064943194389343,-1.0827553272247314,-2.3191232681274414,0.5682403445243835,2.4353928565979004,0.3930542469024658
0.19693593680858612,0.3779449164867401,-0.9847016334533691,-2.2951884269714355,0.5014592409133911,2.4477052688598633,0.42285165190696716
0.07342437654733658,0.35533812642097473,-0.8746775388717651,-2.2700486183166504,0.4353853166103363,2.456207275390625,0.4526490271091461
-0.06052745133638382,0.33878931403160095,-0.7534675002098083,-2.243675947189331,0.3698434829711914,2.46126651763916,0.48244643211364746
-0.20275495946407318,0.32848480343818665,-0.6231023669242859,-2.2160401344299316,0.3046689033508301,2.4631471633911133,0.5122438669204712
-0.34985092282295227,0.3245793879032135,-0.48685330152511597,-2.187108039855957,0.23969842493534088,2.4620280265808105,0.5420412421226501
-0.49759718775749207,0.3271152079105377,-0.3487944006919861,-2.1568427085876465,0.1747625321149826,2.458019256591797,0.5718386769294739
-0.6417097449302673,0.33597633242607117,-0.2130538672208786,-2.1252026557922363,0.10968035459518433,2.4511663913726807,0.6016360521316528
-0.7786387801170349,0.3509114384651184,-0.08300399780273438,-2.0921413898468018,0.04424751177430153,2.441458225250244,0.6314334273338318
-0.9060384631156921,0.37159690260887146,0.039213359355926514,-2.057605266571045,-0.021769968792796135,2.4288246631622314,0.6612308621406555
-0.9151576161384583,0.37927302718162537,0.05341329798102379,-2.045586585998535,-0.030069291591644287,2.424144744873047,0.6447794437408447
-0.9240724444389343,0.3870849311351776,0.06744105368852615,-2.033433437347412,-0.03849177807569504,2.419355869293213,0.6283280849456787
-0.932792067527771,0.3950355648994446,0.08131029456853867,-2.021144390106201,-0.04703923314809799,2.4144556522369385,0.6118766665458679
-0.9413250684738159,0.4031260907649994,0.09503346681594849,-2.0087156295776367,-0.05571557953953743,2.409440517425537,0.5954252481460571
-0.9496797323226929,0.41136011481285095,0.10862353444099426,-1.996145248413086,-0.064524345099926,2.404306650161743,0.5789738297462463
-0.9578638672828674,0.41974037885665894,0.1220930963754654,-1.98343026638031,-0.07346919178962708,2.3990511894226074,0.5625224709510803
-0.9658843278884888,0.4282701909542084,0.13545405864715576,-1.9705678224563599,-0.08255286514759064,2.3936710357666016,0.5460710525512695
-0.973749041557312,0.4369520843029022,0.14871960878372192,-1.9575544595718384,-0.09178075194358826,2.3881616592407227,0.5296196341514587
-0.9814639687538147,0.44579097628593445,0.16190139949321747,-1.9443870782852173,-0.10115733742713928,2.382519483566284,0.5131682753562927
-0.9890362620353699,0.4547901749610901,0.1750124841928482,-1.93106210231781,-0.11068656295537949,2.3767402172088623,0.49671685695648193
-0.9964724183082581,0.46395379304885864,0.18806540966033936,-1.9175758361816406,-0.12037468701601028,2.370819330215454,0.48026543855667114
-1.0037773847579956,0.4732869565486908,0.20107212662696838,-1.9039243459701538,-0.1302269548177719,2.3647522926330566,0.46381404995918274
-1.0109572410583496,0.48279374837875366,0.21404503285884857,-1.8901039361953735,-0.14024893939495087,2.358534812927246,0.44736263155937195
-1.0180184841156006,0.49248048663139343,0.2269987314939499,-1.8761097192764282,-0.1504477858543396,2.352160692214966,0.43091124296188354
-1.0249645709991455,0.502351701259613,0.2399444878101349,-1.8619372844696045,-0.1608300656080246,2.3456249237060547,0.41445985436439514
-1.0318012237548828,0.5124145150184631,0.25289636850357056,-1.8475821018218994,-0.1714039295911789,2.3389225006103516,0.39800843596458435
-1.0385327339172363,0.5226749181747437,0.265867680311203,-1.833038330078125,-0.18217650055885315,2.332045793533325,0.38155704736709595
-1.0451645851135254,0.5331395864486694,0.2788738012313843,-1.8183013200759888,-0.19315852224826813,2.3249893188476562,0.36510562896728516
-1.0516999959945679,0.5438168048858643,0.2919284701347351,-1.8033649921417236,-0.20435796678066254,2.3177454471588135,0.34865424036979675
-1.0581436157226562,0.554713785648346,0.3050471246242523,-1.7882229089736938,-0.21578563749790192,2.310307025909424,0.33220285177230835
-1.0644984245300293,0.5658400654792786,0.3182453513145447,-1.7728689908981323,-0.2274537831544876,2.302665948867798,0.31575143337249756
-1.0707685947418213,0.5772042870521545,0.33154016733169556,-1.757296085357666,-0.2393745481967926,2.294814109802246,0.29930004477500916
-1.0769572257995605,0.5888174772262573,0.3449487090110779,-1.7414966821670532,-0.25156083703041077,2.286742687225342,0.28284865617752075
-1.083068609237671,0.6006898283958435,0.3584909439086914,-1.7254631519317627,-0.26402807235717773,2.278440237045288,0.26639723777770996
-1.0891036987304688,0.6128329038619995,0.3721843361854553,-1.7091869115829468,-0.27679193019866943,2.2698974609375,0.24994584918022156
-1.0950672626495361,0.6252606511116028,0.38605213165283203,-1.6926586627960205,-0.2898710370063782,2.2611024379730225,0.23349441587924957
-1.100960612297058,0.637986421585083,0.4001156687736511,-1.6758689880371094,-0.30328473448753357,2.252042770385742,0.21704304218292236
-1.1067862510681152,0.6510257720947266,0.4143993854522705,-1.6588072776794434,-0.3170540928840637,2.2427055835723877,0.20059165358543396
-1.1125472784042358,0.6643944978713989,0.428930401802063,-1.6414626836776733,-0.3312038779258728,2.2330760955810547,0.18414022028446198
-1.1182458400726318,0.6781120300292969,0.4437383711338043,-1.6238226890563965,-0.3457607924938202,2.223137378692627,0.16768883168697357
-1.1238830089569092,0.6921979188919067,0.4588536024093628,-1.6058740615844727,-0.3607543706893921,2.2128725051879883,0.15123744308948517
-1.129460096359253,0.7066745162010193,0.47431084513664246,-1.5876028537750244,-0.37621748447418213,2.2022626399993896,0.13478600978851318
-1.1349802017211914,0.721565842628479,0.49015012383461,-1.5689938068389893,-0.39218810200691223,2.1912858486175537,0.11833462119102478
-1.1404434442520142,0.7368991374969482,0.506413459777832,-1.5500297546386719,-0.4087073504924774,2.1799187660217285,0.10188324749469757
-1.1458508968353271,0.7527052164077759,0.5231491923332214,-1.5306925773620605,-0.42582395672798157,2.168135166168213,0.08543181419372559
-1.151204228401184,0.7690176963806152,0.5404123067855835,-1.5109622478485107,-0.44359126687049866,2.1559057235717773,0.06898042559623718
-1.1565030813217163,0.7858756184577942,0.5582636594772339,-1.490816354751587,-0.46207138895988464,2.143197536468506,0.05252904072403908
-1.1617487668991089,0.8033214807510376,0.5767747759819031,-1.4702305793762207,-0.48133617639541626,2.129971981048584,0.036077603697776794
-1.1669402122497559,0.8214064240455627,0.5960261821746826,-1.4491782188415527,-0.5014678835868835,2.116187810897827,0.019626226276159286
-1.1720774173736572,0.8401855826377869,0.6161116361618042,-1.427628993988037,-0.5225618481636047,2.1017959117889404,0.0031748395413160324
-1.1771591901779175,0.8597261905670166,0.6371417045593262,-1.4055490493774414,-0.5447319149971008,2.0867390632629395,-0.013276593759655952
-1.182185173034668,0.8801048398017883,0.6592474579811096,-1.382901668548584,-0.5681126713752747,2.0709524154663086,-0.029727980494499207
-1.1871533393859863,0.9014135599136353,0.6825849413871765,-1.3596432209014893,-0.5928654074668884,2.0543570518493652,-0.04617936536669731
-1.1920597553253174,0.9237605333328247,0.7073413729667664,-1.335726261138916,-0.6191854476928711,2.036860704421997,-0.0626308023929596
-1.1969020366668701,0.9472786784172058,0.7337496876716614,-1.3110947608947754,-0.6473127007484436,2.018350124359131,-0.079082190990448
-1.201675295829773,0.9721296429634094,0.762097954750061,-1.2856850624084473,-0.6775473952293396,1.998687744140625,-0.09553356468677521
-1.206372618675232,0.998517632484436,0.7927516102790833,-1.2594234943389893,-0.7102693915367126,1.9777007102966309,-0.11198499798774719
-1.2109904289245605,1.0267024040222168,0.8261913657188416,-1.2322227954864502,-0.7459749579429626,1.955166220664978,-0.1284363865852356
-1.2180966138839722,1.0230180025100708,0.8296200633049011,-1.242769718170166,-0.7479867339134216,1.9582717418670654,-0.149521604180336
-1.2252228260040283,1.0194554328918457,0.8331522345542908,-1.2531661987304688,-0.7500990629196167,1.961277961730957,-0.1706068366765976
-1.2323623895645142,1.0160131454467773,0.8367754817008972,-1.2634179592132568,-0.7523042559623718,1.9641896486282349,-0.191692054271698
-1.2395257949829102,1.0126845836639404,0.8404953479766846,-1.273529291152954,-0.7546001672744751,1.9670076370239258,-0.2127772718667984
-1.2467081546783447,1.0094677209854126,0.8443018198013306,-1.2835078239440918,-0.7569805383682251,1.9697364568710327,-0.2338624894618988
-1.2539072036743164,1.0063599348068237,0.8481888175010681,-1.2933554649353027,-0.7594406604766846,1.9723784923553467,-0.2549477219581604
-1.2611265182495117,1.0033591985702515,0.8521567583084106,-1.3030788898468018,-0.7619790434837341,1.9749336242675781,-0.2760329246520996
-1.2683632373809814,1.0004619359970093,0.8561980128288269,-1.312680959701538,-0.7645903825759888,1.9774070978164673,-0.2971181571483612
-1.2756178379058838,0.9976669549942017,0.8603110909461975,-1.3221659660339355,-0.767271876335144,1.9797985553741455,-0.3182033896446228
-1.2828900814056396,0.9949707388877869,0.8644911050796509,-1.331538438796997,-0.7700198292732239,1.9821114540100098,-0.339288592338562
-1.2901806831359863,0.9923734068870544,0.8687381148338318,-1.3408007621765137,-0.7728336453437805,1.9843456745147705,-0.3603738248348236
-1.2974886894226074,0.989871621131897,0.8730470538139343,-1.34995698928833,-0.7757101655006409,1.9865038394927979,-0.3814590573310852
-1.3048129081726074,0.9874634146690369,0.8774141073226929,-1.3590097427368164,-0.7786441445350647,1.9885880947113037,-0.402544230222702
-1.31215500831604,0.9851480722427368,0.8818396925926208,-1.3679628372192383,-0.7816373109817505,1.9905985593795776,-0.423629492521286
-1.3195136785507202,0.9829241633415222,0.8863200545310974,-1.3768186569213867,-0.7846852540969849,1.992537021636963,-0.4447146952152252
-1.3268892765045166,0.9807896614074707,0.8908535838127136,-1.3855798244476318,-0.7877874970436096,1.9944047927856445,-0.4657999277114868
-1.3342812061309814,0.9787445068359375,0.8954384326934814,-1.394249439239502,-0.7909421324729919,1.9962021112442017,-0.4868851602077484
-1.3416894674301147,0.976786732673645,0.9000723361968994,-1.4028289318084717,-0.7941467761993408,1.997930645942688,-0.50797039270401
-1.3491142988204956,0.9749157428741455,0.9047544598579407,-1.4113218784332275,-0.7974020838737488,1.9995907545089722,-0.5290555953979492
-1.3565545082092285,0.9731296896934509,0.9094815254211426,-1.4197297096252441,-0.8007047772407532,2.0011839866638184,-0.5501407980918884
-1.3640103340148926,0.9714282751083374,0.9142528176307678,-1.4280550479888916,-0.8040533065795898,2.002711057662964,-0.5712260603904724
-1.3714823722839355,0.9698120951652527,0.9190686345100403,-1.4362988471984863,-0.8074491024017334,2.0041706562042236,-0.5923112630844116
-1.3789682388305664,0.9682771563529968,0.9239231944084167,-1.4444646835327148,-0.8108875155448914,2.0055670738220215,-0.6133964657783508
-1.3864692449569702,0.9668254256248474,0.9288184642791748,-1.4525535106658936,-0.814369797706604,2.0068984031677246,-0.6344817280769348
-1.3939846754074097,0.9654552936553955,0.9337521195411682,-1.4605669975280762,-0.8178942203521729,2.0081658363342285,-0.655566930770874
-1.4015151262283325,0.9641667008399963,0.9387245774269104,-1.4685070514678955,-0.8214618563652039,2.009368896484375,-0.6766520738601685
-1.4090585708618164,0.9629583358764648,0.9437313675880432,-1.4763753414154053,-0.8250683546066284,2.010509967803955,-0.6977373957633972
-1.4166163206100464,0.9618307948112488,0.9487743377685547,-1.4841737747192383,-0.8287169337272644,2.011587619781494,-0.7188225984573364
-1.4241865873336792,0.9607832431793213,0.9538505673408508,-1.4919028282165527,-0.8324039578437805,2.012603282928467,-0.7399077415466309
-1.431770920753479,0.9598147869110107,0.9589605331420898,-1.4995651245117188,-0.8361299633979797,2.013556480407715,-0.7609930038452148
-1.4393668174743652,0.9589258432388306,0.9641016721725464,-1.5071611404418945,-0.8398945927619934,2.014448404312134,-0.782078206539154
-1.4469760656356812,0.9581157565116882,0.9692742228507996,-1.514693021774292,-0.8436967730522156,2.0152783393859863,-0.803163468837738
-1.454596757888794,0.957384467124939,0.9744764566421509,-1.5221614837646484,-0.8475363850593567,2.0160470008850098,-0.824248731136322
-1.46222984790802,0.9567318558692932,0.9797083139419556,-1.5295684337615967,-0.8514128923416138,2.016754150390625,-0.8453339338302612
-1.469874382019043,0.9561592936515808,0.9849697947502136,-1.5369136333465576,-0.8553282022476196,2.0173988342285156,-0.8664190769195557
-1.4775294065475464,0.955664336681366,0.9902576208114624,-1.5441994667053223,-0.8592772483825684,2.0179834365844727,-0.8875043392181396
-1.4851962327957153,0.9552481174468994,0.9955733418464661,-1.5514273643493652,-0.8632642030715942,2.0185062885284424,-0.9085895419120789
-1.492872714996338,0.9549102187156677,1.0009143352508545,-1.5585975646972656,-0.8672860860824585,2.018968105316162,-0.9296747446060181
-1.5005589723587036,0.9546521306037903,1.0062813758850098,-1.5657107830047607,-0.8713442087173462,2.0193679332733154,-0.9507600665092468
-1.5082553625106812,0.9544723033905029,1.0116729736328125,-1.5727689266204834,-0.875437319278717,2.0197062492370605,-0.971845269203186
-1.515960454940796,0.9543713331222534,1.0170881748199463,-1.5797724723815918,-0.8795653581619263,2.0199832916259766,-0.9929304718971252
-1.5236749649047852,0.9543501734733582,1.0225276947021484,-1.5867223739624023,-0.8837296962738037,2.020198106765747,-1.0140156745910645
-1.5313981771469116,0.9544084668159485,1.0279899835586548,-1.5936195850372314,-0.8879281878471375,2.020350694656372,-1.0351008176803589
-1.5391292572021484,0.954545795917511,1.0334738492965698,-1.6004652976989746,-0.8921624422073364,2.0204410552978516,-1.0561860799789429
-1.5468684434890747,0.9547641277313232,1.03898024559021,-1.607259750366211,-0.8964319229125977,2.020468235015869,-1.0772713422775269
-1.5546139478683472,0.9550625085830688,1.0445067882537842,-1.6140040159225464,-0.9007355570793152,2.020432949066162,-1.0983566045761108
-1.5623674392700195,0.9554426074028015,1.0500551462173462,-1.620699167251587,-0.905075192451477,2.0203335285186768,-1.1194417476654053
-1.5701273679733276,0.9559030532836914,1.055622935295105,-1.6273458003997803,-0.9094496965408325,2.0201706886291504,-1.1405271291732788
-1.5778930187225342,0.9564458727836609,1.0612103939056396,-1.633944034576416,-0.9138592481613159,2.0199434757232666,-1.1616122722625732
-1.5856623649597168,0.9570684432983398,1.0668134689331055,-1.6404955387115479,-0.9183008670806885,2.0196533203125,-1.1826974153518677
-1.5934395790100098,0.957777738571167,1.0724399089813232,-1.6470003128051758,-0.9227828979492188,2.0192949771881104,-1.2037826776504517
-1.6012213230133057,0.9585695862770081,1.0780837535858154,-1.6534595489501953,-0.9272997975349426,2.018871545791626,-1.224867820739746
-1.6090079545974731,0.9594466686248779,1.083746314048767,-1.659873127937317,-0.9318529963493347,2.018380641937256,-1.24595308303833
-1.616797685623169,0.9604085683822632,1.089425802230835,-1.6662425994873047,-0.9364427328109741,2.0178229808807373,-1.2670384645462036
-1.6245918273925781,0.9614563584327698,1.0951229333877563,-1.6725680828094482,-0.9410690665245056,2.0171966552734375,-1.288123607635498
-1.6323885917663574,0.962591290473938,1.1008366346359253,-1.6788499355316162,-0.9457323551177979,2.0165021419525146,-1.3092087507247925
-1.6401878595352173,0.9638128876686096,1.1065664291381836,-1.685089111328125,-0.9504319429397583,2.015738010406494,-1.330294132232666
-1.647989273071289,0.9651234149932861,1.1123123168945312,-1.6912864446640015,-0.9551696181297302,2.0149037837982178,-1.351379156112671
-1.655793309211731,0.9665235877037048,1.1180752515792847,-1.697441816329956,-0.9599458575248718,2.0139970779418945,-1.3724644184112549
-1.6635969877243042,0.9680135846138,1.1238518953323364,-1.7035560607910156,-0.964758574962616,2.013019561767578,-1.3935496807098389
-1.671402096748352,0.9695954322814941,1.1296449899673462,-1.709629774093628,-0.9696112871170044,2.0119683742523193,-1.4146349430084229
-1.6792078018188477,0.9712707996368408,1.1354535818099976,-1.715663194656372,-0.9745045304298401,2.0108420848846436,-1.4357199668884277
-1.6870136260986328,0.9730393290519714,1.1412770748138428,-1.7216569185256958,-0.9794358015060425,2.009640693664551,-1.4568053483963013
-1.6948177814483643,0.9749032258987427,1.147114872932434,-1.7276116609573364,-0.9844084978103638,2.0083627700805664,-1.4778906106948853
-1.7026212215423584,0.9768636226654053,1.1529672145843506,-1.7335278987884521,-0.9894211292266846,2.0070078372955322,-1.4989757537841797
-1.7104227542877197,0.9789224863052368,1.1588345766067505,-1.7394052743911743,-0.9944766759872437,2.0055723190307617,-1.5200611352920532
-1.718222737312317,0.9810802936553955,1.1647164821624756,-1.745245337486267,-0.9995744824409485,2.004056930541992,-1.541146159172058
-1.7260193824768066,0.9833396673202515,1.1706123352050781,-1.7510476112365723,-1.0047152042388916,2.0024595260620117,-1.562231421470642
-1.733812689781189,0.9857010841369629,1.176522135734558,-1.7568129301071167,-1.0098989009857178,2.000779390335083,-1.583316683769226
-1.741603136062622,0.9881676435470581,1.1824474334716797,-1.7625418901443481,-1.0151286125183105,1.99901282787323,-1.6044018268585205
-1.7493888139724731,0.9907403588294983,1.1883869171142578,-1.7682342529296875,-1.0204037427902222,1.9971598386764526,-1.6254870891571045
-1.757169246673584,0.9934208393096924,1.1943398714065552,-1.773890733718872,-1.0257247686386108,1.995219111442566,-1.6465723514556885
-1.7649455070495605,0.9962121248245239,1.2003087997436523,-1.7795120477676392,-1.031093955039978,1.9931870698928833,-1.6676576137542725
-1.7727155685424805,0.9991162419319153,1.2062923908233643,-1.7850979566574097,-1.0365121364593506,1.9910622835159302,-1.6887426376342773
-1.7804784774780273,1.002133846282959,1.212289571762085,-1.7906489372253418,-1.0419788360595703,1.9888445138931274,-1.7098280191421509
-1.788235068321228,1.0052686929702759,1.218302845954895,-1.7961655855178833,-1.0474969148635864,1.9865293502807617,-1.7309131622314453
-1.7959837913513184,1.0085233449935913,1.224331259727478,-1.8016481399536133,-1.0530669689178467,1.984115481376648,-1.7519984245300293
-1.803724765777588,1.011899709701538,1.2303755283355713,-1.8070969581604004,-1.0586901903152466,1.9816005229949951,-1.7730838060379028
-1.8114569187164307,1.0154013633728027,1.236436128616333,-1.812511920928955,-1.064368486404419,1.9789817333221436,-1.7941688299179077
-1.819179654121399,1.0190298557281494,1.2425124645233154,-1.8178941011428833,-1.0701024532318115,1.976257085800171,-1.8152540922164917
-1.8268927335739136,1.0227904319763184,1.2486072778701782,-1.8232429027557373,-1.0758954286575317,1.9734218120574951,-1.8363393545150757
-1.8345952033996582,1.0266838073730469,1.2547184228897095,-1.828559398651123,-1.0817464590072632,1.970475673675537,-1.8574246168136597
-1.8422868251800537,1.0307153463363647,1.2608484029769897,-1.833843469619751,-1.0876593589782715,1.967414140701294,-1.8785096406936646
-1.8499666452407837,1.0348882675170898,1.2669975757598877,-1.8390954732894897,-1.0936354398727417,1.9642330408096313,-1.899595022201538
-1.8576390743255615,1.03920578956604,1.2731695175170898,-1.844315528869629,-1.0996755361557007,1.9609310626983643,-1.920680284500122
-1.865294098854065,1.0436735153198242,1.2793598175048828,-1.8495042324066162,-1.1057851314544678,1.9575015306472778,-1.941765308380127
-1.8729349374771118,1.048293948173523,1.2855709791183472,-1.8546615839004517,-1.1119625568389893,1.953943133354187,-1.9628506898880005
-1.8805608749389648,1.053072214126587,1.2918041944503784,-1.8597877025604248,-1.118212342262268,1.9502509832382202,-1.983935832977295
-1.8881728649139404,1.0580145120620728,1.298063039779663,-1.864883303642273,-1.124537467956543,1.9464191198349,-2.005021095275879
-1.8957680463790894,1.0631251335144043,1.3043462038040161,-1.869948148727417,-1.1309396028518677,1.9424443244934082,-2.026106119155884
-1.9033472537994385,1.0684096813201904,1.3106565475463867,-1.8749825954437256,-1.1374225616455078,1.9383212327957153,-2.0471913814544678
-1.9109081029891968,1.0738732814788818,1.3169941902160645,-1.879987120628357,-1.1439881324768066,1.9340449571609497,-2.068276882171631
-1.9184521436691284,1.0795254707336426,1.323364019393921,-1.884961485862732,-1.1506426334381104,1.9296069145202637,-2.0893619060516357
-1.925976276397705,1.0853699445724487,1.32976496219635,-1.8899061679840088,-1.157387614250183,1.925004243850708,-2.1104471683502197
-1.9334802627563477,1.0914151668548584,1.3361997604370117,-1.8948215246200562,-1.16422700881958,1.9202289581298828,-2.1315324306488037
-1.9409639835357666,1.0976709127426147,1.34267258644104,-1.899707555770874,-1.1711668968200684,1.9152723550796509,-2.1526176929473877
-1.948425531387329,1.1041430234909058,1.3491839170455933,-1.9045644998550415,-1.178210735321045,1.9101293087005615,-2.1737029552459717
-1.9558643102645874,1.1108429431915283,1.3557381629943848,-1.9093923568725586,-1.1853646039962769,1.9047890901565552,-2.1947882175445557
-1.9632794857025146,1.1177818775177002,1.3623392581939697,-1.9141916036605835,-1.1926352977752686,1.8992421627044678,-2.2158734798431396
-1.9706701040267944,1.1249690055847168,1.3689898252487183,-1.9189622402191162,-1.2000272274017334,1.893479824066162,-2.2369585037231445
-1.9780335426330566,1.1324169635772705,1.3756932020187378,-1.9237045049667358,-1.2075480222702026,1.8874914646148682,-2.2580437660217285
-1.9853700399398804,1.1401402950286865,1.382455587387085,-1.928418755531311,-1.2152059078216553,1.8812634944915771,-2.2791287899017334
-1.992677092552185,1.1481523513793945,1.3892806768417358,-1.9331046342849731,-1.223008155822754,1.874784231185913,-2.3002140522003174
-1.9999547004699707,1.1564702987670898,1.3961758613586426,-1.937762975692749,-1.2309659719467163,1.8680375814437866,-2.3212993144989014
-2.007199287414551,1.1651122570037842,1.4031460285186768,-1.9423933029174805,-1.239088535308838,1.861008644104004,-2.3423845767974854
-2.0144104957580566,1.1740987300872803,1.4101996421813965,-1.9469963312149048,-1.2473886013031006,1.8536789417266846,-2.3634698390960693
-2.021585464477539,1.1834521293640137,1.4173450469970703,-1.9515718221664429,-1.2558796405792236,1.8460277318954468,-2.3845551013946533
-2.0287222862243652,1.1931976079940796,1.424591064453125,-1.9561201333999634,-1.2645760774612427,1.8380335569381714,-2.4056403636932373
-2.035818576812744,1.2033641338348389,1.431949496269226,-1.9606413841247559,-1.2734956741333008,1.8296699523925781,-2.4267256259918213
-2.042872190475464,1.213989019393921,1.4394351243972778,-1.9651355743408203,-1.2826616764068604,1.8209046125411987,-2.4478108882904053
-2.0498785972595215,1.225105881690979,1.4470598697662354,-1.9696028232574463,-1.2920935153961182,1.8117074966430664,-2.46889591217041
-2.056835174560547,1.2367626428604126,1.4548442363739014,-1.9740434885025024,-1.301820993423462,1.802036166191101,-2.489981174468994
