1.2890098094940186,0.37996354699134827,-0.9823624491691589,-2.2921745777130127,0.502496063709259,2.446352958679199,-2.4142472743988037
1.2193577289581299,0.34439533948898315,-0.9200594425201416,-2.2997355461120605,0.44323068857192993,2.4646925926208496,-2.3822262287139893
1.1398284435272217,0.3120535910129547,-0.848749041557312,-2.306598663330078,0.3845568299293518,2.480276584625244,-2.350205183029175
1.0482938289642334,0.28292009234428406,-0.7661678194999695,-2.3127551078796387,0.3263489007949829,2.493356704711914,-2.3181841373443604
0.9423907995223999,0.2571330666542053,-0.669832706451416,-2.3181979656219482,0.26850390434265137,2.5041310787200928,-2.286163330078125
0.8198233246803284,0.23499619960784912,-0.5573394298553467,-2.322920799255371,0.21093566715717316,2.512754201889038,-2.2541422843933105
0.6790287494659424,0.2169763296842575,-0.4270256459712982,-2.326918363571167,0.15357232093811035,2.5193428993225098,-2.222121238708496
0.5202518105506897,0.20366482436656952,-0.279042512178421,-2.3301868438720703,0.09635097533464432,2.523984432220459,-2.1901001930236816
0.3467777669429779,0.19567088782787323,-0.116584412753582,-2.3327226638793945,0.03921590372920036,2.526735782623291,-2.158079147338867
0.16542431712150574,0.19345177710056305,0.05361640825867653,-2.3345251083374023,-0.01788399927318096,2.5276296138763428,-2.1260581016540527
-0.014675277285277843,0.19714581966400146,0.22251297533512115,-2.3355937004089355,-0.07499779015779495,2.5266733169555664,-2.0940370559692383
-0.18476787209510803,0.20651808381080627,0.3814376890659332,-2.3359289169311523,-0.13217420876026154,2.5238499641418457,-2.062016010284424
-0.3389168977737427,0.22105161845684052,0.5245410799980164,-2.335533857345581,-0.1894635558128357,2.5191171169281006,-2.0299949645996094
-0.47472524642944336,0.2401275932788849,0.6495153307914734,-2.334411382675171,-0.24692049622535706,2.5124058723449707,-1.9979740381240845
-0.5860591530799866,0.25988391041755676,0.7500239014625549,-2.3345470428466797,-0.2991563379764557,2.5051321983337402,-1.9661834239959717
-0.6839625239372253,0.28269368410110474,0.837348222732544,-2.3340606689453125,-0.3516318202018738,2.4960548877716064,-1.9343926906585693
-0.769980788230896,0.3083297908306122,0.9131127595901489,-2.3329567909240723,-0.40440428256988525,2.485051393508911,-1.9026020765304565
-0.8457796573638916,0.3366768956184387,0.9790690541267395,-2.331242084503174,-0.4575413465499878,2.471971273422241,-1.8708113431930542
-0.912935733795166,0.36772963404655457,1.036888599395752,-2.328922748565674,-0.5111241936683655,2.456624984741211,-1.8390207290649414
-0.9728315472602844,0.4015868902206421,1.088062047958374,-2.3260064125061035,-0.5652520656585693,2.4387784004211426,-1.8072301149368286
-1.0266425609588623,0.4384523034095764,1.1338841915130615,-2.3225016593933105,-0.6200487017631531,2.4181385040283203,-1.7754393815994263
-1.075338363647461,0.47864416241645813,1.1754720211029053,-2.3184173107147217,-0.6756700277328491,2.3943381309509277,-1.7436487674713135
-1.1197128295898438,0.5226123332977295,1.2137948274612427,-2.31376314163208,-0.7323158383369446,2.366910696029663,-1.7118581533432007
-1.1604043245315552,0.5709715485572815,1.2497107982635498,-2.308549165725708,-0.7902492880821228,2.3352553844451904,-1.6800674200057983
-1.1979217529296875,0.6245609521865845,1.2840135097503662,-2.3027865886688232,-0.8498273491859436,2.2985785007476807,-1.648276686668396
-1.2326533794403076,0.6845380067825317,1.3174755573272705,-2.2964866161346436,-0.9115451574325562,2.2558071613311768,-1.6164861917495728
-1.2648804187774658,0.7525551915168762,1.350926160812378,-2.289661169052124,-0.976127564907074,2.2054238319396973,-1.5846954584121704
-1.3973888158798218,0.7104951739311218,1.4246900081634521,-2.4044370651245117,-0.9731284976005554,2.246011734008789,-1.5782034397125244
-1.5455387830734253,0.6893883347511292,1.514114499092102,-2.5137686729431152,-0.9820072650909424,2.2726783752441406,-1.571711540222168
-1.7047417163848877,0.6927654147148132,1.6113723516464233,-2.618218183517456,-1.0030176639556885,2.283033847808838,-1.565219521522522
-1.8672006130218506,0.7262467741966248,1.7050374746322632,-2.718066930770874,-1.0377329587936401,2.2719309329986572,-1.5587276220321655
-1.9067258834838867,0.7356567978858948,1.701593279838562,-2.715944290161133,-1.045274257659912,2.2641196250915527,-1.57695734500885
-1.9432094097137451,0.7448918223381042,1.6962778568267822,-2.7116692066192627,-1.052531361579895,2.256087303161621,-1.5951869487762451
-1.9766780138015747,0.7536872029304504,1.6892881393432617,-2.7052903175354004,-1.059277057647705,2.2480762004852295,-1.6134166717529297
-2.007168769836426,0.7618014216423035,1.6808019876480103,-2.6968636512756348,-1.0653002262115479,2.240314483642578,-1.6316463947296143
-2.0347156524658203,0.7690181732177734,1.6709728240966797,-2.6864500045776367,-1.0704119205474854,2.233013153076172,-1.6498759984970093
-2.059356212615967,0.7751564383506775,1.6599253416061401,-2.6741154193878174,-1.0744467973709106,2.2263529300689697,-1.6681057214736938
-2.0811209678649902,0.7800740599632263,1.64774751663208,-2.6599273681640625,-1.0772629976272583,2.2204809188842773,-1.6863354444503784
-2.1000351905822754,0.7836692929267883,1.6344929933547974,-2.6439547538757324,-1.078745722770691,2.2155086994171143,-1.7045650482177734
-2.116117000579834,0.7858870625495911,1.6201825141906738,-2.6262645721435547,-1.0788064002990723,2.2115044593811035,-1.722794771194458
-2.1293797492980957,0.7867173552513123,1.604809284210205,-2.6069226264953613,-1.077378749847412,2.208495616912842,-1.7410244941711426
-2.139829158782959,0.786195695400238,1.58833909034729,-2.5859901905059814,-1.0744246244430542,2.2064685821533203,-1.7592540979385376
-2.1474690437316895,0.7843984365463257,1.570721983909607,-2.5635251998901367,-1.0699222087860107,2.2053728103637695,-1.7774838209152222
-2.152299165725708,0.7814383506774902,1.551892876625061,-2.539579153060913,-1.063873529434204,2.2051258087158203,-1.7957135438919067
-2.1543188095092773,0.7774592638015747,1.5317795276641846,-2.514198064804077,-1.0562937259674072,2.205618381500244,-1.8139432668685913
-2.153529644012451,0.7726297378540039,1.5103076696395874,-2.4874210357666016,-1.0472147464752197,2.2067208290100098,-1.8321728706359863
-2.1499361991882324,0.7671343684196472,1.4874048233032227,-2.459280252456665,-1.036677598953247,2.208291530609131,-1.850402593612671
-2.1435487270355225,0.7611699104309082,1.463004469871521,-2.429800271987915,-1.024733066558838,2.2101805210113525,-1.868632197380066
-2.1343843936920166,0.7549359202384949,1.4370485544204712,-2.3989973068237305,-1.0114362239837646,2.2122373580932617,-1.8868619203567505
-2.122471332550049,0.7486342191696167,1.4094932079315186,-2.3668808937072754,-0.9968481659889221,2.214312791824341,-1.905091643333435
-2.10784649848938,0.7424629926681519,1.3803057670593262,-2.333449602127075,-0.9810292720794678,2.2162628173828125,-1.92332124710083
-2.090562343597412,0.7366151809692383,1.3494728803634644,-2.2986950874328613,-0.9640434384346008,2.2179503440856934,-1.9415509700775146
-2.070683240890503,0.7312769293785095,1.3169958591461182,-2.2625982761383057,-0.9459522366523743,2.2192466259002686,-1.9597805738449097
-2.0482888221740723,0.7266236543655396,1.2828941345214844,-2.225130558013916,-0.9268137812614441,2.2200326919555664,-1.9780104160308838
-2.0234763622283936,0.7228277921676636,1.2472089529037476,-2.186251640319824,-0.9066874980926514,2.220194101333618,-1.9962400197982788
-1.9963576793670654,0.7200504541397095,1.209997296333313,-2.1459097862243652,-0.8856269717216492,2.2196249961853027,-2.014469623565674
-1.9670606851577759,0.7184481620788574,1.171334981918335,-2.1040382385253906,-0.8636833429336548,2.2182250022888184,-2.0326993465423584
-1.9357326030731201,0.7181737422943115,1.1313188076019287,-2.060555934906006,-0.8409048914909363,2.2158939838409424,-2.050929069519043
-1.9048380851745605,0.7210331559181213,1.1143702268600464,-2.0391111373901367,-0.832792341709137,2.212646007537842,-2.072340250015259
-1.8743693828582764,0.7246857285499573,1.0978169441223145,-2.017202854156494,-0.8251609802246094,2.208836793899536,-2.0937511920928955
-1.8443533182144165,0.7291140556335449,1.081700086593628,-1.9948211908340454,-0.8180116415023804,2.2044782638549805,-2.1151623725891113
-1.814814567565918,0.7343054413795471,1.066062092781067,-1.9719536304473877,-0.8113501071929932,2.199577569961548,-2.136573553085327
-1.7857731580734253,0.7402471899986267,1.0509413480758667,-1.9485862255096436,-0.805182695388794,2.194141387939453,-2.157984733581543
-1.7572444677352905,0.7469311952590942,1.0363743305206299,-1.9247032403945923,-0.7995190024375916,2.188173770904541,-2.1793956756591797
-1.729245662689209,0.7543501257896423,1.0224007368087769,-1.9002878665924072,-0.7943692207336426,2.1816749572753906,-2.2008068561553955
-1.7017854452133179,0.7625013589859009,1.0090548992156982,-1.8753200769424438,-0.7897491455078125,2.1746439933776855,-2.2222180366516113
-1.6748743057250977,0.7713839411735535,0.9963762164115906,-1.8497778177261353,-0.7856765985488892,2.1670761108398438,-2.243628978729248
-1.6485164165496826,0.7810009717941284,0.9844003915786743,-1.8236364126205444,-0.782172441482544,2.1589646339416504,-2.265040159225464
-1.622715711593628,0.7913581728935242,0.9731677174568176,-1.7968686819076538,-0.779262363910675,2.150299549102783,-2.2864513397216797
-1.5974727869033813,0.802466630935669,0.9627196192741394,-1.7694427967071533,-0.776978075504303,2.1410672664642334,-2.3078625202178955
-1.572788119316101,0.8143414855003357,0.9531036019325256,-1.7413240671157837,-0.775357723236084,2.131248950958252,-2.3292734622955322
-1.5486574172973633,0.8270028233528137,0.9443689584732056,-1.7124727964401245,-0.7744454145431519,2.120823860168457,-2.350684642791748
-1.525075078010559,0.8404777646064758,0.9365728497505188,-1.6828432083129883,-0.7742953300476074,2.109764814376831,-2.372095823287964
-1.502036452293396,0.8547995090484619,0.9297836422920227,-1.6523845195770264,-0.7749722599983215,2.0980379581451416,-2.3935070037841797
-1.4795316457748413,0.8700108528137207,0.9240776300430298,-1.6210380792617798,-0.7765556573867798,2.085604190826416,-2.4149179458618164
-1.4575523138046265,0.8861641883850098,0.9195495247840881,-1.588735580444336,-0.7791403532028198,2.072413921356201,-2.4363291263580322
-1.4360867738723755,0.903325617313385,0.9163119196891785,-1.555398941040039,-0.7828443646430969,2.058408498764038,-2.457740306854248
-1.415123701095581,0.9215766787528992,0.9145053625106812,-1.5209364891052246,-0.7878149151802063,2.0435142517089844,-2.4791512489318848
-1.3946490287780762,0.9410187602043152,0.9143039584159851,-1.485241413116455,-0.7942339777946472,2.027642250061035,-2.5005624294281006
-1.3746473789215088,0.9617817401885986,0.915930449962616,-1.4481837749481201,-0.8023363947868347,2.0106797218322754,-2.5219736099243164
-1.3551028966903687,0.9840301275253296,0.919674277305603,-1.4096109867095947,-0.8124253153800964,1.9924845695495605,-2.5433847904205322
-1.3359973430633545,1.0079777240753174,0.9259180426597595,-1.3693346977233887,-0.8249008059501648,1.9728732109069824,-2.564795732498169
-1.3173147439956665,1.0339066982269287,0.9351864457130432,-1.3271217346191406,-0.8403060436248779,1.9516031742095947,-2.5862069129943848
-1.299020767211914,1.0622053146362305,0.9481961727142334,-1.2826788425445557,-0.8593964576721191,1.9283480644226074,-2.6076180934906006
-1.281090497970581,1.0934200286865234,0.9660122990608215,-1.235626220703125,-0.8832758665084839,1.9026439189910889,-2.6290290355682373
-1.2634849548339844,1.128360629081726,0.9902508854866028,-1.1854567527770996,-0.9136186242103577,1.8738067150115967,-2.650440216064453
-1.2461535930633545,1.1683106422424316,1.023555874824524,-1.1314730644226074,-0.9531610608100891,1.8407537937164307,-2.671851396560669
