-1.1174800395965576,1.2546426057815552,1.058379888534546,-0.9454355239868164,-1.006035327911377,1.7678688764572144,-2.669044256210327
-1.1112613677978516,1.2112338542938232,0.9854777455329895,-0.9751286506652832,-0.9303926229476929,1.8035516738891602,-2.652496099472046
-1.10477614402771,1.1738752126693726,0.9247313737869263,-1.0031051635742188,-0.8674365878105164,1.8341255187988281,-2.6359479427337646
-1.0980849266052246,1.1407876014709473,0.8723323941230774,-1.0296196937561035,-0.8132255673408508,1.8610862493515015,-2.6193997859954834
-1.0912196636199951,1.1109230518341064,0.8260385990142822,-1.05487060546875,-0.7654399275779724,1.8853182792663574,-2.602851390838623
-1.0842039585113525,1.083604097366333,0.7844131588935852,-1.0790135860443115,-0.7225919365882874,1.9073926210403442,-2.586303234100342
-1.0770537853240967,1.0583605766296387,0.7464693784713745,-1.1021742820739746,-0.6836590766906738,1.9277056455612183,-2.5697550773620605
-1.069778561592102,1.0348551273345947,0.7115018367767334,-1.1244559288024902,-0.6479125022888184,1.9465426206588745,-2.5532069206237793
-1.0623844861984253,1.012833595275879,0.6789830923080444,-1.1459450721740723,-0.6148091554641724,1.9641201496124268,-2.536658763885498
-1.054883360862732,0.9920945167541504,0.6485167145729065,-1.1667125225067139,-0.5839321613311768,1.9806063175201416,-2.520110607147217
-1.0472733974456787,0.9724863171577454,0.619784414768219,-1.1868221759796143,-0.5549569129943848,1.996133804321289,-2.5035624504089355
-1.0395631790161133,0.9538779854774475,0.5925390720367432,-1.2063262462615967,-0.5276265740394592,2.010810136795044,-2.487014055252075
-1.031753659248352,0.9361664056777954,0.5665763020515442,-1.225271224975586,-0.5017295479774475,2.024723768234253,-2.470465898513794
-1.0238462686538696,0.9192657470703125,0.5417285561561584,-1.2436981201171875,-0.47709324955940247,2.0379486083984375,-2.4539177417755127
-1.0158421993255615,0.9031040072441101,0.5178573727607727,-1.261641502380371,-0.45357561111450195,2.0505471229553223,-2.4373695850372314
-1.0077425241470337,0.8876181244850159,0.494844913482666,-1.2791333198547363,-0.4310552477836609,2.062572956085205,-2.42082142829895
-0.9995492696762085,0.8727547526359558,0.4725932776927948,-1.2962019443511963,-0.40943166613578796,2.0740714073181152,-2.404273271560669
-0.9912627935409546,0.858467698097229,0.45101720094680786,-1.3128724098205566,-0.3886152505874634,2.085082530975342,-2.3877251148223877
-0.9828832149505615,0.8447172045707703,0.430042564868927,-1.329167366027832,-0.3685328960418701,2.095641613006592,-2.3711767196655273
-0.974411129951477,0.831466019153595,0.40960532426834106,-1.3451080322265625,-0.34911710023880005,2.1057796478271484,-2.354628562927246
-0.9658470749855042,0.8186838626861572,0.3896500766277313,-1.3607118129730225,-0.33031079173088074,2.115522861480713,-2.338080406188965
-0.9571899175643921,0.8063433766365051,0.3701263666152954,-1.3759961128234863,-0.31206461787223816,2.1248977184295654,-2.3215322494506836
-0.9484408497810364,0.7944176197052002,0.3509913682937622,-1.3909766674041748,-0.2943330407142639,2.1339240074157715,-2.3049840927124023
-0.9396000504493713,0.7828858494758606,0.33220675587654114,-1.405667781829834,-0.2770778238773346,2.142622947692871,-2.288435935974121
-0.9306666254997253,0.7717276215553284,0.3137369751930237,-1.4200818538665771,-0.26026293635368347,2.1510114669799805,-2.27188777923584
-0.921640932559967,0.7609241008758545,0.29555124044418335,-1.4342310428619385,-0.24385738372802734,2.1591062545776367,-2.2553396224975586
-0.9125239849090576,0.7504590749740601,0.2776228189468384,-1.448127269744873,-0.227833092212677,2.1669223308563232,-2.2387912273406982
-0.9033141732215881,0.7403180003166199,0.2599250078201294,-1.4617795944213867,-0.21216422319412231,2.1744720935821533,-2.222243070602417
-0.8940118551254272,0.7304862141609192,0.24243490397930145,-1.475198745727539,-0.1968272179365158,2.1817688941955566,-2.2056949138641357
-0.8846175074577332,0.7209523320198059,0.2251330316066742,-1.4883918762207031,-0.18180222809314728,2.1888234615325928,-2.1891467571258545
-0.8751309514045715,0.7117032408714294,0.20799964666366577,-1.5013694763183594,-0.1670694202184677,2.1956472396850586,-2.1725986003875732
-0.865552544593811,0.7027298212051392,0.1910182535648346,-1.5141379833221436,-0.15261204540729523,2.2022488117218018,-2.156050443649292
-0.8558818101882935,0.6940217018127441,0.17417244613170624,-1.5267045497894287,-0.13841333985328674,2.2086377143859863,-2.1395022869110107
-0.8461197018623352,0.6855705976486206,0.15744879841804504,-1.539076328277588,-0.12445987015962601,2.21482253074646,-2.1229538917541504
-0.8362659811973572,0.6773675084114075,0.1408335566520691,-1.5512592792510986,-0.1107373908162117,2.2208104133605957,-2.106405735015869
-0.8263212442398071,0.6694048643112183,0.12431500852108002,-1.5632600784301758,-0.09723374247550964,2.2266087532043457,-2.089857578277588
-0.8162857890129089,0.6616758108139038,0.10788196325302124,-1.5750834941864014,-0.0839373767375946,2.232224464416504,-2.0733094215393066
-0.8061606884002686,0.654173731803894,0.09152516722679138,-1.586735486984253,-0.07083851844072342,2.237663984298706,-2.0567612648010254
-0.7959460616111755,0.6468923687934875,0.07523481547832489,-1.5982205867767334,-0.057926684617996216,2.2429327964782715,-2.040213108062744
-0.7856425642967224,0.6398259997367859,0.059002310037612915,-1.609544038772583,-0.045193299651145935,2.248037099838257,-2.023664951324463
-0.7752519845962524,0.6329700350761414,0.04282118007540703,-1.620710015296936,-0.032629746943712234,2.2529819011688232,-2.0071165561676025
-0.7647741436958313,0.6263187527656555,0.02668309584259987,-1.6317224502563477,-0.020228492096066475,2.2577717304229736,-1.9905683994293213
-0.75421142578125,0.6198672652244568,0.010583136230707169,-1.6425859928131104,-0.007982091046869755,2.262410879135132,-1.9740203619003296
-0.7435635328292847,0.6136122941970825,-0.005486034322530031,-1.6533039808273315,0.004116714932024479,2.266904830932617,-1.9574720859527588
-0.7328330874443054,0.6075489521026611,-0.021528301760554314,-1.6638801097869873,0.016073811799287796,2.271256685256958,-1.9409239292144775
-0.7220220565795898,0.60167396068573,-0.0375477634370327,-1.6743181943893433,0.027894694358110428,2.2754712104797363,-1.9243756532669067
-0.7111304998397827,0.5959842205047607,-0.05355008319020271,-1.68462073802948,0.03958580270409584,2.2795515060424805,-1.9078274965286255
-0.7001616358757019,0.5904755592346191,-0.06953764706850052,-1.6947917938232422,0.051151882857084274,2.283500909805298,-1.8912793397903442
-0.6891165971755981,0.5851446390151978,-0.08551441133022308,-1.7048335075378418,0.06259770691394806,2.287322998046875,-1.874731183052063
-0.677998423576355,0.5799902677536011,-0.10148206353187561,-1.7147493362426758,0.07392852008342743,2.2910213470458984,-1.8581830263137817
-0.6668087244033813,0.5750081539154053,-0.11744356900453568,-1.7245415449142456,0.08514823764562607,2.294597864151001,-1.841634750366211
-0.6555507779121399,0.5701958537101746,-0.13339999318122864,-1.7342129945755005,0.0962609052658081,2.2980563640594482,-1.8250865936279297
-0.644226610660553,0.5655512809753418,-0.149353489279747,-1.7437660694122314,0.10726969689130783,2.301398515701294,-1.8085383176803589
-0.6328392624855042,0.561072051525116,-0.16530466079711914,-1.7532031536102295,0.11817964166402817,2.3046278953552246,-1.7919901609420776
-0.6213915944099426,0.5567561388015747,-0.1812547892332077,-1.762526512145996,0.1289934515953064,2.307746410369873,-1.775442123413086
-0.609887957572937,0.5526015162467957,-0.19720253348350525,-1.7717382907867432,0.13971351087093353,2.3107566833496094,-1.7588938474655151
-0.5983298420906067,0.5486058592796326,-0.2131502479314804,-1.780840516090393,0.15034492313861847,2.313659906387329,-1.7423455715179443
-0.5867222547531128,0.5447672605514526,-0.2290957123041153,-1.7898354530334473,0.16088910400867462,2.3164594173431396,-1.725797414779663
-0.5750681757926941,0.5410845875740051,-0.24503913521766663,-1.7987247705459595,0.17134885489940643,2.3191564083099365,-1.7092492580413818
-0.5633716583251953,0.5375552177429199,-0.26097944378852844,-1.8075101375579834,0.18172764778137207,2.3217530250549316,-1.6927011013031006
-0.5516378283500671,0.5341785550117493,-0.27691423892974854,-1.8161938190460205,0.19202685356140137,2.324251413345337,-1.6761528253555298
-0.5398693084716797,0.5309522747993469,-0.29284340143203735,-1.8247771263122559,0.20224937796592712,2.326653242111206,-1.659604787826538
-0.5280717015266418,0.5278751254081726,-0.30876392126083374,-1.8332618474960327,0.2123969942331314,2.3289592266082764,-1.6430565118789673
-0.5162487626075745,0.524945855140686,-0.3246747553348541,-1.8416494131088257,0.22247275710105896,2.331171989440918,-1.6265082359313965
-0.5044052004814148,0.5221627950668335,-0.340573251247406,-1.849941372871399,0.23247817158699036,2.3332924842834473,-1.6099600791931152
-0.4925459325313568,0.5195243954658508,-0.35645681619644165,-1.8581395149230957,0.24241499602794647,2.335322380065918,-1.593411922454834
-0.4806762635707855,0.5170300006866455,-0.37232211232185364,-1.8662447929382324,0.25228574872016907,2.3372628688812256,-1.5768637657165527
-0.4688013195991516,0.5146775841712952,-0.38816648721694946,-1.8742587566375732,0.26209142804145813,2.3391153812408447,-1.5603156089782715
-0.45692574977874756,0.5124667286872864,-0.40398699045181274,-1.8821825981140137,0.2718336582183838,2.340881109237671,-1.5437674522399902
-0.4450559914112091,0.510395348072052,-0.4197789430618286,-1.8900176286697388,0.2815139591693878,2.3425614833831787,-1.5272191762924194
-0.4331962466239929,0.5084629058837891,-0.43554046750068665,-1.897765040397644,0.29113462567329407,2.3441572189331055,-1.5106709003448486
-0.42135196924209595,0.5066676139831543,-0.45126742124557495,-1.9054261445999146,0.3006967008113861,2.345669746398926,-1.4941227436065674
-0.4095292091369629,0.5050089955329895,-0.4669557511806488,-1.9130017757415771,0.3102017939090729,2.3470993041992188,-1.4775745868682861
-0.39773398637771606,0.5034856200218201,-0.48260098695755005,-1.9204931259155273,0.3196507692337036,2.3484480381011963,-1.4610264301300049
-0.3859705626964569,0.5020957589149475,-0.4982008635997772,-1.927901268005371,0.3290450870990753,2.3497159481048584,-1.4444782733917236
-0.374246209859848,0.5008392333984375,-0.5137490034103394,-1.935227632522583,0.33838599920272827,2.3509044647216797,-1.4279301166534424
-0.3625657558441162,0.49971386790275574,-0.529242217540741,-1.942472219467163,0.34767448902130127,2.3520143032073975,-1.4113818407058716
-0.3005054295063019,0.425874263048172,-0.5569078326225281,-2.0614471435546875,0.32976004481315613,2.4015376567840576,-1.3992221355438232
-0.21454429626464844,0.3578914403915405,-0.6094938516616821,-2.1729631423950195,0.31799808144569397,2.4453282356262207,-1.387062430381775
-0.0918075293302536,0.29597002267837524,-0.6984231472015381,-2.2782809734344482,0.31184861063957214,2.4839422702789307,-1.3749028444290161
0.0011453874176368117,0.2650567293167114,-0.7562087178230286,-2.330289125442505,0.3061649203300476,2.502608299255371,-1.3542075157165527
0.11384174227714539,0.2377765029668808,-0.8323750495910645,-2.379511833190918,0.3034491539001465,2.519247531890869,-1.3335121870040894
0.2491673082113266,0.21472352743148804,-0.9295466542243958,-2.425971508026123,0.3037065863609314,2.533923387527466,-1.3128169775009155
0.4082692265510559,0.19664278626441956,-1.0486423969268799,-2.4696574211120605,0.30695855617523193,2.54667592048645,-1.2921216487884521
0.5885221362113953,0.1842980682849884,-1.1868337392807007,-2.510530710220337,0.31323620676994324,2.5575315952301025,-1.2714263200759888
0.7819915413856506,0.17822585999965668,-1.3360291719436646,-2.5485262870788574,0.3225681483745575,2.5665042400360107,-1.2507309913635254
0.9764665961265564,0.1784573644399643,-1.4838981628417969,-2.5835561752319336,0.3349672257900238,2.573599338531494,-1.2300357818603516
1.1595526933670044,0.18440699577331543,-1.617979645729065,-2.615513563156128,0.3504208028316498,2.578817129135132,-1.2093404531478882
1.3228771686553955,0.19503895938396454,-1.7298957109451294,-2.6442766189575195,0.36887863278388977,2.5821571350097656,-1.1886451244354248
1.4633365869522095,0.20917633175849915,-1.8166122436523438,-2.6697144508361816,0.390235036611557,2.583620071411133,-1.1679497957229614
1.5816396474838257,0.22575117647647858,-1.878987193107605,-2.6916911602020264,0.41433218121528625,2.5832111835479736,-1.147254467010498
1.6803079843521118,0.2439069151878357,-1.9197821617126465,-2.710075855255127,0.44093549251556396,2.580941677093506,-1.1265592575073242
1.7622519731521606,0.26301929354667664,-1.9422389268875122,-2.724748134613037,0.46974048018455505,2.5768332481384277,-1.1058639287948608
1.8301289081573486,0.28266996145248413,-1.9494332075119019,-2.7356064319610596,0.5003740787506104,2.5709145069122314,-1.0851686000823975
1.8861364126205444,0.30260133743286133,-1.9440582990646362,-2.7425761222839355,0.532401978969574,2.5632283687591553,-1.064473271369934
1.932039737701416,0.3226889371871948,-1.928431510925293,-2.7456140518188477,0.5653483271598816,2.5538265705108643,-1.0437780618667603
1.9692553281784058,0.34290406107902527,-1.9045560359954834,-2.744713544845581,0.5987119078636169,2.542775869369507,-1.0230827331542969
1.9989646673202515,0.3632941246032715,-1.8741998672485352,-2.73990535736084,0.6319971680641174,2.5301482677459717,-1.0023874044418335
1.9286081790924072,0.37003135681152344,-1.8041017055511475,-2.7111477851867676,0.6477330923080444,2.5190212726593018,-0.985274612903595
1.8616037368774414,0.3794045150279999,-1.737857460975647,-2.682194232940674,0.663610577583313,2.5069265365600586,-0.9681618809700012
1.7986040115356445,0.3912651240825653,-1.6761305332183838,-2.6530323028564453,0.679675281047821,2.493868350982666,-0.9510490894317627
1.7400134801864624,0.4054568111896515,-1.6193422079086304,-2.623650550842285,0.6959738731384277,2.4798455238342285,-0.933936357498169
1.6860229969024658,0.4218312203884125,-1.5677053928375244,-2.594036102294922,0.7125564813613892,2.46484637260437,-0.9168235659599304
1.636637806892395,0.44025254249572754,-1.5212520360946655,-2.564175605773926,0.7294757962226868,2.4488534927368164,-0.8997108340263367
1.5917301177978516,0.4606018364429474,-1.4798861742019653,-2.534054756164551,0.7467877268791199,2.4318430423736572,-0.8825980424880981
1.5510793924331665,0.48278579115867615,-1.4434260129928589,-2.503659725189209,0.7645538449287415,2.413780689239502,-0.8654852509498596
1.514407992362976,0.5067350268363953,-1.4116402864456177,-2.4729740619659424,0.7828428745269775,2.3946242332458496,-0.8483725190162659
1.4814112186431885,0.532408595085144,-1.3842782974243164,-2.4419820308685303,0.8017287254333496,2.3743200302124023,-0.8312597274780273
1.4517745971679688,0.5597925782203674,-1.361090898513794,-2.410665512084961,0.8212984204292297,2.35280179977417,-0.8141469955444336
1.4251898527145386,0.5889025330543518,-1.3418455123901367,-2.3790063858032227,0.8416481614112854,2.329990863800049,-0.7970342636108398
1.4013614654541016,0.6197866797447205,-1.3263388872146606,-2.3469841480255127,0.8628914952278137,2.30578875541687,-0.7799214720726013
1.3800135850906372,0.6525260210037231,-1.314404010772705,-2.314577579498291,0.885159432888031,2.2800769805908203,-0.7628086805343628
1.3608883619308472,0.6872435808181763,-1.3059172630310059,-2.2817630767822266,0.9086108207702637,2.252708911895752,-0.745695948600769
1.3872008323669434,0.6878482103347778,-1.3034796714782715,-2.2786192893981934,0.9079986810684204,2.2520318031311035,-0.7434194087982178
1.4118821620941162,0.6891824007034302,-1.300092339515686,-2.2738823890686035,0.9075081944465637,2.2507095336914062,-0.7411428093910217
1.4348821640014648,0.6911720037460327,-1.2957425117492676,-2.2675671577453613,0.9070619940757751,2.2487993240356445,-0.7388662695884705
1.4561628103256226,0.6937502026557922,-1.2904270887374878,-2.25968861579895,0.9065861105918884,2.2463533878326416,-0.7365897297859192
1.4756978750228882,0.6968572735786438,-1.284153699874878,-2.2502617835998535,0.906014621257782,2.2434191703796387,-0.7343131899833679
1.49346923828125,0.7004407644271851,-1.2769337892532349,-2.239302635192871,0.9052857160568237,2.2400407791137695,-0.7320365905761719
1.5094711780548096,0.7044583559036255,-1.2687890529632568,-2.22682523727417,0.9043455123901367,2.2362539768218994,-0.7297600507736206
1.5237032175064087,0.7088722586631775,-1.259742021560669,-2.2128443717956543,0.903144359588623,2.2320926189422607,-0.7274835109710693
1.5361744165420532,0.7136545181274414,-1.2498208284378052,-2.1973724365234375,0.9016408324241638,2.2275829315185547,-0.7252069711685181
1.546899676322937,0.7187866568565369,-1.239056944847107,-2.180420398712158,0.8998003602027893,2.2227444648742676,-0.722930371761322
1.5558969974517822,0.724254846572876,-1.227480411529541,-2.1619975566864014,0.8975914716720581,2.2175943851470947,-0.7206538319587708
1.5631930828094482,0.7300556302070618,-1.2151273488998413,-2.142108917236328,0.8949921131134033,2.2121403217315674,-0.7183772921562195
1.5688178539276123,0.7361926436424255,-1.2020343542099,-2.1207571029663086,0.8919858336448669,2.2063851356506348,-0.7161006927490234
1.5728031396865845,0.7426766157150269,-1.1882373094558716,-2.0979413986206055,0.8885602355003357,2.2003273963928223,-0.7138241529464722
1.5751872062683105,0.7495274543762207,-1.1737773418426514,-2.0736546516418457,0.8847121000289917,2.1939566135406494,-0.7115476131439209
1.5760107040405273,0.7567713856697083,-1.1586968898773193,-2.0478858947753906,0.880442202091217,2.1872570514678955,-0.7092710137367249
1.575316309928894,0.7644424438476562,-1.1430397033691406,-2.0206170082092285,0.8757582902908325,2.1802079677581787,-0.7069945335388184
1.5731500387191772,0.7725822925567627,-1.1268543004989624,-1.9918230772018433,0.8706735372543335,2.172780990600586,-0.7047179341316223
1.5695606470108032,0.7812416553497314,-1.1101936101913452,-1.9614709615707397,0.8652097582817078,2.164940595626831,-0.702441394329071
1.5645982027053833,0.79047691822052,-1.093113660812378,-1.9295181035995483,0.8593929409980774,2.156646251678467,-0.700164794921875
1.558315634727478,0.8003554940223694,-1.075678825378418,-1.895910382270813,0.8532599806785583,2.147847890853882,-0.6978882551193237
1.5507670640945435,0.8109539151191711,-1.0579605102539062,-1.8605797290802002,0.8468555212020874,2.138486862182617,-0.6956117153167725
1.5529049634933472,0.8151670098304749,-1.0611591339111328,-1.8583134412765503,0.8510963916778564,2.1352648735046387,-0.7182258367538452
1.5550357103347778,0.819412350654602,-1.0643770694732666,-1.8560415506362915,0.8553626537322998,2.1320137977600098,-0.7408398985862732
1.5571588277816772,0.8236898183822632,-1.0676145553588867,-1.8537636995315552,0.8596535921096802,2.1287331581115723,-0.763454020023346
1.5592756271362305,0.8280003070831299,-1.0708731412887573,-1.8514800071716309,0.8639713525772095,2.125422239303589,-0.7860681414604187
1.5613843202590942,0.8323435187339783,-1.074150562286377,-1.8491907119750977,0.8683133721351624,2.122081756591797,-0.8086822628974915
1.5634862184524536,0.836720883846283,-1.0774502754211426,-1.8468955755233765,0.8726831674575806,2.1187098026275635,-0.8312963247299194
1.5655804872512817,0.8411329388618469,-1.0807710886001587,-1.8445943593978882,0.8770800828933716,2.1153066158294678,-0.8539104461669922
1.5676674842834473,0.8455798625946045,-1.0841138362884521,-1.8422871828079224,0.8815046548843384,2.1118714809417725,-0.8765245079994202
1.5697476863861084,0.850062906742096,-1.087479829788208,-1.839974284172058,0.8859582543373108,2.108403444290161,-0.8991386294364929
1.5718201398849487,0.8545822501182556,-1.090868592262268,-1.8376551866531372,0.8904405236244202,2.1049022674560547,-0.9217527508735657
1.5738861560821533,0.8591392636299133,-1.0942821502685547,-1.835330605506897,0.8949532508850098,2.101367235183716,-0.9443668723106384
1.5759443044662476,0.8637339472770691,-1.097719669342041,-1.8329997062683105,0.8994958400726318,2.0977981090545654,-0.9669809341430664
1.5779951810836792,0.8683673143386841,-1.1011821031570435,-1.8306628465652466,0.9040699005126953,2.094193458557129,-0.9895950555801392
1.5800399780273438,0.8730405569076538,-1.1046717166900635,-1.8283201456069946,0.9086766839027405,2.090552806854248,-1.012209177017212
1.5820759534835815,0.8777536153793335,-1.1081862449645996,-1.8259711265563965,0.9133151769638062,2.086876392364502,-1.0348232984542847
1.584105134010315,0.8825077414512634,-1.111728310585022,-1.8236165046691895,0.9179871082305908,2.083162784576416,-1.0574373006820679
1.5861278772354126,0.887304961681366,-1.1152994632720947,-1.8212553262710571,0.9226948022842407,2.0794100761413574,-1.0800515413284302
1.5881427526474,0.8921444416046143,-1.118898630142212,-1.8188880681991577,0.9274368286132812,2.0756192207336426,-1.1026655435562134
1.5901508331298828,0.8970282673835754,-1.122528076171875,-1.8165149688720703,0.9322152137756348,2.0717883110046387,-1.1252796649932861
1.5921506881713867,0.9019561409950256,-1.1261866092681885,-1.8141354322433472,0.9370300769805908,2.067917823791504,-1.1478937864303589
1.5941442251205444,0.9069311618804932,-1.1298774480819702,-1.8117499351501465,0.9418840408325195,2.064005136489868,-1.1705079078674316
1.5961322784423828,0.9119555950164795,-1.133603572845459,-1.809357762336731,0.9467796683311462,2.0600476264953613,-1.1931220293045044
1.5981111526489258,0.9170246124267578,-1.137359380722046,-1.8069597482681274,0.9517117738723755,2.0560498237609863,-1.2157361507415771
1.6000820398330688,0.922142505645752,-1.1411482095718384,-1.8045555353164673,0.9566847681999207,2.0520081520080566,-1.2383501529693604
1.6020454168319702,0.9273109436035156,-1.1449719667434692,-1.802145004272461,0.9616990685462952,2.0479214191436768,-1.260964274406433
1.6040019989013672,0.9325318932533264,-1.1488327980041504,-1.7997281551361084,0.9667584300041199,2.0437872409820557,-1.2835783958435059
1.6059504747390747,0.9378039240837097,-1.1527289152145386,-1.7973052263259888,0.9718606472015381,2.039607286453247,-1.3061925172805786
1.607892394065857,0.9431317448616028,-1.1566648483276367,-1.7948757410049438,0.9770100712776184,2.035377264022827,-1.3288066387176514
1.6098260879516602,0.9485146999359131,-1.1606392860412598,-1.7924398183822632,0.9822057485580444,2.0310981273651123,-1.3514206409454346
1.6117522716522217,0.9539546370506287,-1.1646537780761719,-1.7899975776672363,0.9874499440193176,2.0267677307128906,-1.3740347623825073
1.613670825958252,0.9594537019729614,-1.1687105894088745,-1.7875487804412842,0.9927444458007812,2.0223848819732666,-1.39664888381958
1.6155823469161987,0.9650129675865173,-1.1728107929229736,-1.7850935459136963,0.9980905652046204,2.0179479122161865,-1.4192628860473633
1.6174860000610352,0.9706343412399292,-1.1769553422927856,-1.7826319932937622,1.0034903287887573,2.013455390930176,-1.4418771266937256
1.619381308555603,0.9763187766075134,-1.1811449527740479,-1.7801638841629028,1.0089435577392578,2.008906841278076,-1.4644912481307983
1.6212692260742188,0.982069194316864,-1.1853827238082886,-1.777688980102539,1.0144538879394531,2.0042991638183594,-1.4871052503585815
1.6231491565704346,0.9878875613212585,-1.1896693706512451,-1.775207757949829,1.0200228691101074,1.9996315240859985,-1.5097193717956543
1.6250205039978027,0.9937739968299866,-1.1940053701400757,-1.7727200984954834,1.0256505012512207,1.9949030876159668,-1.532333493232727
1.626884937286377,0.9997337460517883,-1.1983954906463623,-1.7702256441116333,1.0313420295715332,1.9901093244552612,-1.5549476146697998
1.628740906715393,1.005767583847046,-1.2028398513793945,-1.7677243947982788,1.0370984077453613,1.9852497577667236,-1.577561855316162
1.6305872201919556,1.0118756294250488,-1.2073376178741455,-1.765216588973999,1.0429184436798096,1.980324625968933,-1.6001758575439453
1.632426142692566,1.0180641412734985,-1.21189546585083,-1.7627021074295044,1.04880952835083,1.975327730178833,-1.622789978981018
1.6342560052871704,1.0243334770202637,-1.216512680053711,-1.7601808309555054,1.0547709465026855,1.9702593088150024,-1.6454039812088013
1.6360775232315063,1.030687689781189,-1.2211930751800537,-1.7576526403427124,1.0608075857162476,1.9651155471801758,-1.668018102645874
1.6378964185714722,1.0371294021606445,-1.225942850112915,-1.7551180124282837,1.066920518875122,1.9598944187164307,-1.6906322240829468
1.639700174331665,1.0436618328094482,-1.2307555675506592,-1.752576231956482,1.0731135606765747,1.9545931816101074,-1.7132463455200195
1.641494870185852,1.0502870082855225,-1.2356377840042114,-1.7500277757644653,1.0793886184692383,1.9492101669311523,-1.7358605861663818
1.6432803869247437,1.0570107698440552,-1.2405941486358643,-1.7474722862243652,1.0857515335083008,1.9437397718429565,-1.758474588394165
1.6450564861297607,1.0638351440429688,-1.2456262111663818,-1.7449098825454712,1.0922033786773682,1.9381803274154663,-1.7810887098312378
1.6468218564987183,1.0707643032073975,-1.2507362365722656,-1.7423406839370728,1.0987483263015747,1.932529330253601,-1.803702712059021
1.6485787630081177,1.0778052806854248,-1.2559318542480469,-1.7397642135620117,1.1053941249847412,1.926778793334961,-1.8263168334960938
1.6503245830535889,1.0849593877792358,-1.2612122297286987,-1.7371810674667358,1.1121400594711304,1.9209296703338623,-1.8489309549331665
1.6520601511001587,1.092233419418335,-1.266584038734436,-1.734590768814087,1.1189937591552734,1.9149742126464844,-1.8715449571609497
1.6537847518920898,1.0996336936950684,-1.2720513343811035,-1.7319929599761963,1.1259604692459106,1.9089083671569824,-1.8941590785980225
1.6554988622665405,1.107164740562439,-1.277618408203125,-1.7293884754180908,1.1330453157424927,1.902727484703064,-1.9167733192443848
1.6572006940841675,1.1148326396942139,-1.283289909362793,-1.7267765998840332,1.1402531862258911,1.8964262008666992,-1.9393874406814575
1.6588915586471558,1.122645378112793,-1.2890723943710327,-1.724157691001892,1.147592544555664,1.8899983167648315,-1.9620015621185303
1.6605693101882935,1.130610466003418,-1.294970989227295,-1.7215313911437988,1.1550687551498413,1.883436918258667,-1.9846155643463135
1.6622347831726074,1.1387351751327515,-1.3009926080703735,-1.718898057937622,1.1626906394958496,1.8767352104187012,-2.0072295665740967
1.6638871431350708,1.147029995918274,-1.3071446418762207,-1.716257095336914,1.1704661846160889,1.8698853254318237,-2.029843807220459
1.665525197982788,1.1555043458938599,-1.3134349584579468,-1.7136088609695435,1.1784056425094604,1.8628779649734497,-2.052457809448242
1.6671494245529175,1.1641695499420166,-1.3198728561401367,-1.7109532356262207,1.1865193843841553,1.8557040691375732,-2.0750720500946045
1.6687579154968262,1.1730364561080933,-1.3264660835266113,-1.7082902193069458,1.1948167085647583,1.8483538627624512,-2.0976860523223877
1.6703509092330933,1.1821211576461792,-1.3332276344299316,-1.7056196928024292,1.2033132314682007,1.8408141136169434,-2.12030029296875
1.671926736831665,1.1914352178573608,-1.3401671648025513,-1.7029420137405396,1.2120203971862793,1.8330740928649902,-2.142914056777954
1.6734849214553833,1.201000690460205,-1.3473016023635864,-1.7002562284469604,1.2209581136703491,1.825115442276001,-2.1655282974243164
1.6750236749649048,1.21083402633667,-1.3546440601348877,-1.6975630521774292,1.2301419973373413,1.8169232606887817,-2.1881425380706787
1.6765422821044922,1.2209562063217163,-1.362210988998413,-1.6948624849319458,1.2395917177200317,1.808480143547058,-2.210756540298462
1.6780399084091187,1.2313964366912842,-1.3700257539749146,-1.6921542882919312,1.2493350505828857,1.799760341644287,-2.233370780944824
1.6795127391815186,1.2421813011169434,-1.3781085014343262,-1.689437985420227,1.2593965530395508,1.7907414436340332,-2.2559847831726074
1.6809601783752441,1.253345251083374,-1.3864874839782715,-1.6867141723632812,1.2698085308074951,1.7813937664031982,-2.2785987854003906
1.682379961013794,1.264933466911316,-1.3951970338821411,-1.683982253074646,1.2806131839752197,1.7716779708862305,-2.301213026046753
