-1.7493658065795898,0.49663299322128296,1.618912696838379,-2.6252472400665283,-0.8089722394943237,2.423795700073242,-1.8116596937179565
-1.7601743936538696,0.5039858818054199,1.6275973320007324,-2.631458282470703,-0.8181968331336975,2.4200491905212402,-1.7857611179351807
-1.770728588104248,0.5115055441856384,1.6359986066818237,-2.6376473903656006,-0.8274474143981934,2.4161462783813477,-1.7598626613616943
-1.7810310125350952,0.5191951990127563,1.6441185474395752,-2.6438148021698,-0.8367252945899963,2.4120826721191406,-1.7339640855789185
-1.7910873889923096,0.5270602107048035,1.651962399482727,-2.64996075630188,-0.8460310697555542,2.4078521728515625,-1.7080655097961426
-1.800900936126709,0.5351036787033081,1.659532904624939,-2.656085968017578,-0.8553661704063416,2.4034500122070312,-1.6821669340133667
-1.8104742765426636,0.5433306097984314,1.6668319702148438,-2.6621899604797363,-0.8647316098213196,2.3988704681396484,-1.6562684774398804
-1.8198130130767822,0.5517467856407166,1.6738646030426025,-2.6682732105255127,-0.8741284012794495,2.394106864929199,-1.6303699016571045
-1.828918218612671,0.5603567957878113,1.6806312799453735,-2.6743359565734863,-0.8835593461990356,2.3891537189483643,-1.6044713258743286
-1.837796688079834,0.5691674947738647,1.6871379613876343,-2.6803786754608154,-0.8930234909057617,2.384002685546875,-1.5785728693008423
-1.8464491367340088,0.5781842470169067,1.6933847665786743,-2.686401128768921,-0.9025239944458008,2.378647804260254,-1.5526742935180664
-1.85487961769104,0.587414562702179,1.699375033378601,-2.692403793334961,-0.912062406539917,2.3730807304382324,-1.5267757177352905
-1.8630911111831665,0.5968649983406067,1.7051103115081787,-2.6983866691589355,-0.9216399192810059,2.3672943115234375,-1.5008771419525146
-1.8710882663726807,0.606544554233551,1.710594892501831,-2.704349994659424,-0.931257963180542,2.3612780570983887,-1.4749786853790283
-1.8740949630737305,0.6118475198745728,1.7082204818725586,-2.703220844268799,-0.9363729953765869,2.3571557998657227,-1.4535558223724365
-1.877070426940918,0.617207407951355,1.7058441638946533,-2.7020552158355713,-0.9414941072463989,2.352973699569702,-1.4321330785751343
-1.8800157308578491,0.6226237416267395,1.7034677267074585,-2.7008540630340576,-0.9466197490692139,2.3487319946289062,-1.4107102155685425
-1.8829301595687866,0.6280980110168457,1.7010911703109741,-2.6996169090270996,-0.9517502784729004,2.3444299697875977,-1.3892873525619507
-1.885815143585205,0.6336297392845154,1.698716640472412,-2.6983442306518555,-0.9568864107131958,2.3400673866271973,-1.3678646087646484
-1.8886711597442627,0.6392223238945007,1.6963452100753784,-2.697035789489746,-0.9620280265808105,2.335642099380493,-1.3464417457580566
-1.8914985656738281,0.644875168800354,1.693977952003479,-2.6956920623779297,-0.9671755433082581,2.3311545848846436,-1.3250190019607544
-1.8942980766296387,0.6505898237228394,1.691616415977478,-2.694312810897827,-0.9723284244537354,2.3266031742095947,-1.3035961389541626
-1.8970704078674316,0.6563673615455627,1.6892619132995605,-2.6928982734680176,-0.9774864912033081,2.3219871520996094,-1.2821732759475708
-1.8998161554336548,0.6622080206871033,1.6869157552719116,-2.691448926925659,-0.9826505780220032,2.3173065185546875,-1.2607505321502686
-1.9025349617004395,0.6681141257286072,1.6845781803131104,-2.6899642944335938,-0.9878206253051758,2.3125596046447754,-1.2393276691436768
-1.9052282571792603,0.6740862727165222,1.6822515726089478,-2.6884448528289795,-0.9929972290992737,2.3077454566955566,-1.217904806137085
-1.9078961610794067,0.6801260113716125,1.679936408996582,-2.6868906021118164,-0.9981808066368103,2.302863359451294,-1.1964820623397827
-1.910538673400879,0.6862375140190125,1.6776338815689087,-2.6853015422821045,-1.003373146057129,2.2979092597961426,-1.175059199333191
-1.9131572246551514,0.6924147009849548,1.675345778465271,-2.683678150177002,-1.0085694789886475,2.292888641357422,-1.1536364555358887
-1.9157520532608032,0.6986642479896545,1.673073172569275,-2.682020664215088,-1.0137748718261719,2.2877957820892334,-1.1322135925292969
-1.9183231592178345,0.7049852609634399,1.6708167791366577,-2.680328845977783,-1.018986463546753,2.2826316356658936,-1.110790729522705
-1.9208709001541138,0.7113796472549438,1.6685779094696045,-2.678602933883667,-1.0242066383361816,2.2773942947387695,-1.0893679857254028
-1.9233962297439575,0.7178495526313782,1.6663577556610107,-2.6768431663513184,-1.029435396194458,2.272082567214966,-1.067945122718811
-1.9258992671966553,0.7243956327438354,1.6641576290130615,-2.675049304962158,-1.034672498703003,2.266695022583008,-1.0465222597122192
-1.9283801317214966,0.7310189604759216,1.6619783639907837,-2.673222064971924,-1.0399188995361328,2.2612316608428955,-1.025099515914917
-1.9308393001556396,0.7377222180366516,1.6598211526870728,-2.671360969543457,-1.0451750755310059,2.2556896209716797,-1.0036766529083252
-1.9332767724990845,0.7445062398910522,1.6576865911483765,-2.669466733932495,-1.0504417419433594,2.2500686645507812,-0.9822538495063782
-1.9356942176818848,0.7513723373413086,1.655577540397644,-2.667539358139038,-1.0557188987731934,2.2443671226501465,-0.9608309864997864
-1.9380899667739868,0.7583227157592773,1.6534929275512695,-2.665578842163086,-1.0610074996948242,2.23858380317688,-0.9394082427024841
-1.9404656887054443,0.7653589844703674,1.651435136795044,-2.6635849475860596,-1.0663081407546997,2.2327165603637695,-0.9179853796958923
-1.9428216218948364,0.7724825143814087,1.6494053602218628,-2.6615586280822754,-1.071621298789978,2.226764678955078,-0.8965625762939453
-1.9451572895050049,0.779696524143219,1.6474038362503052,-2.659499406814575,-1.0769481658935547,2.2207257747650146,-0.8751397132873535
-1.9474729299545288,0.7870007157325745,1.6454319953918457,-2.657407760620117,-1.0822885036468506,2.214599132537842,-0.8537169098854065
-1.9497699737548828,0.7943989038467407,1.6434917449951172,-2.6552836894989014,-1.087644100189209,2.2083823680877686,-0.8322941064834595
-1.9520469903945923,0.8018922209739685,1.6415828466415405,-2.653127431869507,-1.093015193939209,2.2020742893218994,-0.8108713030815125
-1.9543052911758423,0.8094832897186279,1.639707326889038,-2.6509389877319336,-1.098402976989746,2.195672035217285,-0.7894484996795654
-1.9565446376800537,0.8171740770339966,1.6378660202026367,-2.64871883392334,-1.1038084030151367,2.1891746520996094,-0.7680256962776184
-1.9587643146514893,0.8249672055244446,1.6360594034194946,-2.6464664936065674,-1.1092326641082764,2.182579517364502,-0.7466027736663818
-1.9609661102294922,0.8328650593757629,1.6342897415161133,-2.6441826820373535,-1.1146762371063232,2.17588472366333,-0.7251800298690796
-1.9631491899490356,0.8408704400062561,1.6325576305389404,-2.641867160797119,-1.1201410293579102,2.1690874099731445,-0.7037571668624878
-1.9653135538101196,0.8489848375320435,1.6308653354644775,-2.6395206451416016,-1.1256269216537476,2.162186861038208,-0.6823343634605408
-1.967459797859192,0.8572125434875488,1.6292119026184082,-2.6371426582336426,-1.1311362981796265,2.1551785469055176,-0.6609115600585938
-1.9695870876312256,0.8655567765235901,1.6275990009307861,-2.6347336769104004,-1.1366710662841797,2.1480603218078613,-0.6394887566566467
-1.9716960191726685,0.8740190267562866,1.6260284185409546,-2.632293701171875,-1.1422312259674072,2.1408307552337646,-0.6180658936500549
-1.9737863540649414,0.882603645324707,1.6245009899139404,-2.6298229694366455,-1.1478190422058105,2.133485794067383,-0.5966430902481079
-1.9758585691452026,0.8913150429725647,1.6230186223983765,-2.627321720123291,-1.1534361839294434,2.12602162361145,-0.5752202868461609
-1.977912187576294,0.9001548886299133,1.6215821504592896,-2.6247897148132324,-1.159084677696228,2.118436574935913,-0.5537974238395691
-1.979946494102478,0.9091281890869141,1.620192289352417,-2.622227668762207,-1.1647658348083496,2.1107265949249268,-0.5323746204376221
-1.9819624423980713,0.9182394742965698,1.6188513040542603,-2.6196351051330566,-1.17048180103302,2.1028873920440674,-0.5109518766403198
-1.9839589595794678,0.9274921417236328,1.6175596714019775,-2.6170125007629395,-1.1762340068817139,2.0949158668518066,-0.48952895402908325
-1.9859364032745361,0.9368913173675537,1.6163196563720703,-2.6143603324890137,-1.182025671005249,2.0868079662323,-0.4681061804294586
-1.987895131111145,0.946442723274231,1.6151328086853027,-2.611678123474121,-1.1878588199615479,2.0785574913024902,-0.4466833472251892
-1.9898335933685303,0.9561505317687988,1.6139997243881226,-2.608966588973999,-1.1937360763549805,2.070162057876587,-0.4252605438232422
-1.9683864116668701,0.8826451301574707,1.6004600524902344,-2.593534469604492,-1.1446850299835205,2.1295785903930664,-0.4186561107635498
-1.9445477724075317,0.8194854259490967,1.5848809480667114,-2.577822685241699,-1.0983171463012695,2.1790835857391357,-0.41205164790153503
-1.9183658361434937,0.7642809748649597,1.5671342611312866,-2.561824083328247,-1.0539286136627197,2.2209458351135254,-0.40544721484184265
-1.8898236751556396,0.7154195308685303,1.5470900535583496,-2.545531749725342,-1.0110632181167603,2.2567107677459717,-0.3988427519798279
-1.858859658241272,0.6717566251754761,1.5246111154556274,-2.5289382934570312,-0.9694087505340576,2.287487268447876,-0.3922383189201355
-1.825383186340332,0.6324536800384521,1.4995524883270264,-2.5120368003845215,-0.9287384152412415,2.314100980758667,-0.3856338858604431
-1.7892801761627197,0.5968837738037109,1.4717600345611572,-2.4948196411132812,-0.8888839483261108,2.337181329727173,-0.37902942299842834
-1.7504208087921143,0.5645718574523926,1.4410723447799683,-2.4772789478302,-0.8497162461280823,2.3572194576263428,-0.37242498993873596
-1.7086613178253174,0.5351522564888,1.4073197841644287,-2.459406852722168,-0.811131477355957,2.374608039855957,-0.3658205568790436
-1.6638531684875488,0.50834721326828,1.37033212184906,-2.441195011138916,-0.7730467319488525,2.389662265777588,-0.3592160940170288
-1.6158521175384521,0.4839465916156769,1.329945683479309,-2.422635316848755,-0.7353912591934204,2.4026386737823486,-0.3526116609573364
-1.5645214319229126,0.4617946743965149,1.2860063314437866,-2.4037182331085205,-0.698106050491333,2.4137487411499023,-0.34600719809532166
-1.5097503662109375,0.4417823851108551,1.238386631011963,-2.384434700012207,-0.6611409187316895,2.4231667518615723,-0.3394027650356293
-1.451464295387268,0.4238363206386566,1.1869962215423584,-2.3647756576538086,-0.6244484782218933,2.4310381412506104,-0.3327983319759369
-1.3896421194076538,0.407915323972702,1.1317980289459229,-2.3447301387786865,-0.5879889130592346,2.437483310699463,-0.3261938691139221
-1.3243327140808105,0.3940015435218811,1.0728249549865723,-2.3242878913879395,-0.5517229437828064,2.4426040649414062,-0.31958943605422974
-1.2556768655776978,0.38209834694862366,1.0101993083953857,-2.3034377098083496,-0.5156151056289673,2.446483612060547,-0.31298500299453735
-1.1839160919189453,0.3722212016582489,0.9441487193107605,-2.282167434692383,-0.4796305000782013,2.4491920471191406,-0.3063805401325226
-1.1094101667404175,0.36439305543899536,0.8750128746032715,-2.260465383529663,-0.4437345564365387,2.450786590576172,-0.2997761070728302
-1.0326299667358398,0.3586410880088806,0.8032435178756714,-2.2383177280426025,-0.40789422392845154,2.451313018798828,-0.29317164421081543
-0.9541536569595337,0.35498639941215515,0.7293968796730042,-2.215710401535034,-0.37207525968551636,2.450808525085449,-0.28656721115112305
-0.8746379613876343,0.35344240069389343,0.6541067957878113,-2.1926281452178955,-0.33624157309532166,2.449300527572632,-0.2799627482891083
-0.7947909235954285,0.354011595249176,0.5780555605888367,-2.1690549850463867,-0.30035683512687683,2.446810007095337,-0.2733583152294159
-0.7153286337852478,0.35668227076530457,0.5019311904907227,-2.1449735164642334,-0.264382004737854,2.443347930908203,-0.2667538821697235
-0.6369320154190063,0.36142921447753906,0.42638328671455383,-2.1203649044036865,-0.22827480733394623,2.438920259475708,-0.26014944911003113
-0.560215175151825,0.3682156503200531,0.35199055075645447,-2.0952091217041016,-0.19199149310588837,2.4335246086120605,-0.25354498624801636
-0.4856911301612854,0.37699657678604126,0.27922722697257996,-2.069484233856201,-0.15548236668109894,2.4271528720855713,-0.24694053828716278
-0.41376182436943054,0.38772279024124146,0.20845027267932892,-2.043166160583496,-0.11869345605373383,2.419788360595703,-0.2403361052274704
-0.34471267461776733,0.4003450572490692,0.1398947834968567,-2.0162291526794434,-0.08156512677669525,2.411407947540283,-0.23373165726661682
-0.2787178158760071,0.4148200750350952,0.07367664575576782,-1.9886447191238403,-0.044029973447322845,2.4019808769226074,-0.22712720930576324
-0.21585620939731598,0.4311125874519348,0.009809080511331558,-1.960381269454956,-0.006012587808072567,2.3914666175842285,-0.22052276134490967
-0.1561231166124344,0.44920143485069275,-0.0517893061041832,-1.9314043521881104,0.032574612647295,2.3798160552978516,-0.2139183133840561
-0.09945595264434814,0.46908077597618103,-0.11127020418643951,-1.9016757011413574,0.07182949036359787,2.3669686317443848,-0.2073138803243637
-0.07077192515134811,0.46261030435562134,-0.12105732411146164,-1.9130995273590088,0.07747168838977814,2.371281385421753,-0.2189006209373474
-0.041498418897390366,0.4568222463130951,-0.13128410279750824,-1.9234623908996582,0.08334897458553314,2.3751347064971924,-0.2304873764514923
-0.011694492772221565,0.4517176151275635,-0.14190669357776642,-1.932770848274231,0.08944464474916458,2.3785324096679688,-0.242074117064476
0.01857415772974491,0.44729965925216675,-0.1528758406639099,-1.9410299062728882,0.0957426205277443,2.381479263305664,-0.2536608576774597
0.049235787242650986,0.443569153547287,-0.16413739323616028,-1.9482442140579224,0.10222550481557846,2.3839776515960693,-0.2652476131916046
0.08021567761898041,0.44052642583847046,-0.1756354421377182,-1.9544180631637573,0.10887667536735535,2.386030673980713,-0.2768343687057495
0.11143051832914352,0.4381748139858246,-0.18730631470680237,-1.9595537185668945,0.1156776025891304,2.387641668319702,-0.288421094417572
0.14279796183109283,0.43651115894317627,-0.19908826053142548,-1.963653564453125,0.12261061370372772,2.3888111114501953,-0.3000078499317169
0.17423033714294434,0.43553626537323,-0.2109149694442749,-1.9667192697525024,0.12965722382068634,2.3895416259765625,-0.3115946054458618
0.20564116537570953,0.4352479577064514,-0.2227218747138977,-1.9687530994415283,0.13679981231689453,2.3898351192474365,-0.3231813609600067
0.23694244027137756,0.4356432259082794,-0.23444350063800812,-1.9697554111480713,0.14401938021183014,2.3896920680999756,-0.3347680866718292
0.268047958612442,0.43671905994415283,-0.2460165023803711,-1.9697269201278687,0.15129807591438293,2.3891139030456543,-0.3463548421859741
0.29887548089027405,0.4384702444076538,-0.2573816776275635,-1.968668818473816,0.15861761569976807,2.388101100921631,-0.357941597700119
0.32934391498565674,0.4408921003341675,-0.2684812843799591,-1.9665806293487549,0.16596004366874695,2.386654853820801,-0.36952832341194153
0.35937926173210144,0.4439787268638611,-0.2792644798755646,-1.9634623527526855,0.1733086258172989,2.3847756385803223,-0.3811150789260864
0.38891303539276123,0.44772347807884216,-0.28968626260757446,-1.9593133926391602,0.18064698576927185,2.3824622631073,-0.39270180463790894
0.41787874698638916,0.4521198570728302,-0.29970407485961914,-1.954132318496704,0.18795707821846008,2.379715919494629,-0.40428856015205383
0.446222186088562,0.4571594297885895,-0.309283584356308,-1.9479185342788696,0.19522513449192047,2.376534938812256,-0.41587531566619873
0.47389286756515503,0.46283650398254395,-0.3183984160423279,-1.9406695365905762,0.20243597030639648,2.3729193210601807,-0.42746207118034363
0.5008471608161926,0.46914243698120117,-0.3270268738269806,-1.9323824644088745,0.20957572758197784,2.3688669204711914,-0.4390488266944885
0.5270489454269409,0.47607216238975525,-0.3351540267467499,-1.9230533838272095,0.21663255989551544,2.36437726020813,-0.45063555240631104
0.5524686574935913,0.48361799120903015,-0.3427712619304657,-1.9126783609390259,0.22359488904476166,2.3594467639923096,-0.46222230792045593
0.5770837664604187,0.491774320602417,-0.3498762249946594,-1.901252031326294,0.23045234382152557,2.354074001312256,-0.47380906343460083
0.6008763313293457,0.5005369782447815,-0.35647088289260864,-1.8887670040130615,0.23719646036624908,2.348254442214966,-0.48539578914642334
0.6238345503807068,0.5099013447761536,-0.36256250739097595,-1.87521493434906,0.24381951987743378,2.341984272003174,-0.49698254466056824
0.6459522843360901,0.5198652744293213,-0.3681636452674866,-1.8605856895446777,0.2503165006637573,2.3352584838867188,-0.5085693001747131
0.6672257781028748,0.5304279923439026,-0.3732888400554657,-1.8448671102523804,0.25668254494667053,2.328071117401123,-0.5201560258865356
0.6876578330993652,0.5415902137756348,-0.37795907258987427,-1.8280441761016846,0.2629156708717346,2.3204145431518555,-0.5317428112030029
0.7072529196739197,0.5533539056777954,-0.3821962773799896,-1.8101001977920532,0.2690160572528839,2.3122799396514893,-0.5433295369148254
0.7260186076164246,0.565724790096283,-0.3860262334346771,-1.7910137176513672,0.2749844789505005,2.3036575317382812,-0.554916262626648
0.7439661026000977,0.5787101984024048,-0.38947823643684387,-1.7707611322402954,0.2808261513710022,2.294534921646118,-0.5665030479431152
0.7611067295074463,0.5923201441764832,-0.39258185029029846,-1.749313473701477,0.2865464985370636,2.284897804260254,-0.5780897736549377
0.7774547934532166,0.6065691709518433,-0.3953711688518524,-1.7266367673873901,0.2921556234359741,2.2747302055358887,-0.5896764993667603
0.7930253744125366,0.621475100517273,-0.3978821933269501,-1.7026917934417725,0.29766571521759033,2.264011859893799,-0.6012632250785828
0.8078352212905884,0.6370598077774048,-0.4001542627811432,-1.6774314641952515,0.30309346318244934,2.2527194023132324,-0.61285001039505
0.821900486946106,0.6533510088920593,-0.40222910046577454,-1.650801181793213,0.30845946073532104,2.240826368331909,-0.6244367361068726
0.8352400064468384,0.6703827381134033,-0.40415459871292114,-1.6227359771728516,0.3137902021408081,2.228299379348755,-0.6360234618186951
0.8478699326515198,0.6881968379020691,-0.4059806168079376,-1.59315824508667,0.31911733746528625,2.2151010036468506,-0.6476102471351624
0.7995436191558838,0.6640496850013733,-0.33913782238960266,-1.6133697032928467,0.2628270089626312,2.2321643829345703,-0.615587055683136
0.7495335936546326,0.6428384780883789,-0.27227404713630676,-1.6327749490737915,0.20819701254367828,2.247021436691284,-0.5835638642311096
0.6979232430458069,0.6243975162506104,-0.2052164524793625,-1.651408076286316,0.15496525168418884,2.2598586082458496,-0.5515406131744385
0.6448315978050232,0.60860276222229,-0.13787096738815308,-1.669299840927124,0.10291650891304016,2.270822286605835,-0.5195174217224121
0.5904122591018677,0.5953618288040161,-0.0702110081911087,-1.686478614807129,0.05186745524406433,2.2800302505493164,-0.48749423027038574
0.5348572731018066,0.5846061110496521,-0.0022734706290066242,-1.7029706239700317,0.0016639642417430878,2.2875750064849854,-0.4554710388183594
0.47839224338531494,0.5762854814529419,0.06585193425416946,-1.7188010215759277,-0.04782871901988983,2.293527603149414,-0.4234478175640106
0.42127373814582825,0.5703633427619934,0.13402867317199707,-1.7339918613433838,-0.09672899544239044,2.297941207885742,-0.39142462611198425
0.36378639936447144,0.5668157339096069,0.20208273828029633,-1.7485642433166504,-0.1451413482427597,2.3008522987365723,-0.3594014346599579
0.3062285780906677,0.5656245350837708,0.26981163024902344,-1.7625389099121094,-0.19316163659095764,2.3022820949554443,-0.32737821340560913
0.24890705943107605,0.5667807459831238,0.3370022177696228,-1.7759342193603516,-0.24087993800640106,2.3022375106811523,-0.29535502195358276
0.19212529063224792,0.5702804327011108,0.4034386873245239,-1.7887686491012573,-0.2883793115615845,2.300710678100586,-0.2633318305015564
0.13617463409900665,0.5761293768882751,0.4689141511917114,-1.8010591268539429,-0.3357428312301636,2.297678232192993,-0.23130862414836884
0.19662825763225555,0.5675753355026245,0.4094659090042114,-1.7950297594070435,-0.29183292388916016,2.302713632583618,-0.26150670647621155
0.25792449712753296,0.5610736012458801,0.34922417998313904,-1.7884868383407593,-0.2481016218662262,2.3064072132110596,-0.29170477390289307
0.31984686851501465,0.5565974712371826,0.28833529353141785,-1.7814247608184814,-0.20448143780231476,2.3088021278381348,-0.321902871131897
0.3821603059768677,0.5541268587112427,0.22696615755558014,-1.7738374471664429,-0.16090832650661469,2.3099300861358643,-0.3521009385585785
0.44462063908576965,0.5536465048789978,0.16529159247875214,-1.7657191753387451,-0.11731742322444916,2.309812068939209,-0.3822990357875824
0.506980299949646,0.5551467537879944,0.10349363833665848,-1.7570626735687256,-0.07364492863416672,2.308458089828491,-0.4124971032142639
0.5689921975135803,0.5586212873458862,0.04174740985035896,-1.747861623764038,-0.02982555516064167,2.3058698177337646,-0.44269517064094543
0.6304227709770203,0.5640673637390137,-0.019786236807703972,-1.738108515739441,0.014211144298315048,2.302037239074707,-0.47289323806762695
0.6910547018051147,0.5714898705482483,-0.08096691966056824,-1.727795958518982,0.05853770300745964,2.296942949295044,-0.5030913352966309
0.750691831111908,0.5808979272842407,-0.14168092608451843,-1.7169151306152344,0.10323482751846313,2.290555477142334,-0.5332894325256348
0.8091637492179871,0.5923101305961609,-0.20184721052646637,-1.7054576873779297,0.14838916063308716,2.282835006713867,-0.5634874701499939
0.8663278818130493,0.6057565212249756,-0.2614222764968872,-1.693413496017456,0.19409894943237305,2.27372670173645,-0.5936855673789978
0.9220694899559021,0.6212782859802246,-0.32040148973464966,-1.6807727813720703,0.24047425389289856,2.2631630897521973,-0.6238836050033569
0.9763026833534241,0.6389373540878296,-0.3788244426250458,-1.6675236225128174,0.2876424193382263,2.251058340072632,-0.6540817022323608
1.0289649963378906,0.6588146686553955,-0.4367723762989044,-1.6536539793014526,0.3357487916946411,2.2373087406158447,-0.6842797994613647
1.0800187587738037,0.6810206174850464,-0.4943755865097046,-1.6391499042510986,0.38496723771095276,2.221784830093384,-0.7144778966903687
1.1294466257095337,0.7056984901428223,-0.551816463470459,-1.6239970922470093,0.435504287481308,2.2043280601501465,-0.7446759939193726
1.1772446632385254,0.7330381870269775,-0.6093314290046692,-1.6081781387329102,0.487610787153244,2.1847426891326904,-0.7748740911483765
1.2234270572662354,0.7632853984832764,-0.667231023311615,-1.5916755199432373,0.5415986776351929,2.16278076171875,-0.8050721287727356
1.2680115699768066,0.7967677116394043,-0.7259061932563782,-1.5744688510894775,0.5978604555130005,2.1381301879882812,-0.8352702260017395
1.3110229969024658,0.833919882774353,-0.7858629822731018,-1.556535005569458,0.6569067239761353,2.110384225845337,-0.8654682636260986
1.3524842262268066,0.8753347992897034,-0.8477665185928345,-1.537848711013794,0.7194185853004456,2.0790021419525146,-0.8956663608551025
1.3427101373672485,0.8781962990760803,-0.8428710699081421,-1.5283751487731934,0.7165256142616272,2.076568365097046,-0.9177901744842529
1.3329824209213257,0.8811741471290588,-0.8380562663078308,-1.5187790393829346,0.713710606098175,2.074045181274414,-0.9399140477180481
1.3233035802841187,0.8842700719833374,-0.8333268761634827,-1.5090575218200684,0.7109763026237488,2.0714306831359863,-0.9620378613471985
1.3136738538742065,0.8874854445457458,-0.8286858797073364,-1.4992070198059082,0.7083260416984558,2.06872296333313,-0.9841617345809937
1.304093599319458,0.890821635723114,-0.8241356015205383,-1.489224910736084,0.7057601809501648,2.0659210681915283,-1.006285548210144
1.294562578201294,0.8942795991897583,-0.8196784257888794,-1.47910737991333,0.7032819390296936,2.0630240440368652,-1.0284093618392944
1.2850821018218994,0.8978620171546936,-0.8153188228607178,-1.468851089477539,0.7008943557739258,2.060029983520508,-1.0505332946777344
1.2756515741348267,0.9015700817108154,-0.811058759689331,-1.4584519863128662,0.6985998153686523,2.0569372177124023,-1.0726571083068848
1.2662711143493652,0.9054059386253357,-0.8069019913673401,-1.4479060173034668,0.6964012384414673,2.053744316101074,-1.0947809219360352
1.2569419145584106,0.9093725085258484,-0.8028536438941956,-1.4372093677520752,0.694302499294281,2.050448179244995,-1.1169047355651855
1.2476638555526733,0.9134706854820251,-0.7989163398742676,-1.426356554031372,0.6923068761825562,2.0470480918884277,-1.139028549194336
1.2384371757507324,0.9177044034004211,-0.7950955629348755,-1.4153437614440918,0.6904183030128479,2.0435402393341064,-1.1611523628234863
1.2292649745941162,0.922078013420105,-0.7913998365402222,-1.404165267944336,0.6886465549468994,2.039921522140503,-1.1832762956619263
1.2201409339904785,0.9265910387039185,-0.7878249883651733,-1.392815351486206,0.6869857907295227,2.0361921787261963,-1.2054001092910767
1.211068868637085,0.9312482476234436,-0.7843812704086304,-1.381289005279541,0.6854467988014221,2.0323472023010254,-1.227523922920227
1.202048659324646,0.9360541105270386,-0.7810750007629395,-1.3695790767669678,0.6840350031852722,2.028383731842041,-1.2496477365493774
1.1930805444717407,0.9410126209259033,-0.777912974357605,-1.3576793670654297,0.6827579140663147,2.0242974758148193,-1.2717715501785278
1.184165596961975,0.9461289048194885,-0.7749035954475403,-1.3455822467803955,0.6816222667694092,2.0200841426849365,-1.2938954830169678
1.1753013134002686,0.9514057636260986,-0.772050142288208,-1.333280324935913,0.6806328892707825,2.0157418251037598,-1.3160192966461182
1.166489839553833,0.9568507671356201,-0.7693653702735901,-1.3207650184631348,0.679801344871521,2.011263370513916,-1.3381431102752686
1.157729983329773,0.9624685645103455,-0.7668564319610596,-1.308027982711792,0.679134726524353,2.006645441055298,-1.360266923904419
1.1490223407745361,0.9682666659355164,-0.7645346522331238,-1.295058012008667,0.678645133972168,2.001880645751953,-1.3823908567428589
1.1403660774230957,0.9742506742477417,-0.7624101042747498,-1.281846523284912,0.6783415675163269,1.9969650506973267,-1.4045146703720093
1.131762146949768,0.9804307222366333,-0.7604982256889343,-1.2683796882629395,0.6782408356666565,1.991889238357544,-1.4266384840011597
1.1232093572616577,0.9868125319480896,-0.7588093280792236,-1.2546477317810059,0.6783518195152283,1.9866489171981812,-1.44876229763031
1.1147077083587646,0.9934081435203552,-0.7573619484901428,-1.2406349182128906,0.6786951422691345,1.9812333583831787,-1.4708861112594604
1.1062569618225098,1.0002272129058838,-0.7561726570129395,-1.2263262271881104,0.679286003112793,1.9756348133087158,-1.4930100440979004
1.0978567600250244,1.0072821378707886,-0.7552616000175476,-1.2117066383361816,0.6801456809043884,1.9698426723480225,-1.5151338577270508
1.0895073413848877,1.014585018157959,-0.7546518445014954,-1.1967577934265137,0.6812968850135803,1.96384596824646,-1.5372576713562012
1.0812114477157593,1.0221498012542725,-0.7543721795082092,-1.1814582347869873,0.6827657222747803,1.9576317071914673,-1.5593814849853516
1.072963833808899,1.0299943685531616,-0.7544469237327576,-1.1657867431640625,0.6845833659172058,1.9511862993240356,-1.581505298614502
1.0647618770599365,1.0381423234939575,-0.7549118995666504,-1.1497173309326172,0.6867855191230774,1.9444918632507324,-1.6036291122436523
1.0566082000732422,1.0466115474700928,-0.7558072805404663,-1.133223056793213,0.689411461353302,1.9375314712524414,-1.6257530450820923
1.0485012531280518,1.0554289817810059,-0.7571801543235779,-1.1162705421447754,0.6925092935562134,1.9302833080291748,-1.6478768587112427
1.0404410362243652,1.0646213293075562,-0.7590844631195068,-1.0988249778747559,0.6961343288421631,1.922723412513733,-1.670000672340393
1.032427430152893,1.0742249488830566,-0.7615890502929688,-1.0808439254760742,0.7003566026687622,1.9148212671279907,-1.692124605178833
1.02445650100708,1.0842773914337158,-0.764766275882721,-1.0622797012329102,0.7052505016326904,1.906546711921692,-1.7142482995986938
1.0165300369262695,1.0948264598846436,-0.7687157392501831,-1.0430774688720703,0.7109171748161316,1.8978581428527832,-1.7363722324371338
1.0086448192596436,1.1059300899505615,-0.7735539674758911,-1.023169994354248,0.7174769043922424,1.8887068033218384,-1.7584959268569946
1.0007989406585693,1.1176568269729614,-0.7794251441955566,-1.002481460571289,0.7250755429267883,1.8790372610092163,-1.7806198596954346
0.9929893016815186,1.1300902366638184,-0.7865111827850342,-0.9809165000915527,0.733900249004364,1.8687783479690552,-1.802743673324585
0.9852161407470703,1.1433392763137817,-0.7950562834739685,-0.9583616256713867,0.7441982626914978,1.857837200164795,-1.8248674869537354
0.977472186088562,1.157540202140808,-0.8053677082061768,-0.9346733093261719,0.7562862634658813,1.846102237701416,-1.8469914197921753
0.9697535634040833,1.172871470451355,-0.8178684711456299,-0.9096717834472656,0.7705941200256348,1.8334236145019531,-1.8691152334213257
0.9620547890663147,1.1895807981491089,-0.8331567645072937,-0.883120059967041,0.7877315282821655,1.819593906402588,-1.891239047050476
0.9543682336807251,1.2080272436141968,-0.8521203398704529,-0.854701042175293,0.808603823184967,1.8043115139007568,-1.9133628606796265
0.9466748833656311,1.2286920547485352,-0.8760325908660889,-0.823969841003418,0.8345094919204712,1.787178874015808,-1.9354866743087769
0.9389594793319702,1.25239896774292,-0.9071002006530762,-0.7902698516845703,0.8676934242248535,1.7675046920776367,-1.9576104879379272
0.9311842322349548,1.2805671691894531,-0.9492891430854797,-0.7525510787963867,0.9121935367584229,1.7441058158874512,-1.9797344207763672
0.9232724905014038,1.316081166267395,-1.0110132694244385,-0.7089424133300781,0.9765666127204895,1.71457839012146,-2.0018582344055176
0.9150393009185791,1.3667198419570923,-1.116079568862915,-0.6554021835327148,1.0850059986114502,1.6724321842193604,-2.023982048034668
