1.4183192253112793,0.08036058396100998,-1.4247260093688965,-2.590095043182373,0.15379320085048676,2.596566915512085,-2.4939239025115967
1.4103463888168335,0.08501529693603516,-1.4147731065750122,-2.5880465507507324,0.16220630705356598,2.5954413414001465,-2.4744794368743896
1.403352975845337,0.08969584852457047,-1.4058167934417725,-2.5859832763671875,0.17061738669872284,2.5942747592926025,-2.4550349712371826
1.397187352180481,0.09440100938081741,-1.3977057933807373,-2.58390474319458,0.1790262758731842,2.5930678844451904,-2.4355902671813965
1.3917431831359863,0.09913040697574615,-1.390333652496338,-2.58181095123291,0.18743371963500977,2.591820001602173,-2.4161458015441895
1.3869307041168213,0.10388369858264923,-1.383610725402832,-2.579702377319336,0.195839524269104,2.5905301570892334,-2.3967013359069824
1.382657766342163,0.10866227746009827,-1.3774453401565552,-2.5775790214538574,0.204244002699852,2.589200019836426,-2.3772568702697754
1.37887704372406,0.1134672686457634,-1.3717905282974243,-2.5754404067993164,0.21264715492725372,2.587827205657959,-2.3578124046325684
1.3755183219909668,0.11829555779695511,-1.3665761947631836,-2.57328724861145,0.22104902565479279,2.5864129066467285,-2.3383677005767822
1.372544765472412,0.12314985692501068,-1.3617653846740723,-2.5711188316345215,0.22945046424865723,2.5849556922912598,-2.318923234939575
1.369913935661316,0.12803155183792114,-1.3573161363601685,-2.5689358711242676,0.2378513664007187,2.5834555625915527,-2.299478769302368
1.3675868511199951,0.1329381912946701,-1.3531895875930786,-2.5667381286621094,0.2462518960237503,2.5819125175476074,-2.280034303665161
1.3655353784561157,0.13787373900413513,-1.349358320236206,-2.5645253658294678,0.2546519637107849,2.5803260803222656,-2.260589838027954
1.3637330532073975,0.1428348869085312,-1.3457953929901123,-2.562297821044922,0.2630520761013031,2.578695774078369,-2.241145133972168
1.3621578216552734,0.14782409369945526,-1.3424797058105469,-2.5600552558898926,0.27145272493362427,2.5770208835601807,-2.221700668334961
1.3607900142669678,0.15284380316734314,-1.3393908739089966,-2.557798385620117,0.279853880405426,2.5753014087677,-2.202256202697754
1.3596105575561523,0.1578924059867859,-1.336511254310608,-2.5555264949798584,0.2882559597492218,2.5735366344451904,-2.182811737060547
1.3586074113845825,0.1629706472158432,-1.333828091621399,-2.5532402992248535,0.2966589629650116,2.571726083755493,-2.16336727142334
1.3577600717544556,0.16807956993579865,-1.3313215970993042,-2.5509390830993652,0.3050629198551178,2.5698697566986084,-2.1439225673675537
1.3570616245269775,0.17322108149528503,-1.3289848566055298,-2.5486233234405518,0.3134688138961792,2.5679664611816406,-2.1244781017303467
1.356497049331665,0.17839355766773224,-1.3268033266067505,-2.546293258666992,0.3218764066696167,2.566016674041748,-2.1050336360931396
1.3560574054718018,0.18360039591789246,-1.3247684240341187,-2.543948173522949,0.3302861750125885,2.564019203186035,-2.0855891704559326
1.3557376861572266,0.18884016573429108,-1.3228752613067627,-2.54158878326416,0.33869850635528564,2.5619730949401855,-2.0661447048187256
1.3555262088775635,0.19411568343639374,-1.3211121559143066,-2.539214849472046,0.34711337089538574,2.5598785877227783,-2.0467002391815186
1.3554143905639648,0.19942574203014374,-1.3194714784622192,-2.5368263721466064,0.35553109645843506,2.557734727859497,-2.0272555351257324
1.3553991317749023,0.20477226376533508,-1.317949652671814,-2.534423589706421,0.36395224928855896,2.5555410385131836,-2.0078110694885254
1.3554725646972656,0.21015603840351105,-1.3165395259857178,-2.53200626373291,0.37237751483917236,2.5532965660095215,-1.9883666038513184
1.3556281328201294,0.2155783772468567,-1.315234661102295,-2.529574394226074,0.38080596923828125,2.5510010719299316,-1.9689220190048218
1.3558635711669922,0.22103938460350037,-1.3140333890914917,-2.5271284580230713,0.3892393112182617,2.5486536026000977,-1.9494775533676147
1.356170415878296,0.2265406847000122,-1.3129271268844604,-2.524667978286743,0.39767757058143616,2.5462539196014404,-1.9300330877304077
1.356547474861145,0.23208297789096832,-1.311915397644043,-2.522193193435669,0.40612056851387024,2.5438008308410645,-1.9105885028839111
1.3569893836975098,0.23766741156578064,-1.3109930753707886,-2.5197038650512695,0.4145694673061371,2.5412938594818115,-1.891144037246704
1.357492208480835,0.24329429864883423,-1.3101561069488525,-2.5172007083892822,0.4230234920978546,2.5387322902679443,-1.8716994524002075
1.3580561876296997,0.2489657998085022,-1.30940580368042,-2.514683246612549,0.4314844608306885,2.5361149311065674,-1.8522549867630005
1.3586746454238892,0.2546820044517517,-1.3087352514266968,-2.5121514797210693,0.4399515986442566,2.5334415435791016,-1.832810401916504
1.3593451976776123,0.26044467091560364,-1.3081426620483398,-2.5096054077148438,0.44842618703842163,2.5307106971740723,-1.8133659362792969
1.360066533088684,0.2662549912929535,-1.3076270818710327,-2.507045269012451,0.45690855383872986,2.5279219150543213,-1.7939214706420898
1.3608356714248657,0.2721133828163147,-1.3071858882904053,-2.5044710636138916,0.46539855003356934,2.525073766708374,-1.7744770050048828
1.3616492748260498,0.27802178263664246,-1.3068158626556396,-2.501882791519165,0.47389712929725647,2.5221662521362305,-1.7550324201583862
1.3625085353851318,0.2839812636375427,-1.3065190315246582,-2.4992804527282715,0.482404500246048,2.519197463989258,-1.7355879545211792
1.3634048700332642,0.2899928092956543,-1.3062870502471924,-2.496664047241211,0.4909217655658722,2.516167402267456,-1.7161433696746826
1.3643434047698975,0.29605770111083984,-1.3061251640319824,-2.4940333366394043,0.4994487762451172,2.5130739212036133,-1.6966989040374756
1.3653194904327393,0.30217742919921875,-1.3060295581817627,-2.491389274597168,0.5079860091209412,2.5099165439605713,-1.677254319190979
1.366330862045288,0.3083535432815552,-1.3059982061386108,-2.4887309074401855,0.5165348052978516,2.5066945552825928,-1.657809853553772
1.3673783540725708,0.3145875036716461,-1.306032419204712,-2.4860587120056152,0.5250951647758484,2.5034055709838867,-1.6383652687072754
1.3684567213058472,0.32087987661361694,-1.3061273097991943,-2.483372449874878,0.5336674451828003,2.5000500679016113,-1.618920922279358
1.369567632675171,0.32723352313041687,-1.3062851428985596,-2.4806723594665527,0.5422532558441162,2.4966254234313965,-1.5994763374328613
1.3707095384597778,0.33364883065223694,-1.3065049648284912,-2.4779584407806396,0.5508522391319275,2.493130922317505,-1.5800318717956543
1.3718796968460083,0.34012752771377563,-1.3067842721939087,-2.4752309322357178,0.559464693069458,2.489565849304199,-1.5605872869491577
1.3730791807174683,0.346671998500824,-1.3071247339248657,-2.472489356994629,0.5680931210517883,2.4859273433685303,-1.5411428213119507
1.3743048906326294,0.35328373312950134,-1.3075239658355713,-2.4697341918945312,0.5767368078231812,2.482215166091919,-1.521698236465454
1.3755570650100708,0.3599638044834137,-1.3079824447631836,-2.466965436935425,0.5853963494300842,2.4784276485443115,-1.502253770828247
1.376833438873291,0.3667139410972595,-1.3084988594055176,-2.4641828536987305,0.5940731167793274,2.4745633602142334,-1.4828091859817505
1.3781354427337646,0.3735373020172119,-1.309074878692627,-2.4613866806030273,0.6027675867080688,2.4706199169158936,-1.4633647203445435
1.3794586658477783,0.3804342746734619,-1.3097068071365356,-2.4585766792297363,0.6114808320999146,2.466597080230713,-1.4439202547073364
1.380805253982544,0.38740816712379456,-1.3103976249694824,-2.4557533264160156,0.6202136278152466,2.462491989135742,-1.4244756698608398
1.3821730613708496,0.394459992647171,-1.3111467361450195,-2.452916145324707,0.6289666295051575,2.458303451538086,-1.4050312042236328
1.3835610151290894,0.40159207582473755,-1.3119515180587769,-2.4500656127929688,0.6377406120300293,2.4540295600891113,-1.3855867385864258
1.3849694728851318,0.4088073670864105,-1.3128142356872559,-2.4472014904022217,0.646537184715271,2.4496681690216064,-1.3661422729492188
1.3863976001739502,0.4161069691181183,-1.313734769821167,-2.444324016571045,0.6553563475608826,2.4452176094055176,-1.3466976881027222
1.387843370437622,0.4234946072101593,-1.3147119283676147,-2.4414327144622803,0.6642005443572998,2.4406754970550537,-1.3272532224655151
1.389308214187622,0.430971622467041,-1.3157479763031006,-2.438528060913086,0.6730695962905884,2.436039686203003,-1.3078086376190186
1.390789270401001,0.4385409951210022,-1.3168407678604126,-2.435610055923462,0.681965172290802,2.4313082695007324,-1.2883641719818115
1.3922866582870483,0.4462045133113861,-1.3179912567138672,-2.4326791763305664,0.6908876895904541,2.4264798164367676,-1.268919587135315
1.3938003778457642,0.45396649837493896,-1.3192003965377808,-2.429734230041504,0.6998396515846252,2.4215497970581055,-1.249475121498108
1.395329475402832,0.46182888746261597,-1.3204683065414429,-2.426776170730591,0.7088212966918945,2.4165172576904297,-1.2300305366516113
1.3968744277954102,0.46979498863220215,-1.3217960596084595,-2.423804759979248,0.71783447265625,2.4113783836364746,-1.2105860710144043
1.398431658744812,0.477867066860199,-1.3231812715530396,-2.4208202362060547,0.7268798351287842,2.406132698059082,-1.1911414861679077
1.4000012874603271,0.48604679107666016,-1.3246251344680786,-2.41782283782959,0.7359564900398254,2.4007771015167236,-1.1716970205307007
1.4015856981277466,0.4943421483039856,-1.3261315822601318,-2.414811611175537,0.7450716495513916,2.3953051567077637,-1.1522525548934937
1.4031810760498047,0.5027530193328857,-1.3276973962783813,-2.411787509918213,0.7542227506637573,2.3897175788879395,-1.132807970046997
1.4047906398773193,0.5112851858139038,-1.329326868057251,-2.408750057220459,0.7634137272834778,2.3840084075927734,-1.11336350440979
1.4064106941223145,0.5199413299560547,-1.3310184478759766,-2.4056994915008545,0.7726448774337769,2.3781752586364746,-1.0939189195632935
1.4080414772033691,0.5287254452705383,-1.332772970199585,-2.4026358127593994,0.7819183468818665,2.3722152709960938,-1.074474573135376
1.4096828699111938,0.5376418232917786,-1.3345918655395508,-2.3995590209960938,0.7912362217903137,2.366123676300049,-1.0550299882888794
1.4113337993621826,0.5466952323913574,-1.3364754915237427,-2.3964691162109375,0.8005998730659485,2.3598971366882324,-1.0355855226516724
1.4129931926727295,0.5558899641036987,-1.338424801826477,-2.3933658599853516,0.8100122213363647,2.3535313606262207,-1.0161409378051758
1.41466224193573,0.5652306079864502,-1.3404420614242554,-2.3902502059936523,0.8194751739501953,2.347022294998169,-0.9966964721679688
1.4163382053375244,0.574722409248352,-1.3425266742706299,-2.3871212005615234,0.8289902210235596,2.340365171432495,-0.9772519469261169
1.41802179813385,0.5843703150749207,-1.3446807861328125,-2.383979320526123,0.8385600447654724,2.3335556983947754,-0.9578074216842651
1.4197142124176025,0.5941823124885559,-1.3469079732894897,-2.380824327468872,0.8481895327568054,2.3265864849090576,-0.9383628964424133
1.4214112758636475,0.6041612029075623,-1.3492058515548706,-2.3776564598083496,0.8578789234161377,2.31945538520813,-0.9189183712005615
1.4231139421463013,0.6143145561218262,-1.3515777587890625,-2.3744757175445557,0.8676315546035767,2.312155246734619,-0.8994738459587097
1.4248231649398804,0.6246501207351685,-1.3540267944335938,-2.3712821006774902,0.8774516582489014,2.3046791553497314,-0.8800293207168579
1.4265358448028564,0.6351731419563293,-1.356552243232727,-2.3680756092071533,0.8873412609100342,2.297022581100464,-0.8605847954750061
1.4282526969909668,0.6458920836448669,-1.3591578006744385,-2.364856243133545,0.8973044753074646,2.289177894592285,-0.8411403298377991
1.429972529411316,0.656814694404602,-1.361844539642334,-2.361624002456665,0.9073451161384583,2.2811381816864014,-0.8216958045959473
1.4316956996917725,0.6679494380950928,-1.3646159172058105,-2.3583791255950928,0.9174672961235046,2.272895336151123,-0.8022512793540955
1.4334200620651245,0.6793054342269897,-1.3674737215042114,-2.355121374130249,0.9276751279830933,2.264441728591919,-0.7828067541122437
1.4351446628570557,0.690891683101654,-1.3704195022583008,-2.351850986480713,0.9379724860191345,2.2557692527770996,-0.7633623480796814
1.4368705749511719,0.7027195692062378,-1.3734586238861084,-2.348567485809326,0.9483655691146851,2.2468671798706055,-0.7439178228378296
1.4385961294174194,0.7147994637489319,-1.376592755317688,-2.345271587371826,0.9588594436645508,2.2377264499664307,-0.7244732975959778
1.4403190612792969,0.7271429300308228,-1.3798246383666992,-2.3419628143310547,0.9694594144821167,2.228336811065674,-0.705028772354126
1.442040205001831,0.7397632598876953,-1.3831590414047241,-2.33864164352417,0.9801719188690186,2.218686103820801,-0.6855842471122742
1.4437577724456787,0.7526734471321106,-1.3865994215011597,-2.3353075981140137,0.9910034537315369,2.2087628841400146,-0.6661397218704224
1.445469856262207,0.7658894062042236,-1.3901500701904297,-2.331960678100586,1.0019619464874268,2.1985528469085693,-0.6466952562332153
1.4471768140792847,0.779426097869873,-1.3938159942626953,-2.328601360321045,1.013054370880127,2.1880416870117188,-0.6272506713867188
1.4488766193389893,0.7933021187782288,-1.3976023197174072,-2.3252296447753906,1.0242903232574463,2.177213668823242,-0.6078062057495117
1.4505668878555298,0.8075340986251831,-1.4015134572982788,-2.321845293045044,1.0356781482696533,2.1660537719726562,-0.5883616805076599
1.4522475004196167,0.8221464157104492,-1.4055577516555786,-2.3184478282928467,1.0472303628921509,2.1545395851135254,-0.5689171552658081
1.4539169073104858,0.8371601700782776,-1.4097415208816528,-2.3150382041931152,1.0589573383331299,2.1426525115966797,-0.5494726300239563
1.455572247505188,0.8526010513305664,-1.4140716791152954,-2.3116159439086914,1.0708718299865723,2.1303696632385254,-0.5300281047821045
1.4572118520736694,0.8684965372085571,-1.4185575246810913,-2.3081812858581543,1.0829887390136719,2.1176657676696777,-0.5105835795402527
1.4588329792022705,0.8848777413368225,-1.4232076406478882,-2.304734230041504,1.0953234434127808,2.104513645172119,-0.49113908410072327
1.4604343175888062,0.9017813205718994,-1.428034782409668,-2.301274299621582,1.1078946590423584,2.0908801555633545,-0.4716945290565491
1.4620118141174316,0.9192440509796143,-1.4330493211746216,-2.297801971435547,1.1207224130630493,2.0767319202423096,-0.4522501528263092
1.463562250137329,0.9373113512992859,-1.438265323638916,-2.2943172454833984,1.1338294744491577,2.0620291233062744,-0.4328056275844574
1.4650824069976807,0.9560347199440002,-1.443699836730957,-2.2908201217651367,1.1472437381744385,2.046724796295166,-0.413361132144928
1.4665672779083252,0.9754701852798462,-1.44937002658844,-2.2873106002807617,1.1609941720962524,2.0307698249816895,-0.3939165771007538
1.4680120944976807,0.9956854581832886,-1.455297589302063,-2.2837886810302734,1.1751172542572021,2.0141029357910156,-0.374472051858902
1.4694108963012695,1.0167614221572876,-1.4615082740783691,-2.280254364013672,1.1896570920944214,1.9966527223587036,-0.35502752661705017
1.4707564115524292,1.0387897491455078,-1.468031644821167,-2.276707172393799,1.2046618461608887,1.9783366918563843,-0.33558303117752075
1.4720443487167358,1.061882734298706,-1.474906086921692,-2.2731480598449707,1.2201926708221436,1.9590563774108887,-0.31613850593566895
1.4732561111450195,1.0861735343933105,-1.4821707010269165,-2.269576072692871,1.2363231182098389,1.9386911392211914,-0.29669398069381714
1.470154047012329,1.00996994972229,-1.4550169706344604,-2.271641492843628,1.1831600666046143,2.001774549484253,-0.2647218406200409
1.4656987190246582,0.9445390701293945,-1.430074691772461,-2.2735047340393066,1.134732961654663,2.0550146102905273,-0.23274971544742584
1.460052728652954,0.8869791626930237,-1.4064748287200928,-2.2751622200012207,1.0895870923995972,2.1010141372680664,-0.2007775902748108
1.4532874822616577,0.8355006575584412,-1.3836688995361328,-2.276610851287842,1.0468502044677734,2.1413862705230713,-0.16880545020103455
1.4454237222671509,0.788904070854187,-1.3612720966339111,-2.2778477668762207,1.0059542655944824,2.177215337753296,-0.1368333250284195
1.436450719833374,0.7463402152061462,-1.338991403579712,-2.278869390487671,0.9665060639381409,2.209273338317871,-0.10486119985580444
1.4263331890106201,0.7071780562400818,-1.3165862560272217,-2.279672861099243,0.9282195568084717,2.2381370067596436,-0.0728890523314476
1.4150196313858032,0.6709374785423279,-1.2938494682312012,-2.280254602432251,0.890881359577179,2.264246702194214,-0.04091692715883255
1.402441143989563,0.6372406482696533,-1.2705910205841064,-2.280611515045166,0.8543264269828796,2.287952423095703,-0.00894480012357235
1.3885166645050049,0.6057887673377991,-1.24663245677948,-2.280740261077881,0.8184237480163574,2.3095340728759766,0.02302732691168785
1.3731486797332764,0.5763399004936218,-1.2217979431152344,-2.280637502670288,0.783069372177124,2.329221487045288,0.0549994595348835
1.3562318086624146,0.5486961603164673,-1.195915937423706,-2.2803003787994385,0.7481770515441895,2.3472042083740234,0.08697158843278885
1.3376426696777344,0.5226984620094299,-1.1688075065612793,-2.2797253131866455,0.7136762738227844,2.3636415004730225,0.1189437136054039
1.3306502103805542,0.5067858695983887,-1.1499727964401245,-2.278749942779541,0.6913813948631287,2.3734147548675537,0.14957256615161896
1.3225672245025635,0.491555392742157,-1.130267858505249,-2.277482509613037,0.6691879630088806,2.382565498352051,0.1802014261484146
1.3133361339569092,0.4769822955131531,-1.1096227169036865,-2.2759222984313965,0.6470781564712524,2.391123056411743,0.21083027124404907
1.3028959035873413,0.4630444347858429,-1.0879637002944946,-2.2740697860717773,0.6250340938568115,2.399115562438965,0.24145913124084473
1.2911845445632935,0.44972631335258484,-1.0652174949645996,-2.2719240188598633,0.6030400395393372,2.4065682888031006,0.2720879912376404
1.2781405448913574,0.4370149075984955,-1.0413119792938232,-2.269484758377075,0.5810813903808594,2.4135024547576904,0.30271682143211365
1.2637039422988892,0.4249013662338257,-1.016176700592041,-2.266751527786255,0.5591443181037903,2.4199376106262207,0.3333456814289093
1.2478151321411133,0.41338106989860535,-0.9897433519363403,-2.263723850250244,0.537217378616333,2.425891399383545,0.36397454142570496
1.230412483215332,0.402452290058136,-0.9619402885437012,-2.2604010105133057,0.5152862071990967,2.4313805103302,0.3946034014225006
1.2114495038986206,0.39211779832839966,-0.9327106475830078,-2.256782054901123,0.49334195256233215,2.4364166259765625,0.42523226141929626
1.1908717155456543,0.3823823034763336,-0.9019947052001953,-2.252866744995117,0.47137269377708435,2.4410147666931152,0.45586109161376953
1.1686447858810425,0.3732549548149109,-0.8697476983070374,-2.2486534118652344,0.4493694603443146,2.445183038711548,0.4864899516105652
1.144739031791687,0.36474645137786865,-0.8359318971633911,-2.2441413402557373,0.42732176184654236,2.4489316940307617,0.5171188116073608
1.1191322803497314,0.3568715751171112,-0.8005165457725525,-2.2393293380737305,0.4052199423313141,2.452270030975342,0.5477476716041565
1.0918282270431519,0.34964606165885925,-0.7634973526000977,-2.2342166900634766,0.3830556571483612,2.4552035331726074,0.5783765316009521
1.0628368854522705,0.343089759349823,-0.7248755693435669,-2.2288014888763428,0.36081984639167786,2.4577388763427734,0.6090053915977478
1.0321991443634033,0.3372219204902649,-0.6846840381622314,-2.2230825424194336,0.33850452303886414,2.4598793983459473,0.6396341919898987
0.9999696612358093,0.3320654630661011,-0.6429687142372131,-2.2170584201812744,0.3160998523235321,2.461630344390869,0.6702630519866943
0.9662339091300964,0.32764217257499695,-0.5998063683509827,-2.2107269763946533,0.29359903931617737,2.4629921913146973,0.70089191198349
0.9310975670814514,0.3239753246307373,-0.5552937984466553,-2.2040867805480957,0.2709922790527344,2.463967800140381,0.7315208315849304
0.8946958780288696,0.3210870921611786,-0.5095570683479309,-2.197136163711548,0.2482721209526062,2.464556932449341,0.7621496319770813
0.857184886932373,0.3189992904663086,-0.46274274587631226,-2.1898722648620605,0.22542932629585266,2.46475887298584,0.792778491973877
0.8187437057495117,0.31773239374160767,-0.4150199890136719,-2.182293653488159,0.20245447754859924,2.464573860168457,0.8234072923660278
0.7795731425285339,0.3173034191131592,-0.36657941341400146,-2.1743977069854736,0.1793399602174759,2.4639971256256104,0.8540361523628235
0.7398830056190491,0.3177283704280853,-0.31762048602104187,-2.1661815643310547,0.1560751348733902,2.463026285171509,0.8846650123596191
0.699895977973938,0.31902018189430237,-0.26835453510284424,-2.1576428413391113,0.13265115022659302,2.461656332015991,0.9152938723564148
0.6598339676856995,0.32118868827819824,-0.21899168193340302,-2.1487789154052734,0.10905705392360687,2.4598827362060547,0.9459227323532104
0.6199169754981995,0.32423901557922363,-0.16973967850208282,-2.1395864486694336,0.08528248965740204,2.4576969146728516,0.9765515923500061
0.5803545713424683,0.32817742228507996,-0.12079507857561111,-2.1300623416900635,0.061315979808568954,2.455092668533325,1.0071804523468018
0.5413411259651184,0.3330037593841553,-0.07233841717243195,-2.1202025413513184,0.03714516758918762,2.452059268951416,1.0378092527389526
0.5030515789985657,0.338718444108963,-0.024529919028282166,-2.110003709793091,0.012757109478116035,2.4485878944396973,1.0684380531311035
0.4656386375427246,0.34531834721565247,0.02249368093907833,-2.0994622707366943,-0.011862214654684067,2.4446654319763184,1.0990670919418335
0.4292304217815399,0.35280102491378784,0.06862080097198486,-2.0885732173919678,-0.03672773018479347,2.4402785301208496,1.1296958923339844
0.39393025636672974,0.36116382479667664,0.11376620084047318,-2.0773329734802246,-0.06185602396726608,2.435412883758545,1.1603246927261353
0.3598126173019409,0.37040430307388306,0.15787768363952637,-2.0657362937927246,-0.08726732432842255,2.430051803588867,1.1909536123275757
0.3269420564174652,0.38052016496658325,0.20090711116790771,-2.0537781715393066,-0.11297561228275299,2.4241762161254883,1.2215824127197266
0.28982365131378174,0.403206467628479,0.25855356454849243,-2.0251407623291016,-0.15084446966648102,2.4106171131134033,1.2441927194595337
0.2554558515548706,0.4280708134174347,0.3140908479690552,-1.9951043128967285,-0.1900852918624878,2.395491123199463,1.2668030261993408
0.2236390858888626,0.45521795749664307,0.3678949177265167,-1.9636112451553345,-0.23085997998714447,2.378645181655884,1.289413332939148
0.19415052235126495,0.4847911596298218,0.4204005002975464,-1.930594801902771,-0.2733708322048187,2.3598945140838623,1.3120237588882446
0.16677014529705048,0.5169835090637207,0.47208550572395325,-1.8959769010543823,-0.3178652226924896,2.3390183448791504,1.3346340656280518
0.14128266274929047,0.5520503520965576,0.5234847068786621,-1.859666347503662,-0.3646567165851593,2.3157474994659424,1.3572443723678589
0.11748670041561127,0.5903268456459045,0.575202226638794,-1.8215550184249878,-0.41414594650268555,2.289748430252075,1.379854679107666
0.09519929438829422,0.6322528719902039,0.6279394030570984,-1.7815159559249878,-0.4668542742729187,2.260599136352539,1.4024649858474731
0.0742577612400055,0.6784175038337708,0.682544469833374,-1.7393966913223267,-0.5234818458557129,2.227753162384033,1.4250754117965698
0.054531197994947433,0.7296220064163208,0.7400803565979004,-1.6950139999389648,-0.5849839448928833,2.190485954284668,1.447685718536377
0.03591262176632881,0.7869960069656372,0.8019770979881287,-1.648144006729126,-0.6527318954467773,2.1477885246276855,1.4702959060668945
0.018338633701205254,0.8522087931632996,0.8702712655067444,-1.598510980606079,-0.7287805676460266,2.098191261291504,1.4929063320159912
0.001807530876249075,0.9279100894927979,0.9481294751167297,-1.5457663536071777,-0.8164375424385071,2.0393834114074707,1.5155166387557983
0.058716122061014175,0.8629779815673828,0.8555916547775269,-1.5664901733398438,-0.7212792634963989,2.0891358852386475,1.4845117330551147
0.11878892034292221,0.8080986142158508,0.76749587059021,-1.5860331058502197,-0.6339078545570374,2.1302878856658936,1.4535068273544312
0.18204711377620697,0.7611901760101318,0.6817886233329773,-1.6044323444366455,-0.5521459579467773,2.1647300720214844,1.4225019216537476
0.24851585924625397,0.7209368944168091,0.5971214771270752,-1.621718168258667,-0.4745830297470093,2.1936960220336914,1.391497015953064
0.31818971037864685,0.6864656209945679,0.5125755071640015,-1.6379199028015137,-0.4002392292022705,2.2180392742156982,1.3604921102523804
0.3910069167613983,0.6571858525276184,0.4275331199169159,-1.6530609130859375,-0.32840248942375183,2.238370180130005,1.3294872045516968
0.466828852891922,0.6326944828033447,0.3416098952293396,-1.667164921760559,-0.2585303485393524,2.2551352977752686,1.2984822988510132
0.545426070690155,0.6127199530601501,0.25462138652801514,-1.680251121520996,-0.1901971995830536,2.2686665058135986,1.2674773931503296
0.6264625191688538,0.5970826745033264,0.1665586233139038,-1.6923389434814453,-0.12305557727813721,2.2792062759399414,1.2364726066589355
0.7094974517822266,0.5856691002845764,0.07757005840539932,-1.7034459114074707,-0.05681363865733147,2.286929130554199,1.2054675817489624
0.7939942479133606,0.5784153342247009,-0.012064199894666672,-1.713587760925293,0.008781556971371174,2.2919504642486572,1.1744627952575684
0.8793293833732605,0.5752897262573242,-0.10195229947566986,-1.722780466079712,0.07395176589488983,2.294337749481201,1.1434578895568848
0.9648382663726807,0.5762882828712463,-0.19164732098579407,-1.7310388088226318,0.13890859484672546,2.2941110134124756,1.1124529838562012
1.0498414039611816,0.581429123878479,-0.28068000078201294,-1.7383778095245361,0.20385317504405975,2.291246175765991,1.0814480781555176
1.1336851119995117,0.5907570123672485,-0.3686069846153259,-1.7448112964630127,0.26898878812789917,2.2856736183166504,1.050443172454834
1.1824951171875,0.5769492983818054,-0.4213026463985443,-1.783510446548462,0.30275243520736694,2.2962751388549805,1.0197947025299072
1.2323479652404785,0.5648902654647827,-0.47433924674987793,-1.8210134506225586,0.335860937833786,2.3057291507720947,0.9891461730003357
1.2831294536590576,0.5545424222946167,-0.5276888608932495,-1.857417345046997,0.3684016764163971,2.314088821411133,0.9584977030754089
1.3347030878067017,0.545878529548645,-0.5812885165214539,-1.8928065299987793,0.4004497230052948,2.321397304534912,0.9278492331504822
1.3869085311889648,0.53887939453125,-0.6350409388542175,-1.9272552728652954,0.4320683777332306,2.3276877403259277,0.8972007632255554
1.4395664930343628,0.5335303544998169,-0.6888205409049988,-1.9608287811279297,0.46331292390823364,2.3329856395721436,0.8665522336959839
1.4924792051315308,0.529821515083313,-0.7424765229225159,-1.993586778640747,0.49423128366470337,2.337308406829834,0.8359037637710571
1.5454360246658325,0.5277454257011414,-0.7958395481109619,-2.025581121444702,0.5248658657073975,2.3406662940979004,0.8052552342414856
1.598218560218811,0.5272971391677856,-0.8487278819084167,-2.056859016418457,0.5552539229393005,2.3430612087249756,0.7746067643165588
1.6506041288375854,0.5284731984138489,-0.9009504318237305,-2.0874643325805664,0.5854292511940002,2.3444905281066895,0.7439582943916321
1.702372431755066,0.5312721133232117,-0.9523157477378845,-2.1174349784851074,0.6154228448867798,2.3449435234069824,0.7133097648620605
1.7533106803894043,0.5356935262680054,-1.0026369094848633,-2.1468076705932617,0.6452618837356567,2.3444032669067383,0.6826613545417786
1.8032197952270508,0.5417415499687195,-1.0517375469207764,-2.175614356994629,0.67497318983078,2.342844247817993,0.652012825012207
1.794094443321228,0.5406391620635986,-1.0353859663009644,-2.1648502349853516,0.665856659412384,2.3426971435546875,0.6394755840301514
1.7845532894134521,0.5397098660469055,-1.0187146663665771,-2.1538639068603516,0.656609058380127,2.342433452606201,0.6269384026527405
1.7746062278747559,0.5389604568481445,-1.0017304420471191,-2.142653465270996,0.647230863571167,2.3420495986938477,0.6144011616706848
1.7642617225646973,0.5383963584899902,-0.984438419342041,-2.1312179565429688,0.6377202272415161,2.3415439128875732,0.6018639802932739
1.7535326480865479,0.5380235910415649,-0.9668483138084412,-2.1195549964904785,0.6280762553215027,2.3409128189086914,0.5893267393112183
1.7424288988113403,0.5378485321998596,-0.9489670991897583,-2.1076629161834717,0.6182993650436401,2.340153694152832,0.5767895579338074
1.7309629917144775,0.5378782749176025,-0.9308035969734192,-2.09553861618042,0.608387291431427,2.3392629623413086,0.5642523169517517
1.7191473245620728,0.5381171703338623,-0.9123671054840088,-2.0831804275512695,0.5983396768569946,2.338238477706909,0.5517151355743408
1.7069967985153198,0.5385729074478149,-0.8936682939529419,-2.070584774017334,0.5881549119949341,2.337075710296631,0.5391778945922852
1.6945232152938843,0.5392512679100037,-0.8747156262397766,-2.0577492713928223,0.5778326988220215,2.3357725143432617,0.5266407132148743
1.681742548942566,0.540158748626709,-0.8555211424827576,-2.0446701049804688,0.5673706531524658,2.334324359893799,0.5141034722328186
1.668668270111084,0.5413014888763428,-0.8360940217971802,-2.031344413757324,0.5567687153816223,2.332728624343872,0.5015662908554077
1.6553168296813965,0.5426863431930542,-0.8164465427398682,-2.0177674293518066,0.5460246801376343,2.3309810161590576,0.48902904987335205
1.6417027711868286,0.5443190336227417,-0.7965887188911438,-2.0039353370666504,0.5351369380950928,2.32907772064209,0.4764918386936188
1.6278438568115234,0.5462064743041992,-0.7765340805053711,-1.9898439645767212,0.5241033434867859,2.327014446258545,0.4639546275138855
1.6137547492980957,0.548355221748352,-0.7562920451164246,-1.9754880666732788,0.5129216909408569,2.3247873783111572,0.4514174163341522
1.599453330039978,0.5507715344429016,-0.7358754873275757,-1.960862398147583,0.5015906095504761,2.3223915100097656,0.43888020515441895
1.5849542617797852,0.5534626245498657,-0.7152941823005676,-1.9459614753723145,0.490106463432312,2.3198230266571045,0.42634299397468567
1.5702763795852661,0.5564345717430115,-0.6945608854293823,-1.9307788610458374,0.4784676730632782,2.3170762062072754,0.41380575299263
1.5554349422454834,0.5596955418586731,-0.6736853718757629,-1.9153083562850952,0.46667078137397766,2.3141462802886963,0.40126854181289673
1.5404483079910278,0.5632514357566833,-0.6526800394058228,-1.8995424509048462,0.45471248030662537,2.3110272884368896,0.38873136043548584
1.525330662727356,0.5671095848083496,-0.6315522193908691,-1.8834739923477173,0.44258826971054077,2.3077142238616943,0.37619414925575256
1.5100998878479004,0.5712780952453613,-0.6103130578994751,-1.8670943975448608,0.43029487133026123,2.3042008876800537,0.3636569082736969
1.4947713613510132,0.5757637023925781,-0.5889707207679749,-1.8503953218460083,0.4178274869918823,2.300480604171753,0.3511196970939636
1.4793620109558105,0.5805755853652954,-0.5675344467163086,-1.8333663940429688,0.4051814079284668,2.29654598236084,0.33858251571655273
1.4638859033584595,0.585721492767334,-0.5460097789764404,-1.8159979581832886,0.3923501670360565,2.292391061782837,0.32604527473449707
1.4483591318130493,0.591210126876831,-0.5244044065475464,-1.7982783317565918,0.37932881712913513,2.288006544113159,0.3135080635547638
1.4327962398529053,0.597050666809082,-0.5027233958244324,-1.7801954746246338,0.36611059308052063,2.2833847999572754,0.3009708523750305
1.4172104597091675,0.6032536625862122,-0.4809698462486267,-1.7617363929748535,0.35268741846084595,2.278517007827759,0.28843361139297485
1.4016162157058716,0.6098281741142273,-0.459147185087204,-1.742887020111084,0.33905088901519775,2.273393154144287,0.27589643001556396
1.3860257863998413,0.6167870759963989,-0.4372560679912567,-1.7236313819885254,0.3251917064189911,2.268002986907959,0.2633592188358307
1.3704522848129272,0.6241406798362732,-0.4152965545654297,-1.7039529085159302,0.31109994649887085,2.262335777282715,0.2508220076560974
1.3549069166183472,0.6319030523300171,-0.3932662010192871,-1.6838328838348389,0.29676368832588196,2.256378650665283,0.23828478157520294
1.3394008874893188,0.6400874257087708,-0.371160626411438,-1.6632511615753174,0.2821705639362335,2.2501187324523926,0.22574758529663086
1.3239448070526123,0.6487101316452026,-0.34897369146347046,-1.6421854496002197,0.26730549335479736,2.243542194366455,0.21321037411689758
1.308549404144287,0.657787024974823,-0.3266982436180115,-1.6206114292144775,0.2521524131298065,2.2366318702697754,0.2006731480360031
1.2994868755340576,0.6602872610092163,-0.31893110275268555,-1.6142916679382324,0.24667693674564362,2.2347114086151123,0.1791888177394867
1.2904675006866455,0.6628431081771851,-0.3111798167228699,-1.607922077178955,0.24119365215301514,2.2327511310577393,0.15770448744297028
1.2814931869506836,0.6654550433158875,-0.30344563722610474,-1.6015007495880127,0.2357025146484375,2.230750322341919,0.13622015714645386
1.272562861442566,0.6681228280067444,-0.2957266569137573,-1.5950279235839844,0.2302023470401764,2.2287087440490723,0.11473584175109863
1.2636773586273193,0.670847475528717,-0.28802356123924255,-1.5885024070739746,0.22469361126422882,2.226626396179199,0.09325151145458221
1.2548363208770752,0.6736288070678711,-0.2803354263305664,-1.581923484802246,0.21917487680912018,2.2245030403137207,0.0717671811580658
1.2460404634475708,0.6764670014381409,-0.2726621627807617,-1.5752904415130615,0.2136451154947281,2.2223377227783203,0.050282858312129974
1.2372896671295166,0.6793624758720398,-0.26500290632247925,-1.5686025619506836,0.2081044614315033,2.220130443572998,0.028798528015613556
1.2285847663879395,0.6823158860206604,-0.25735849142074585,-1.5618581771850586,0.20255233347415924,2.2178804874420166,0.007314199581742287
1.2199238538742065,0.6853267550468445,-0.24972520768642426,-1.5550575256347656,0.19698622822761536,2.2155885696411133,-0.014170130714774132
1.211309552192688,0.6883963942527771,-0.24210596084594727,-1.5481986999511719,0.19140706956386566,2.213252544403076,-0.0356544591486454
1.2027405500411987,0.6915243268013,-0.2344982773065567,-1.5412817001342773,0.18581365048885345,2.210873603820801,-0.05713878944516182
1.1942176818847656,0.6947113275527954,-0.22690264880657196,-1.5343046188354492,0.18020518124103546,2.208449363708496,-0.07862310111522675
1.1857399940490723,0.6979578733444214,-0.21931663155555725,-1.527266502380371,0.17457982897758484,2.2059812545776367,-0.10010743141174316
1.1773078441619873,0.7012642621994019,-0.21174024045467377,-1.520167350769043,0.16893798112869263,2.203468084335327,-0.12159176170825958
1.168921947479248,0.7046314477920532,-0.2041734904050827,-1.5130047798156738,0.16327810287475586,2.200908660888672,-0.143076092004776
1.1605818271636963,0.7080591320991516,-0.1966145634651184,-1.5057783126831055,0.15759916603565216,2.19830322265625,-0.16456042230129242
1.1522877216339111,0.7115488052368164,-0.18906328082084656,-1.4984865188598633,0.15190060436725616,2.195650577545166,-0.18604475259780884
1.1440389156341553,0.7151005864143372,-0.18151739239692688,-1.4911282062530518,0.14618080854415894,2.19295072555542,-0.20752908289432526
1.1358367204666138,0.7187148928642273,-0.17397788166999817,-1.4837021827697754,0.14043888449668884,2.190202236175537,-0.22901341319084167
1.1276801824569702,0.7223933339118958,-0.1664423942565918,-1.4762063026428223,0.13467426598072052,2.1874046325683594,-0.2504976987838745
1.1195688247680664,0.7261353135108948,-0.15890927612781525,-1.4686405658721924,0.12888450920581818,2.184558391571045,-0.2719820737838745
1.1115038394927979,0.7299428582191467,-0.15137872099876404,-1.4610018730163574,0.12306959182024002,2.1816608905792236,-0.29346638917922974
1.1034846305847168,0.7338153719902039,-0.14384904503822327,-1.4532902240753174,0.1172274574637413,2.1787123680114746,-0.31495073437690735
1.095510721206665,0.7377548813819885,-0.13631822168827057,-1.4455034732818604,0.11135730892419815,2.1757116317749023,-0.3364350199699402
1.0875821113586426,0.7417622208595276,-0.12878520786762238,-1.4376392364501953,0.10545729100704193,2.1726584434509277,-0.3579193651676178
1.0796993970870972,0.7458381652832031,-0.1212492287158966,-1.4296963214874268,0.09952598065137863,2.169550657272339,-0.379403680562973
1.071862816810608,0.7499828934669495,-0.11370909959077835,-1.42167329788208,0.0935630351305008,2.166388511657715,-0.40088802576065063
1.064070701599121,0.7541987895965576,-0.10616161674261093,-1.4135680198669434,0.08756516128778458,2.163170337677002,-0.42237234115600586
1.056323766708374,0.7584860920906067,-0.09860565513372421,-1.4053783416748047,0.08153139799833298,2.159895658493042,-0.4438566565513611
1.0486226081848145,0.7628459930419922,-0.09104055166244507,-1.3971021175384521,0.0754602700471878,2.156561851501465,-0.4653410017490387
1.0409655570983887,0.7672800421714783,-0.08346247673034668,-1.3887372016906738,0.0693487673997879,2.153169631958008,-0.4868253171443939
1.0333540439605713,0.7717905044555664,-0.0758713036775589,-1.3802814483642578,0.06319602578878403,2.149716377258301,-0.5083096623420715
1.0257868766784668,0.7763775587081909,-0.06826401501893997,-1.3717327117919922,0.0570000484585762,2.146202564239502,-0.5297939777374268
1.0182644128799438,0.7810429334640503,-0.060638364404439926,-1.3630876541137695,0.05075758695602417,2.1426241397857666,-0.551278293132782
1.010786533355713,0.7857882976531982,-0.05299273878335953,-1.3543438911437988,0.04446825757622719,2.1389811038970947,-0.572762668132782
1.0033527612686157,0.7906150817871094,-0.04532371833920479,-1.3454997539520264,0.0381271094083786,2.135272264480591,-0.5942469835281372
0.9959635734558105,0.7955259680747986,-0.037629686295986176,-1.336550235748291,0.031733233481645584,2.131495475769043,-0.6157312989234924
0.9886179566383362,0.8005213141441345,-0.02990683913230896,-1.3274946212768555,0.025283338502049446,2.1276497840881348,-0.6372156143188477
0.9813166856765747,0.8056057691574097,-0.02215343341231346,-1.3183271884918213,0.018775297328829765,2.123732089996338,-0.6586999893188477
0.9740588068962097,0.8107786774635315,-0.014365331269800663,-1.3090462684631348,0.01220555230975151,2.1197409629821777,-0.6801842451095581
0.9668447375297546,0.8160436749458313,-0.006539961788803339,-1.2996478080749512,0.005570798646658659,2.1156744956970215,-0.7016685605049133
0.9596741795539856,0.8214037418365479,0.0013263598084449768,-1.2901272773742676,-0.0011329165427014232,2.1115305423736572,-0.7231529355049133
0.9525468349456787,0.8268608450889587,0.009237362071871758,-1.2804811000823975,-0.007908147759735584,2.107306718826294,-0.7446372509002686
0.9454625844955444,0.8324171304702759,0.01719723828136921,-1.270704984664917,-0.014759667217731476,2.103001594543457,-0.7661216259002686
0.9384210705757141,0.8380767703056335,0.025210440158843994,-1.260793685913086,-0.02169221080839634,2.0986104011535645,-0.7876059412956238
0.9314224123954773,0.8438419699668884,0.03328125178813934,-1.2507431507110596,-0.028709284961223602,2.0941319465637207,-0.809090256690979
0.9244665503501892,0.84971684217453,0.0414142943918705,-1.2405474185943604,-0.03581606224179268,2.0895633697509766,-0.8305745720863342
0.9175534844398499,0.8557049036026001,0.04961467161774635,-1.2302007675170898,-0.04301822930574417,2.084900379180908,-0.8520589470863342
0.910682201385498,0.8618097305297852,0.057889051735401154,-1.219698190689087,-0.05032045766711235,2.0801403522491455,-0.8735432028770447
0.9038535356521606,0.8680362701416016,0.0662427544593811,-1.209031581878662,-0.05773052200675011,2.075279712677002,-0.8950275182723999
0.8970668315887451,0.8743883371353149,0.07468266040086746,-1.198195219039917,-0.0652531161904335,2.0703141689300537,-0.9165118336677551
0.8903223276138306,0.880871057510376,0.08321546763181686,-1.187180519104004,-0.07289724051952362,2.065239429473877,-0.9379962086677551
0.883618950843811,0.8874861001968384,0.09185012429952621,-1.1759800910949707,-0.08067021518945694,2.0600504875183105,-0.9594805240631104
0.8769579529762268,0.8942483067512512,0.10059389472007751,-1.1645853519439697,-0.08857983350753784,2.054744243621826,-0.9809648990631104
0.870337963104248,0.9011583924293518,0.10945741832256317,-1.1529862880706787,-0.09663636237382889,2.0493130683898926,-1.0024491548538208
0.8637599349021912,0.9082237482070923,0.11844968795776367,-1.1411726474761963,-0.10484965890645981,2.0437519550323486,-1.0239335298538208
0.8572236895561218,0.9154521226882935,0.1275818943977356,-1.1291327476501465,-0.11323115229606628,2.0380544662475586,-1.0454177856445312
0.8507283926010132,0.9228519797325134,0.13686752319335938,-1.1168549060821533,-0.12179411202669144,2.0322141647338867,-1.0669020414352417
0.8442752361297607,0.9304312467575073,0.14631867408752441,-1.104325294494629,-0.13055093586444855,2.0262222290039062,-1.0883865356445312
0.8378628492355347,0.9382016658782959,0.15595252811908722,-1.0915286540985107,-0.1395191103219986,2.0200703144073486,-1.1098709106445312
0.8314915895462036,0.9461727738380432,0.16578596830368042,-1.07844877243042,-0.14871536195278168,2.013749599456787,-1.1313551664352417
0.8251616954803467,0.9543577432632446,0.17583748698234558,-1.0650665760040283,-0.15815870463848114,2.0072498321533203,-1.1528395414352417
0.8188734650611877,0.9627711176872253,0.18612883985042572,-1.0513620376586914,-0.1678716242313385,2.000558376312256,-1.1743237972259521
0.8126291036605835,0.9714269638061523,0.19668099284172058,-1.0373125076293945,-0.1778751164674759,1.993662714958191,-1.1958081722259521
0.8064231276512146,0.9803453683853149,0.20753197371959686,-1.0228919982910156,-0.18820731341838837,1.9865477085113525,-1.2172924280166626
0.8002596497535706,0.9895439743995667,0.21870757639408112,-1.0080695152282715,-0.1988966166973114,1.9791959524154663,-1.2387768030166626
0.7941381335258484,0.9990466237068176,0.23024646937847137,-0.9928126335144043,-0.20997926592826843,1.9715893268585205,-1.260261058807373
0.7880595922470093,1.008880376815796,0.2421918511390686,-0.9770827293395996,-0.22150248289108276,1.9637057781219482,-1.281745433807373
0.7820214033126831,1.01907217502594,0.2545998692512512,-0.9608335494995117,-0.23351936042308807,1.9555169343948364,-1.303229808807373
0.7760289907455444,1.0296651124954224,0.2675263583660126,-0.9440135955810547,-0.24609164893627167,1.9469953775405884,-1.3247140645980835
0.770080029964447,1.0406982898712158,0.2810494303703308,-0.9265594482421875,-0.25929662585258484,1.9381035566329956,-1.3461984395980835
