-1.1215933561325073,0.721319854259491,1.0266499519348145,-1.9484583139419556,-0.7792815566062927,2.207667350769043,-2.054098129272461
-1.0935592651367188,0.7016132473945618,1.0084701776504517,-1.9564146995544434,-0.7567549347877502,2.222001552581787,-2.0303854942321777
-1.0647432804107666,0.6829968094825745,0.9902157783508301,-1.9636108875274658,-0.7347268462181091,2.235382556915283,-2.0066728591918945
-1.03513765335083,0.6654232144355774,0.9718143343925476,-1.9700490236282349,-0.7131521701812744,2.2478597164154053,-1.9829601049423218
-1.0047307014465332,0.6488507390022278,0.9531948566436768,-1.9757299423217773,-0.6919893622398376,2.259478807449341,-1.9592474699020386
-0.9735193848609924,0.6332463622093201,0.9343004822731018,-1.9806541204452515,-0.6712070107460022,2.2702770233154297,-1.9355347156524658
-0.9415010213851929,0.6185814142227173,0.9150786995887756,-1.9848225116729736,-0.6507766246795654,2.2802891731262207,-1.9118220806121826
-0.908676028251648,0.6048321723937988,0.8954831957817078,-1.9882358312606812,-0.6306740641593933,2.2895469665527344,-1.8881094455718994
-0.8750500679016113,0.5919783711433411,0.8754764199256897,-1.9908939599990845,-0.6108810901641846,2.298077344894409,-1.8643966913223267
-0.840633749961853,0.580003559589386,0.8550275564193726,-1.9927972555160522,-0.5913801789283752,2.305906057357788,-1.8406840562820435
-0.8054414987564087,0.5688943862915039,0.8341130018234253,-1.9939454793930054,-0.5721580982208252,2.313055992126465,-1.8169713020324707
-0.769495964050293,0.5586397647857666,0.8127182722091675,-1.9943387508392334,-0.5532039999961853,2.319547176361084,-1.7932586669921875
-0.732824444770813,0.5492308735847473,0.790835976600647,-1.9939765930175781,-0.534509003162384,2.325399160385132,-1.7695460319519043
-0.6954624056816101,0.5406604409217834,0.7684686183929443,-1.9928590059280396,-0.5160657167434692,2.3306283950805664,-1.7458332777023315
-0.657450258731842,0.5329234004020691,0.7456245422363281,-1.9909857511520386,-0.4978684186935425,2.335251808166504,-1.7221206426620483
-0.6188369989395142,0.5260142087936401,0.7223227620124817,-1.9883567094802856,-0.47991248965263367,2.3392834663391113,-1.6984078884124756
-0.5796794295310974,0.5199294090270996,0.698590874671936,-1.9849706888198853,-0.4621950089931488,2.34273624420166,-1.6746952533721924
-0.5400402545928955,0.5146662592887878,0.6744639873504639,-1.9808269739151,-0.4447138011455536,2.3456220626831055,-1.6509826183319092
-0.4999886751174927,0.5102208852767944,0.6499844193458557,-1.9759254455566406,-0.4274662137031555,2.3479528427124023,-1.627269983291626
-0.45959994196891785,0.5065907835960388,0.6252022981643677,-1.9702651500701904,-0.41045206785202026,2.349738836288452,-1.6035572290420532
-0.41895318031311035,0.5037723779678345,0.6001721620559692,-1.9638442993164062,-0.39366888999938965,2.3509891033172607,-1.57984459400177
-0.37813377380371094,0.5017625093460083,0.5749556422233582,-1.9566612243652344,-0.37711721658706665,2.3517117500305176,-1.5561318397521973
-0.33722952008247375,0.5005567073822021,0.5496188998222351,-1.9487143754959106,-0.3607966899871826,2.351914405822754,-1.532419204711914
-0.29632845520973206,0.5001509189605713,0.5242282152175903,-1.9400016069412231,-0.3447066843509674,2.351604461669922,-1.5087065696716309
-0.255520761013031,0.5005393028259277,0.49885356426239014,-1.9305200576782227,-0.32884642481803894,2.3507871627807617,-1.484993815422058
-0.21489578485488892,0.5017163157463074,0.47356435656547546,-1.9202659130096436,-0.31321558356285095,2.349468231201172,-1.461281180381775
-0.17453829944133759,0.5036749243736267,0.44842690229415894,-1.9092358350753784,-0.297812283039093,2.347651958465576,-1.4375685453414917
-0.1345333307981491,0.5064088702201843,0.4235084652900696,-1.897424578666687,-0.2826365530490875,2.345341682434082,-1.413855791091919
-0.09495914727449417,0.5099105834960938,0.39886996150016785,-1.88482666015625,-0.2676861584186554,2.342541217803955,-1.3901431560516357
-0.0558902807533741,0.5141712427139282,0.37456968426704407,-1.8714350461959839,-0.25295916199684143,2.3392510414123535,-1.366430401802063
-0.017393819987773895,0.5191842913627625,0.35065895318984985,-1.8572425842285156,-0.23845335841178894,2.3354735374450684,-1.3427177667617798
0.02046850323677063,0.5249408483505249,0.32718467712402344,-1.8422396183013916,-0.2241646945476532,2.331207513809204,-1.3190051317214966
0.05764389783143997,0.5314338207244873,0.3041847348213196,-1.826416015625,-0.2100898176431656,2.326453685760498,-1.2952923774719238
0.09408412128686905,0.5386565327644348,0.28169339895248413,-1.8097586631774902,-0.1962236762046814,2.3212087154388428,-1.2715797424316406
0.12974928319454193,0.5466030836105347,0.2597368359565735,-1.7922532558441162,-0.1825619637966156,2.315469980239868,-1.2478671073913574
0.16460750997066498,0.5552675127983093,0.2383333295583725,-1.7738842964172363,-0.1690976768732071,2.3092336654663086,-1.2241543531417847
0.19863282144069672,0.5646474957466125,0.21749544143676758,-1.7546319961547852,-0.15582308173179626,2.3024935722351074,-1.2004417181015015
0.2318016141653061,0.5747408270835876,0.19723396003246307,-1.7344744205474854,-0.14273399114608765,2.2952423095703125,-1.1767290830612183
0.2641058564186096,0.5855470895767212,0.1775425374507904,-1.7133861780166626,-0.12981510162353516,2.287470817565918,-1.1530163288116455
0.29553622007369995,0.5970699787139893,0.15841692686080933,-1.691338300704956,-0.11705781519412994,2.2791686058044434,-1.1293036937713623
0.3260880410671234,0.6093141436576843,0.13984742760658264,-1.6682976484298706,-0.10445044934749603,2.270321846008301,-1.1055909395217896
0.3557635545730591,0.6222895383834839,0.12181626260280609,-1.644225001335144,-0.09197854995727539,2.260915756225586,-1.0818783044815063
0.3845669627189636,0.6360083222389221,0.1043027862906456,-1.6190751791000366,-0.07962529361248016,2.250929117202759,-1.0581656694412231
0.412507027387619,0.6504884958267212,0.08727873861789703,-1.5927965641021729,-0.06737270951271057,2.240342617034912,-1.0344529151916504
0.439594566822052,0.6657527089118958,0.07071621716022491,-1.5653281211853027,-0.055200617760419846,2.2291276454925537,-1.0107402801513672
0.4240870177745819,0.6557179093360901,0.09388921409845352,-1.5842430591583252,-0.07274957001209259,2.236541986465454,-0.981933057308197
0.4084240794181824,0.646129846572876,0.11694381386041641,-1.6027565002441406,-0.0899508148431778,2.243619441986084,-0.9531257748603821
0.39260950684547424,0.6369723081588745,0.1399019956588745,-1.6208868026733398,-0.10682864487171173,2.2503747940063477,-0.9243185520172119
0.3766486346721649,0.62823086977005,0.16277731955051422,-1.6386516094207764,-0.12340468168258667,2.2568235397338867,-0.8955113291740417
0.360546737909317,0.6198927760124207,0.1855856031179428,-1.6560654640197754,-0.13969795405864716,2.262976884841919,-0.8667041063308716
0.3443114161491394,0.6119459271430969,0.2083369940519333,-1.6731431484222412,-0.15572352707386017,2.268847942352295,-0.8378968238830566
0.32794901728630066,0.6043798327445984,0.23104174435138702,-1.6898984909057617,-0.17149853706359863,2.2744476795196533,-0.8090896010398865
0.31146708130836487,0.5971842408180237,0.25370723009109497,-1.7063426971435547,-0.1870366781949997,2.27978515625,-0.7802823781967163
0.2948743402957916,0.5903502702713013,0.2763384282588959,-1.7224880456924438,-0.20234936475753784,2.2848703861236572,-0.7514750957489014
0.27817946672439575,0.5838696360588074,0.2989393174648285,-1.7383443117141724,-0.21744965016841888,2.2897119522094727,-0.7226678729057312
0.2613919973373413,0.5777340531349182,0.32151246070861816,-1.7539221048355103,-0.23234793543815613,2.2943174839019775,-0.6938605904579163
0.2445230484008789,0.5719370245933533,0.34405678510665894,-1.7692303657531738,-0.24705229699611664,2.2986953258514404,-0.6650533676147461
0.22758227586746216,0.56647127866745,0.3665733337402344,-1.7842774391174316,-0.2615739703178406,2.302851438522339,-0.6362461447715759
0.21058262884616852,0.5613303780555725,0.3890582323074341,-1.7990714311599731,-0.275918573141098,2.306793212890625,-0.6074389219284058
0.1935350000858307,0.5565097332000732,0.4115093946456909,-1.8136200904846191,-0.2900956869125366,2.310525417327881,-0.5786316394805908
0.17645348608493805,0.5520025491714478,0.4339209496974945,-1.8279303312301636,-0.3041102886199951,2.3140549659729004,-0.5498244166374207
0.15935063362121582,0.5478042364120483,0.45628786087036133,-1.8420085906982422,-0.31797072291374207,2.3173866271972656,-0.5210171937942505
0.14223989844322205,0.5439088940620422,0.4786039888858795,-1.8558614253997803,-0.33168116211891174,2.3205244541168213,-0.49220994114875793
0.12513765692710876,0.5403127074241638,0.5008594989776611,-1.8694944381713867,-0.3452475965023041,2.323474884033203,-0.46340271830558777
0.10805633664131165,0.5370103716850281,0.523048460483551,-1.882913589477539,-0.3586746156215668,2.3262410163879395,-0.4345954656600952
0.09101207554340363,0.5339978337287903,0.5451608896255493,-1.8961236476898193,-0.3719675838947296,2.328826665878296,-0.40578824281692505
0.19635027647018433,0.5194318294525146,0.44525060057640076,-1.8834431171417236,-0.30118319392204285,2.336829900741577,-0.4360743463039398
0.3043200969696045,0.5105084180831909,0.34261107444763184,-1.8693342208862305,-0.2308032512664795,2.3412866592407227,-0.4663604497909546
0.4136691987514496,0.5071378350257874,0.23821748793125153,-1.853770136833191,-0.1605711281299591,2.3423664569854736,-0.496646523475647
0.5230308771133423,0.5092558264732361,0.13316738605499268,-1.83672034740448,-0.0902327373623848,2.3401620388031006,-0.5269326567649841
0.6310417652130127,0.5168119668960571,0.02853904664516449,-1.8181533813476562,-0.019525740295648575,2.3346951007843018,-0.5572187304496765
0.7364650368690491,0.5297738909721375,-0.07473288476467133,-1.7980331182479858,0.05183732137084007,2.325918197631836,-0.5875048041343689
0.8382844924926758,0.5481406450271606,-0.1759696900844574,-1.776318907737732,0.12418205291032791,2.3137097358703613,-0.617790937423706
0.9357508420944214,0.5719693303108215,-0.2748127281665802,-1.7529658079147339,0.19789372384548187,2.297869920730591,-0.6480770707130432
1.0283949375152588,0.6014082431793213,-0.3712612986564636,-1.7279201745986938,0.27344271540641785,2.2780957221984863,-0.6783631443977356
1.1159929037094116,0.6367442607879639,-0.46567481756210327,-1.701121211051941,0.3514253795146942,2.2539639472961426,-0.7086492776870728
1.1985195875167847,0.6784625053405762,-0.5587804317474365,-1.6724965572357178,0.4326227903366089,2.2248799800872803,-0.7389353513717651
1.2760882377624512,0.727342426776886,-0.6517060995101929,-1.641960859298706,0.5180976390838623,2.1900055408477783,-0.7692214250564575
1.348894476890564,0.7846114635467529,-0.7460851073265076,-1.6094111204147339,0.6093683242797852,2.1481266021728516,-0.7995075583457947
1.4171587228775024,0.8522437810897827,-0.8443101644515991,-1.5747241973876953,0.7087422013282776,2.0973989963531494,-0.8297936320304871
1.4158844947814941,0.8346624970436096,-0.8278219103813171,-1.5902011394500732,0.6897730827331543,2.1109330654144287,-0.8460444808006287
1.4146097898483276,0.817708432674408,-0.8119919300079346,-1.6053931713104248,0.671555757522583,2.123917818069458,-0.862295389175415
1.4133366346359253,0.8013337254524231,-0.7967607378959656,-1.62031090259552,0.6540270447731018,2.1363935470581055,-0.8785462379455566
1.4120657444000244,0.7854994535446167,-0.7820754051208496,-1.6349637508392334,0.6371317505836487,2.14839506149292,-0.894797146320343
1.4107974767684937,0.7701685428619385,-0.7678885459899902,-1.6493605375289917,0.6208196878433228,2.1599550247192383,-0.9110479950904846
1.4095332622528076,0.7553094029426575,-0.7541598081588745,-1.6635093688964844,0.6050488948822021,2.1710996627807617,-0.927298903465271
1.4082729816436768,0.7408934235572815,-0.740851640701294,-1.6774179935455322,0.5897806286811829,2.181854724884033,-0.9435497522354126
1.4070184230804443,0.7268943786621094,-0.7279320955276489,-1.6910938024520874,0.5749812126159668,2.1922426223754883,-0.959800660610199
1.4057669639587402,0.7132894992828369,-0.7153686285018921,-1.704542636871338,0.5606172680854797,2.202284336090088,-0.9760515093803406
1.4045212268829346,0.700057327747345,-0.7031363248825073,-1.7177720069885254,0.5466638207435608,2.2119979858398438,-0.992302417755127
1.4032795429229736,0.687178373336792,-0.6912089586257935,-1.7307870388031006,0.5330939888954163,2.2214009761810303,-1.0085532665252686
1.4020426273345947,0.6746350526809692,-0.6795649528503418,-1.743593692779541,0.519885241985321,2.23050856590271,-1.0248041152954102
1.40080988407135,0.6624110341072083,-0.6681832671165466,-1.756197214126587,0.5070178508758545,2.239335298538208,-1.0410550832748413
1.3995798826217651,0.6504921913146973,-0.6570441126823425,-1.7686021327972412,0.49447160959243774,2.247894287109375,-1.057305932044983
1.398353934288025,0.6388651132583618,-0.6461312770843506,-1.780813455581665,0.4822303056716919,2.256197214126587,-1.0735567808151245
1.3971306085586548,0.6275160908699036,-0.635428249835968,-1.7928352355957031,0.47027817368507385,2.2642555236816406,-1.0898076295852661
1.3959091901779175,0.616434633731842,-0.6249193549156189,-1.8046714067459106,0.45860010385513306,2.2720797061920166,-1.1060584783554077
1.3946888446807861,0.6056091785430908,-0.6145904064178467,-1.81632661819458,0.44718262553215027,2.279679775238037,-1.1223093271255493
1.3934696912765503,0.5950307846069336,-0.6044298410415649,-1.8278040885925293,0.4360148310661316,2.2870638370513916,-1.1385602951049805
1.392249345779419,0.5846887230873108,-0.5944229364395142,-1.8391070365905762,0.4250829517841339,2.294241428375244,-1.154811143875122
1.3910272121429443,0.5745757818222046,-0.5845593214035034,-1.8502391576766968,0.4143781363964081,2.301219940185547,-1.1710619926452637
1.3898053169250488,0.5646837949752808,-0.5748310089111328,-1.8612034320831299,0.40389224886894226,2.308006763458252,-1.1873128414154053
1.3885771036148071,0.5550036430358887,-0.56522136926651,-1.8720029592514038,0.39361125230789185,2.3146088123321533,-1.2035638093948364
1.387343406677246,0.5455297827720642,-0.5557236671447754,-1.88264000415802,0.3835291862487793,2.321033000946045,-1.219814658164978
1.3861039876937866,0.5362549424171448,-0.5463292002677917,-1.893117904663086,0.37363871932029724,2.327285051345825,-1.2360655069351196
1.3848581314086914,0.5271729826927185,-0.5370298624038696,-1.903438925743103,0.36393284797668457,2.3333706855773926,-1.2523164749145508
1.383602261543274,0.5182788968086243,-0.5278149843215942,-1.9136050939559937,0.35440322756767273,2.3392956256866455,-1.2685673236846924
1.382336139678955,0.5095663070678711,-0.518677830696106,-1.923619031906128,0.34504398703575134,2.345065116882324,-1.284818172454834
1.3810582160949707,0.5010305047035217,-0.5096105933189392,-1.9334830045700073,0.33584898710250854,2.35068416595459,-1.3010690212249756
1.3797667026519775,0.492666631937027,-0.500605583190918,-1.9431984424591064,0.3268132507801056,2.356156587600708,-1.3173198699951172
1.378460168838501,0.4844706654548645,-0.49165603518486023,-1.9527678489685059,0.3179304897785187,2.361487865447998,-1.3335707187652588
1.3771368265151978,0.47643786668777466,-0.4827551543712616,-1.9621927738189697,0.3091960847377777,2.3666810989379883,-1.34982168674469
1.375794529914856,0.4685642719268799,-0.473895400762558,-1.9714751243591309,0.30060508847236633,2.371741533279419,-1.3660725355148315
1.3744311332702637,0.460846483707428,-0.4650706648826599,-1.9806163311004639,0.2921530306339264,2.3766722679138184,-1.3823233842849731
1.373046636581421,0.45328018069267273,-0.4562758803367615,-1.9896180629730225,0.28383639454841614,2.3814761638641357,-1.3985742330551147
1.3716373443603516,0.44586271047592163,-0.44750404357910156,-1.9984818696975708,0.2756499648094177,2.386157512664795,-1.4148250818252563
1.370200514793396,0.43859127163887024,-0.438747763633728,-2.007209300994873,0.2675902843475342,2.3907198905944824,-1.431075930595398
1.3687361478805542,0.4314626455307007,-0.43000397086143494,-2.015800952911377,0.2596549689769745,2.39516544342041,-1.447326898574829
1.4129695892333984,0.45927169919013977,-0.47628921270370483,-1.9863821268081665,0.29829347133636475,2.377939224243164,-1.4772602319717407
1.4542458057403564,0.4886796474456787,-0.5208925008773804,-1.9562495946884155,0.33781835436820984,2.3592922687530518,-1.5071935653686523
1.492917537689209,0.5197931528091431,-0.5643096566200256,-1.9253673553466797,0.37839245796203613,2.3391005992889404,-1.537126898765564
1.5292872190475464,0.55275559425354,-0.6070148348808289,-1.893694281578064,0.42021188139915466,2.317215919494629,-1.5670602321624756
1.5636143684387207,0.5877508521080017,-0.6494795680046082,-1.86118483543396,0.4635118246078491,2.2934584617614746,-1.5969935655593872
1.5961205959320068,0.6250155568122864,-0.6921870708465576,-1.8277862071990967,0.5085821747779846,2.2676074504852295,-1.6269268989562988
1.6269938945770264,0.6648484468460083,-0.7356556057929993,-1.7934398651123047,0.5557833313941956,2.239389181137085,-1.6568602323532104
1.6563903093338013,0.7076380848884583,-0.780465304851532,-1.7580775022506714,0.6055755615234375,2.2084569931030273,-1.686793565750122
1.6844375133514404,0.7538927793502808,-0.8273007869720459,-1.721621036529541,0.6585595607757568,2.17436146736145,-1.7167270183563232
1.711236596107483,0.8042957186698914,-0.8770169019699097,-1.6839803457260132,0.7155429124832153,2.136503219604492,-1.7466602325439453
1.7368594408035278,0.8598051071166992,-0.9307460784912109,-1.6450490951538086,0.7776609063148499,2.0940470695495605,-1.7765936851501465
1.7613383531570435,0.9218205213546753,-0.9900830388069153,-1.604703664779663,0.846578061580658,2.0457797050476074,-1.8065268993377686
1.7846577167510986,0.9925602078437805,-1.057495355606079,-1.562795877456665,0.9249404072761536,1.9897832870483398,-1.8364603519439697
