0.7886949777603149,0.5496311783790588,0.2521516978740692,-1.7857896089553833,-0.17781998217105865,2.3132903575897217,-1.2303242683410645
0.7938981652259827,0.5469493865966797,0.24433542788028717,-1.7888339757919312,-0.17188777029514313,2.3150811195373535,-1.210870385169983
0.7991302609443665,0.5443091988563538,0.23650796711444855,-1.7918592691421509,-0.1659780591726303,2.316842794418335,-1.1914165019989014
0.8043864369392395,0.5417093634605408,0.22867444157600403,-1.7948659658432007,-0.16009360551834106,2.318575143814087,-1.1719626188278198
0.8096752166748047,0.539150595664978,0.220824733376503,-1.7978532314300537,-0.15422751009464264,2.320279359817505,-1.1525087356567383
0.8149911165237427,0.5366308093070984,0.2129647433757782,-1.8008227348327637,-0.1483832597732544,2.3219549655914307,-1.1330548524856567
0.8203352093696594,0.5341514945030212,0.20509245991706848,-1.8037731647491455,-0.1425594836473465,2.3236024379730225,-1.1136009693145752
0.8257068991661072,0.5317119359970093,0.19720858335494995,-1.8067054748535156,-0.1367567926645279,2.3252220153808594,-1.0941470861434937
0.8311068415641785,0.5293116569519043,0.1893119215965271,-1.8096190690994263,-0.1309739351272583,2.3268141746520996,-1.074693202972412
0.8365334868431091,0.526951253414154,0.1814035028219223,-1.8125145435333252,-0.12521126866340637,2.3283791542053223,-1.0552393198013306
0.8419879078865051,0.5246297717094421,0.17348207533359528,-1.8153918981552124,-0.11946733295917511,2.3299174308776855,-1.035785436630249
0.8474686145782471,0.5223468542098999,0.1655489206314087,-1.8182512521743774,-0.11374339461326599,2.3314285278320312,-1.0163315534591675
0.8529767394065857,0.520103394985199,0.15760233998298645,-1.821092128753662,-0.10803759843111038,2.332913398742676,-0.9968777298927307
0.858510434627533,0.5178976058959961,0.14964385330677032,-1.823915958404541,-0.10235025733709335,2.334372043609619,-0.9774238467216492
0.8640706539154053,0.5157304406166077,0.14167243242263794,-1.826721429824829,-0.09668086469173431,2.3358042240142822,-0.9579699635505676
0.8696566224098206,0.5136016011238098,0.13368812203407288,-1.8295092582702637,-0.09103016555309296,2.3372111320495605,-0.9385160803794861
0.8752685785293579,0.5115112066268921,0.12569093704223633,-1.8322793245315552,-0.0853964239358902,2.338592529296875,-0.9190621972084045
0.8809052109718323,0.5094584822654724,0.11768122017383575,-1.8350324630737305,-0.07978013902902603,2.339949131011963,-0.899608314037323
0.8865668773651123,0.507443368434906,0.10965888947248459,-1.8377676010131836,-0.07418063282966614,2.341279983520508,-0.8801544308662415
0.8922533988952637,0.5054662227630615,0.10162347555160522,-1.8404853343963623,-0.06859779357910156,2.342586040496826,-0.8607005476951599
0.8979637622833252,0.5035265684127808,0.09357605129480362,-1.8431859016418457,-0.06303170323371887,2.343867778778076,-0.8412466645240784
0.903697669506073,0.5016233921051025,0.08551623672246933,-1.845869541168213,-0.057481326162815094,2.3451247215270996,-0.8217927813529968
0.9094554781913757,0.4997582733631134,0.07744359225034714,-1.8485356569290161,-0.0519467256963253,2.346357822418213,-0.8023389577865601
0.9152365326881409,0.4979301989078522,0.0693584457039833,-1.8511848449707031,-0.04642767086625099,2.347566843032837,-0.7828850746154785
0.9210401177406311,0.4961390197277069,0.06126131862401962,-1.8538168668746948,-0.04092419520020485,2.3487515449523926,-0.763431191444397
0.9268657565116882,0.49438443779945374,0.05315243452787399,-1.8564321994781494,-0.03543538227677345,2.349912643432617,-0.7439773082733154
0.9327128529548645,0.4926672875881195,0.04503202065825462,-1.8590306043624878,-0.029962118715047836,2.351050853729248,-0.7245234251022339
0.9385814666748047,0.490986168384552,0.03689985349774361,-1.8616122007369995,-0.024503031745553017,2.3521652221679688,-0.7050695419311523
0.9444708824157715,0.4893416464328766,0.02875644713640213,-1.8641773462295532,-0.019058365374803543,2.3532567024230957,-0.6856156587600708
0.9503809213638306,0.4877338409423828,0.02060181275010109,-1.8667256832122803,-0.013627628795802593,2.35432505607605,-0.6661617755889893
0.9563100337982178,0.48616212606430054,0.012437037192285061,-1.8692574501037598,-0.008210910484194756,2.3553707599639893,-0.6467078924179077
0.9622592329978943,0.48462674021720886,0.004260871559381485,-1.8717727661132812,-0.00280773569829762,2.356393814086914,-0.6272540092468262
0.9682269096374512,0.4831277132034302,-0.0039251819252967834,-1.8742718696594238,0.0025816604029387236,2.3573944568634033,-0.6078001260757446
0.9742130637168884,0.48166438937187195,-0.012121282517910004,-1.8767542839050293,0.00795861054211855,2.358372449874878,-0.5883462429046631
0.9802165627479553,0.48023661971092224,-0.020326655358076096,-1.879220724105835,0.01332150213420391,2.359328269958496,-0.5688923597335815
0.9862374067306519,0.47884562611579895,-0.028541473671793938,-1.8816707134246826,0.018672512844204903,2.360262393951416,-0.5494384765625
0.9922744035720825,0.4774899482727051,-0.036764807999134064,-1.884104609489441,0.024010639637708664,2.3611745834350586,-0.5299845933914185
0.998327910900116,0.4761699438095093,-0.044997092336416245,-1.8865225315093994,0.02933627739548683,2.3620645999908447,-0.5105307698249817
1.004396677017212,0.4748856723308563,-0.053237270563840866,-1.8889243602752686,0.034649647772312164,2.362933397293091,-0.49107685685157776
1.0104799270629883,0.473636656999588,-0.06148507446050644,-1.891310214996338,0.03995122015476227,2.3637804985046387,-0.4716229736804962
1.0165770053863525,0.4724228084087372,-0.06973972171545029,-1.893680214881897,0.045240938663482666,2.3646059036254883,-0.45216912031173706
1.0226881504058838,0.4712449014186859,-0.07800178229808807,-1.8960344791412354,0.050518810749053955,2.365410327911377,-0.4327152371406555
1.0288112163543701,0.4701022505760193,-0.08626922965049744,-1.8983728885650635,0.0557854063808918,2.366194009780884,-0.413261353969574
1.0349465608596802,0.46899476647377014,-0.09454287588596344,-1.9006953239440918,0.06104070693254471,2.3669562339782715,-0.39380747079849243
1.041093111038208,0.46792247891426086,-0.1028214767575264,-1.9030022621154785,0.06628447026014328,2.367697238922119,-0.3743536174297333
1.0472506284713745,0.4668852984905243,-0.11110521107912064,-1.905293583869934,0.07151826471090317,2.3684182167053223,-0.35489970445632935
1.0534186363220215,0.46588337421417236,-0.11939385533332825,-1.907569408416748,0.0767408087849617,2.3691179752349854,-0.3354458510875702
1.0595955848693848,0.46491527557373047,-0.1276857554912567,-1.90982985496521,0.0819532573223114,2.3697972297668457,-0.31599196791648865
1.0657813549041748,0.46398311853408813,-0.13598081469535828,-1.9120744466781616,0.08715474605560303,2.370455741882324,-0.2965380847454071
1.0719741582870483,0.46308571100234985,-0.1442781239748001,-1.9143041372299194,0.09234596788883209,2.3710947036743164,-0.27708420157432556
1.0781749486923218,0.46222272515296936,-0.15257832407951355,-1.9165184497833252,0.09752798825502396,2.3717129230499268,-0.2576303482055664
1.084381341934204,0.46139398217201233,-0.1608791947364807,-1.9187172651290894,0.10269945114850998,2.3723104000091553,-0.23817646503448486
1.0905935764312744,0.460600346326828,-0.16918118298053741,-1.920900583267212,0.10786145180463791,2.3728880882263184,-0.21872259676456451
1.0968096256256104,0.45984145998954773,-0.17748260498046875,-1.9230693578720093,0.11301308870315552,2.373446226119995,-0.1992686688899994
1.1030311584472656,0.4591161906719208,-0.18578538298606873,-1.9252225160598755,0.11815635114908218,2.37398362159729,-0.17981480062007904
1.1092549562454224,0.458426296710968,-0.19408582150936127,-1.9273607730865479,0.12328962236642838,2.374501943588257,-0.1603609323501587
1.1154811382293701,0.457770437002182,-0.20238466560840607,-1.9294838905334473,0.12841375172138214,2.375,-0.14090706408023834
1.1217097043991089,0.45714858174324036,-0.2106822431087494,-1.9315922260284424,0.13352960348129272,2.375478506088257,-0.121453195810318
1.1279382705688477,0.4565604031085968,-0.21897608041763306,-1.9336857795715332,0.13863596320152283,2.3759374618530273,-0.10199932754039764
1.1341667175292969,0.45600688457489014,-0.22726614773273468,-1.935763955116272,0.14373384416103363,2.3763766288757324,-0.0825454592704773
1.140394687652588,0.4554874002933502,-0.23555228114128113,-1.937827467918396,0.14882317185401917,2.376796007156372,-0.06309153139591217
1.1466214656829834,0.4550018012523651,-0.2438339740037918,-1.9398764371871948,0.1539047211408615,2.3771960735321045,-0.04363766312599182
1.1528444290161133,0.45455047488212585,-0.2521088421344757,-1.9419105052947998,0.15897643566131592,2.377577543258667,-0.024183794856071472
1.1590652465820312,0.4541325867176056,-0.2603786289691925,-1.943929672241211,0.16404131054878235,2.377938747406006,-0.004729926586151123
1.1652811765670776,0.4537489116191864,-0.2686406672000885,-1.945934534072876,0.16909778118133545,2.378281354904175,0.014724038541316986
1.1714926958084106,0.45339834690093994,-0.2768954038619995,-1.9479243755340576,0.17414605617523193,2.3786044120788574,0.034177809953689575
1.1776981353759766,0.45308154821395874,-0.28514182567596436,-1.9498999118804932,0.17918698489665985,2.378908157348633,0.053631775081157684
1.183896780014038,0.45279842615127563,-0.2933788299560547,-1.9518609046936035,0.18422065675258636,2.3791933059692383,0.07308560609817505
1.1900887489318848,0.452548623085022,-0.3016071617603302,-1.9538074731826782,0.1892465353012085,2.3794589042663574,0.09253951162099838
1.196271538734436,0.45233240723609924,-0.3098239600658417,-1.9557394981384277,0.19426479935646057,2.3797056674957275,0.11199334263801575
1.2024449110031128,0.4521498680114746,-0.31802937388420105,-1.9576570987701416,0.19927579164505005,2.379934072494507,0.13144731521606445
1.2086093425750732,0.4520000219345093,-0.32622388005256653,-1.9595603942871094,0.2042798399925232,2.3801426887512207,0.15090107917785645
1.2147624492645264,0.45188337564468384,-0.3344055712223053,-1.961449384689331,0.20927733182907104,2.3803327083587646,0.17035505175590515
1.2209035158157349,0.4518001973628998,-0.3425735831260681,-1.9633241891860962,0.2142678052186966,2.3805041313171387,0.18980881571769714
1.2270326614379883,0.4517499506473541,-0.3507283627986908,-1.9651843309402466,0.2192510962486267,2.3806564807891846,0.20926278829574585
1.2331478595733643,0.4517323672771454,-0.35886749625205994,-1.9670307636260986,0.22422802448272705,2.3807899951934814,0.22871661186218262
1.2392497062683105,0.45174795389175415,-0.3669925630092621,-1.968862771987915,0.22919851541519165,2.3809046745300293,0.24817058444023132
1.2453364133834839,0.45179638266563416,-0.3751009404659271,-1.970680594444275,0.2341625690460205,2.3810009956359863,0.2676243484020233
1.251407504081726,0.45187774300575256,-0.3831930458545685,-1.9724843502044678,0.23912066221237183,2.3810782432556152,0.287078320980072
1.2574621438980103,0.4519914388656616,-0.39126771688461304,-1.9742741584777832,0.2440723329782486,2.3811371326446533,0.306532084941864
1.2634987831115723,0.4521382451057434,-0.3993239104747772,-1.9760499000549316,0.24901802837848663,2.3811771869659424,0.3259860575199127
1.2695180177688599,0.45231708884239197,-0.407361775636673,-1.977811574935913,0.25395774841308594,2.3811984062194824,0.3454398810863495
1.2755181789398193,0.4525284171104431,-0.41538020968437195,-1.9795596599578857,0.25889164209365845,2.3812012672424316,0.3648937940597534
1.2814985513687134,0.45277249813079834,-0.42337867617607117,-1.9812933206558228,0.2638203203678131,2.381185531616211,0.3843476176261902
1.2874583005905151,0.4530482292175293,-0.4313562214374542,-1.983013391494751,0.2687424123287201,2.381150960922241,0.4038015902042389
1.2933964729309082,0.4533565640449524,-0.4393121004104614,-1.9847196340560913,0.27365943789482117,2.3810982704162598,0.4232553541660309
1.2993146181106567,0.4536969065666199,-0.44724786281585693,-1.9864119291305542,0.27857184410095215,2.381026029586792,0.4427093267440796
1.305208444595337,0.4540693759918213,-0.45515936613082886,-1.9880905151367188,0.2834782004356384,2.3809359073638916,0.46216315031051636
1.3110791444778442,0.4544740617275238,-0.4630482792854309,-1.989755392074585,0.28837984800338745,2.3808274269104004,0.4816170632839203
1.3169251680374146,0.45491063594818115,-0.47091278433799744,-1.9914064407348633,0.29327645897865295,2.3807003498077393,0.5010709166526794
1.322747826576233,0.45537859201431274,-0.47875407338142395,-1.9930438995361328,0.2981680631637573,2.380553960800171,0.5205248594284058
1.32854425907135,0.45587867498397827,-0.4865700602531433,-1.994667649269104,0.3030547499656677,2.380389451980591,0.5399786233901978
1.3343143463134766,0.45641037821769714,-0.49436044692993164,-1.9962776899337769,0.30793675780296326,2.380206346511841,0.5594325661659241
1.3400577306747437,0.45697370171546936,-0.5021247863769531,-1.9978742599487305,0.312814325094223,2.380004644393921,0.5788863897323608
1.345773696899414,0.4575682580471039,-0.5098627805709839,-1.9994572401046753,0.3176872134208679,2.379784107208252,0.5983403325080872
1.3514610528945923,0.4581945836544037,-0.5175729990005493,-2.0010266304016113,0.32255563139915466,2.379545211791992,0.6177941560745239
1.3571207523345947,0.4588518440723419,-0.5252565741539001,-2.002582550048828,0.3274199962615967,2.3792872428894043,0.6372480988502502
1.3627500534057617,0.45954132080078125,-0.5329115390777588,-2.0041251182556152,0.33228033781051636,2.3790109157562256,0.656701922416687
1.368349552154541,0.46026113629341125,-0.5405376553535461,-2.0056543350219727,0.3371363580226898,2.378715991973877,0.6761558651924133
1.3739187717437744,0.46101242303848267,-0.5481348037719727,-2.007169723510742,0.341988742351532,2.3784022331237793,0.6956096291542053
1.3794565200805664,0.46179479360580444,-0.5557025671005249,-2.008671760559082,0.34683701395988464,2.3780698776245117,0.7150635719299316
1.3849619626998901,0.4626081585884094,-0.5632393956184387,-2.0101606845855713,0.35168159008026123,2.377718448638916,0.7345174551010132
1.390435814857483,0.46345236897468567,-0.5707464218139648,-2.011636257171631,0.3565226197242737,2.3773488998413086,0.7539713382720947
1.3958766460418701,0.4643273949623108,-0.5782223343849182,-2.01309871673584,0.3613600730895996,2.376960039138794,0.7734251618385315
1.4012844562530518,0.46523338556289673,-0.5856672525405884,-2.014547348022461,0.3661941885948181,2.376552104949951,0.792879045009613
1.4066580533981323,0.4661702513694763,-0.5930802226066589,-2.0159831047058105,0.37102460861206055,2.3761255741119385,0.8123329877853394
1.4119970798492432,0.46713778376579285,-0.6004607081413269,-2.0174055099487305,0.37585192918777466,2.3756802082061768,0.8317869305610657
1.4173011779785156,0.46813568472862244,-0.6078087091445923,-2.0188148021698,0.38067615032196045,2.375215768814087,0.8512406945228577
1.4225702285766602,0.46916449069976807,-0.6151241064071655,-2.0202107429504395,0.3854975998401642,2.374732255935669,0.870694637298584
1.42780339717865,0.4702232778072357,-0.6224059462547302,-2.0215935707092285,0.3903156518936157,2.374229907989502,0.8901484608650208
1.433000922203064,0.47131267189979553,-0.6296548247337341,-2.022963523864746,0.3951314389705658,2.3737082481384277,0.9096024036407471
1.438161849975586,0.4724322259426117,-0.6368700265884399,-2.024320125579834,0.3999447822570801,2.3731672763824463,0.9290561676025391
1.4432854652404785,0.4735821485519409,-0.6440507769584656,-2.0256638526916504,0.4047549366950989,2.3726072311401367,0.9485101103782654
1.4483717679977417,0.47476276755332947,-0.6511968970298767,-2.026994228363037,0.40956246852874756,2.372027635574341,0.9679639339447021
1.4534199237823486,0.4759731590747833,-0.6583081483840942,-2.0283117294311523,0.41436833143234253,2.371429204940796,0.9874178767204285
1.4584304094314575,0.4772137999534607,-0.665384829044342,-2.029616355895996,0.41917121410369873,2.3708112239837646,1.0068717002868652
1.4634020328521729,0.47848471999168396,-0.6724258661270142,-2.0309078693389893,0.4239720404148102,2.3701741695404053,1.0263255834579468
1.4683345556259155,0.4797852337360382,-0.6794312596321106,-2.032186508178711,0.4287708103656769,2.3695173263549805,1.0457794666290283
1.4732286930084229,0.481116384267807,-0.6864017248153687,-2.033451795578003,0.43356823921203613,2.3688406944274902,1.0652333498001099
1.4780827760696411,0.48247721791267395,-0.693335771560669,-2.0347044467926025,0.43836307525634766,2.3681447505950928,1.0846872329711914
1.4828985929489136,0.4838677942752838,-0.7002352476119995,-2.0359442234039307,0.4431569576263428,2.3674283027648926,1.1041412353515625
1.487673044204712,0.4852883219718933,-0.707097053527832,-2.0371711254119873,0.44794827699661255,2.3666927814483643,1.1235949993133545
1.4924076795578003,0.4867388904094696,-0.7139229774475098,-2.0383849143981934,0.4527384042739868,2.3659372329711914,1.143048882484436
1.497101068496704,0.4882192313671112,-0.7207117080688477,-2.039586067199707,0.4575273394584656,2.365161895751953,1.1625027656555176
1.5017509460449219,0.4897281229496002,-0.7274608612060547,-2.0407748222351074,0.46231240034103394,2.3643674850463867,1.1819566488265991
1.5063644647598267,0.4912681579589844,-0.7341779470443726,-2.041950225830078,0.46709901094436646,2.363551616668701,1.2014104127883911
1.510935664176941,0.4928379952907562,-0.7408571839332581,-2.0431132316589355,0.47188472747802734,2.362715721130371,1.2208644151687622
1.5169751644134521,0.5283723473548889,-0.7592881321907043,-2.004567861557007,0.5035325884819031,2.338900089263916,1.2307130098342896
1.5234233140945435,0.5655474662780762,-0.7796381711959839,-1.9651200771331787,0.536788821220398,2.3134119510650635,1.240561604499817
1.5302162170410156,0.6046028137207031,-0.8020968437194824,-1.9246958494186401,0.5719170570373535,2.2860517501831055,1.2504103183746338
1.537299394607544,0.6458318829536438,-0.8269280791282654,-1.8832117319107056,0.6092523336410522,2.2565717697143555,1.2602589130401611
1.5446182489395142,0.6896010041236877,-0.8544825911521912,-1.8405706882476807,0.6492162346839905,2.2246623039245605,1.2701075077056885
1.5521239042282104,0.7363778948783875,-0.8852389454841614,-1.79666268825531,0.6923640370368958,2.1899240016937256,1.2799561023712158
1.559761643409729,0.7867792248725891,-0.9198493957519531,-1.751356840133667,0.7394375801086426,2.151829242706299,1.2898046970367432
1.5674710273742676,0.8416488766670227,-0.959234356880188,-1.7045003175735474,0.7914681434631348,2.1096551418304443,1.2996532917022705
1.57517671585083,0.902197003364563,-1.0047409534454346,-1.6559096574783325,0.8499534726142883,2.0623626708984375,1.3095018863677979
1.5827744007110596,0.9702802896499634,-1.0584625005722046,-1.605363130569458,0.917209267616272,2.0083580017089844,1.3193504810333252
1.5901063680648804,1.0490363836288452,-1.123957872390747,-1.5525879859924316,0.9971607327461243,1.9449489116668701,1.329199194908142
1.596850037574768,1.1446547508239746,-1.2081986665725708,-1.4972419738769531,1.0975193977355957,1.8668333292007446,1.3390477895736694
1.5720009803771973,1.0778266191482544,-1.1393680572509766,-1.5187230110168457,1.0197405815124512,1.921167254447937,1.3662594556808472
1.5460399389266968,1.0207313299179077,-1.0790666341781616,-1.5395088195800781,0.9520445466041565,1.9670356512069702,1.393471121788025
1.5190892219543457,0.9705442786216736,-1.024482250213623,-1.559631586074829,0.8912866711616516,2.006873369216919,1.4206827878952026
1.4911868572235107,0.9256232976913452,-0.9739511013031006,-1.5791196823120117,0.8356420397758484,2.042104959487915,1.4478944540023804
1.4623503684997559,0.8849127888679504,-0.9263968467712402,-1.597998857498169,0.7839393615722656,2.0736474990844727,1.475106120109558
1.4325740337371826,0.847684919834137,-0.8810589909553528,-1.6162923574447632,0.7353704571723938,2.1021406650543213,1.5023177862167358
1.4018430709838867,0.8134146928787231,-0.83737713098526,-1.634020209312439,0.6893513202667236,2.1280481815338135,1.5295294523239136
1.370134949684143,0.7817105054855347,-0.794918954372406,-1.6512010097503662,0.6454452872276306,2.151718854904175,1.5567411184310913
1.3374204635620117,0.7522701621055603,-0.7533374428749084,-1.667851209640503,0.6033115983009338,2.1734261512756348,1.583952784538269
1.3036682605743408,0.7248587608337402,-0.7123498916625977,-1.6839854717254639,0.5626826882362366,2.193385124206543,1.6111645698547363
1.2688446044921875,0.6992889046669006,-0.6717182397842407,-1.6996182203292847,0.5233426690101624,2.2117719650268555,1.6383761167526245
1.2329148054122925,0.6754096746444702,-0.6312395930290222,-1.7147610187530518,0.4851125478744507,2.2287306785583496,1.6655879020690918
1.1958428621292114,0.653100311756134,-0.5907381176948547,-1.7294247150421143,0.4478432834148407,2.2443811893463135,1.6927995681762695
1.1575970649719238,0.6322619915008545,-0.5500627160072327,-1.7436202764511108,0.4114105701446533,2.2588250637054443,1.7200112342834473
1.1181460618972778,0.6128151416778564,-0.5090807676315308,-1.75735604763031,0.37570720911026,2.272146701812744,1.747222900390625
1.0774636268615723,0.594696044921875,-0.4676775336265564,-1.7706413269042969,0.340641587972641,2.2844202518463135,1.7744344472885132
1.0355298519134521,0.5778537392616272,-0.42575597763061523,-1.7834826707839966,0.3061346709728241,2.2957072257995605,1.8016462326049805
0.9923295378684998,0.5622485876083374,-0.38323310017585754,-1.7958875894546509,0.27211499214172363,2.306061267852783,1.8288578987121582
0.9478597640991211,0.5478498339653015,-0.3400454521179199,-1.8078625202178955,0.2385227382183075,2.3155295848846436,1.8560694456100464
0.9021247625350952,0.5346354246139526,-0.29614272713661194,-1.8194127082824707,0.2053016722202301,2.324150562286377,1.8832812309265137
0.8551447987556458,0.5225892066955566,-0.25149622559547424,-1.830544114112854,0.17240367829799652,2.3319590091705322,1.9104928970336914
0.8069506287574768,0.5117027163505554,-0.20609189569950104,-1.8412607908248901,0.13978557288646698,2.3389840126037598,1.9377045631408691
0.7575914859771729,0.5019703507423401,-0.15993759036064148,-1.8515679836273193,0.10740657150745392,2.345249652862549,1.9649162292480469
0.7071318626403809,0.4933910369873047,-0.11306018382310867,-1.8614692687988281,0.07523005455732346,2.3507771492004395,1.9921278953552246
0.6556532979011536,0.4859674274921417,-0.06550528109073639,-1.8709686994552612,0.04322417080402374,2.3555827140808105,2.0193395614624023
0.7303294539451599,0.4831785559654236,-0.14790502190589905,-1.8814831972122192,0.09713324159383774,2.3577969074249268,1.9875812530517578
0.8050660490989685,0.48345622420310974,-0.23007307946681976,-1.8913933038711548,0.15079383552074432,2.358236789703369,1.9558229446411133
0.8792158961296082,0.4867957532405853,-0.31146368384361267,-1.9007115364074707,0.20429833233356476,2.356898307800293,1.9240646362304688
0.952157735824585,0.4931933879852295,-0.39155444502830505,-1.9094493389129639,0.25773927569389343,2.353755235671997,1.8923063278198242
1.0233277082443237,0.5026494264602661,-0.4698803424835205,-1.9176207780838013,0.3112080991268158,2.348761558532715,1.8605481386184692
1.0922436714172363,0.5151749849319458,-0.54606032371521,-1.9252368211746216,0.36480140686035156,2.341843605041504,1.8287898302078247
1.158521294593811,0.5307965874671936,-0.6198140382766724,-1.9323116540908813,0.4186202585697174,2.3329038619995117,1.7970314025878906
1.2218732833862305,0.5495671629905701,-0.690967321395874,-1.9388575553894043,0.4727737307548523,2.3218131065368652,1.765273094177246
1.282116174697876,0.5715786218643188,-0.759459376335144,-1.9448877573013306,0.5273899435997009,2.3084030151367188,1.7335149049758911
1.3391484022140503,0.5969714522361755,-0.8253280520439148,-1.9504159688949585,0.5826125144958496,2.2924625873565674,1.7017565965652466
1.3929436206817627,0.6259533762931824,-0.8887083530426025,-1.9554557800292969,0.6386164426803589,2.2737202644348145,1.669998288154602
1.4435310363769531,0.6588209867477417,-0.9498226642608643,-1.9600204229354858,0.6956171989440918,2.251831293106079,1.6382399797439575
1.4909782409667969,0.6959868669509888,-1.0089764595031738,-1.964125156402588,0.7538846135139465,2.2263503074645996,1.606481671333313
1.4831054210662842,0.6832769513130188,-1.0018136501312256,-1.9737424850463867,0.7421249151229858,2.235729217529297,1.584397554397583
1.4751158952713013,0.6708033680915833,-0.9947818517684937,-1.9832321405410767,0.7305167317390442,2.2448809146881104,1.562313437461853
1.4670065641403198,0.6585569381713867,-0.9878682494163513,-1.9925949573516846,0.7190479636192322,2.253812789916992,1.540229320526123
1.4587748050689697,0.6465297937393188,-0.981061577796936,-2.0018320083618164,0.7077100276947021,2.2625322341918945,1.518145203590393
1.4504177570343018,0.634713351726532,-0.9743508696556091,-2.0109446048736572,0.6964933276176453,2.2710464000701904,1.496061086654663
1.4419305324554443,0.6231001019477844,-0.9677236080169678,-2.0199332237243652,0.6853879690170288,2.2793619632720947,1.4739770889282227
1.4333117008209229,0.6116838455200195,-0.9611712098121643,-2.0287985801696777,0.6743881106376648,2.2874841690063477,1.4518929719924927
1.424556016921997,0.6004578471183777,-0.9546821117401123,-2.037541151046753,0.6634855270385742,2.2954187393188477,1.4298088550567627
1.4156599044799805,0.5894157886505127,-0.9482460618019104,-2.0461626052856445,0.6526727080345154,2.3031716346740723,1.4077247381210327
1.406619906425476,0.5785529017448425,-0.9418538212776184,-2.0546627044677734,0.6419433951377869,2.310746908187866,1.3856406211853027
1.3974287509918213,0.5678632855415344,-0.9354925155639648,-2.063042402267456,0.6312904357910156,2.318150281906128,1.3635565042495728
1.3880857229232788,0.5573419332504272,-0.9291567206382751,-2.0713021755218506,0.6207090616226196,2.3253841400146484,1.3414723873138428
1.3785825967788696,0.5469854474067688,-0.9228326678276062,-2.0794425010681152,0.6101939678192139,2.3324544429779053,1.3193882703781128
1.3689152002334595,0.536788284778595,-0.9165118336677551,-2.087463855743408,0.599738597869873,2.3393640518188477,1.2973041534423828
1.3590770959854126,0.5267474055290222,-0.9101832509040833,-2.0953662395477295,0.589339554309845,2.3461170196533203,1.2752200365066528
1.3490633964538574,0.5168589353561401,-0.9038380980491638,-2.1031506061553955,0.5789914727210999,2.3527162075042725,1.2531359195709229
1.3388670682907104,0.5071187615394592,-0.8974646925926208,-2.110816478729248,0.5686898827552795,2.3591651916503906,1.2310518026351929
1.3284810781478882,0.4975242018699646,-0.8910527229309082,-2.1183652877807617,0.5584303140640259,2.365467071533203,1.2089678049087524
1.3178997039794922,0.48807230591773987,-0.8845927715301514,-2.125795841217041,0.5482097864151001,2.371624231338501,1.1868836879730225
1.3071174621582031,0.4787621796131134,-0.8780757784843445,-2.1331090927124023,0.5380276441574097,2.377638578414917,1.1647995710372925
1.2961221933364868,0.4695875644683838,-0.8714857697486877,-2.140305519104004,0.5278739929199219,2.383514404296875,1.1427154541015625
1.2849063873291016,0.46054807305336,-0.8648127913475037,-2.1473846435546875,0.5177487134933472,2.389253854751587,1.1206313371658325
1.2734616994857788,0.4516409635543823,-0.8580446243286133,-2.1543467044830322,0.5076481103897095,2.3948590755462646,1.0985472202301025
1.2617805004119873,0.44286417961120605,-0.8511708378791809,-2.1611924171447754,0.4975702464580536,2.400331735610962,1.0764631032943726
1.249852180480957,0.4342162609100342,-0.8441783785820007,-2.1679203510284424,0.48751094937324524,2.4056739807128906,1.0543789863586426
1.2376662492752075,0.42569515109062195,-0.8370532989501953,-2.174531936645508,0.4774687588214874,2.4108879566192627,1.0322948694229126
1.2252109050750732,0.41729962825775146,-0.8297813534736633,-2.1810266971588135,0.46744024753570557,2.4159762859344482,1.0102107524871826
1.2124757766723633,0.4090280532836914,-0.8223495483398438,-2.1874043941497803,0.45742350816726685,2.4209399223327637,0.9881266951560974
1.199448585510254,0.40088000893592834,-0.8147429823875427,-2.193665027618408,0.4474165439605713,2.4257802963256836,0.9660425782203674
1.1861178874969482,0.392853319644928,-0.8069472312927246,-2.199808359146118,0.4374168813228607,2.43049955368042,0.9439584612846375
1.1724696159362793,0.3849480152130127,-0.7989446520805359,-2.2058348655700684,0.4274228811264038,2.435098886489868,0.9218743443489075
1.1584877967834473,0.37716302275657654,-0.7907198071479797,-2.2117435932159424,0.4174319803714752,2.439580202102661,0.8997902870178223
1.1441588401794434,0.36949780583381653,-0.782255232334137,-2.2175350189208984,0.4074428975582123,2.4439451694488525,0.8777061700820923
1.129469394683838,0.36195245385169983,-0.7735351920127869,-2.2232086658477783,0.3974538743495941,2.4481937885284424,0.8556220531463623
1.1143999099731445,0.3545258343219757,-0.7645379900932312,-2.228764057159424,0.3874637484550476,2.4523284435272217,0.8335379362106323
1.0989350080490112,0.3472191095352173,-0.7552453279495239,-2.2342019081115723,0.37747058272361755,2.456350326538086,0.8114538788795471
1.0830563306808472,0.34003153443336487,-0.7456374168395996,-2.2395212650299072,0.367473304271698,2.4602599143981934,0.7893697619438171
1.0667448043823242,0.3329642117023468,-0.7356924414634705,-2.244722366333008,0.3574700653553009,2.4640588760375977,0.7672856450080872
1.0499802827835083,0.32601749897003174,-0.7253881692886353,-2.2498044967651367,0.34746062755584717,2.4677484035491943,0.7452015280723572
1.0327415466308594,0.31919193267822266,-0.7147011756896973,-2.254767417907715,0.33744314312934875,2.4713292121887207,0.7231173515319824
1.015009880065918,0.3124891519546509,-0.7036104798316956,-2.259611129760742,0.3274170458316803,2.474801540374756,0.701033353805542
0.9967604279518127,0.3059094250202179,-0.6920889616012573,-2.2643353939056396,0.31738102436065674,2.4781675338745117,0.678949236869812
0.9779698252677917,0.29945507645606995,-0.680111289024353,-2.268939971923828,0.30733492970466614,2.4814274311065674,0.656865119934082
0.9586153626441956,0.2931278645992279,-0.6676526069641113,-2.2734241485595703,0.2972771227359772,2.48458194732666,0.634781002998352
0.9386718273162842,0.2869287133216858,-0.6546852588653564,-2.277787685394287,0.28720781207084656,2.4876320362091064,0.6126968860626221
0.91811203956604,0.28086134791374207,-0.641180157661438,-2.2820310592651367,0.27712562680244446,2.4905786514282227,0.5906127095222473
0.8969124555587769,0.27492761611938477,-0.6271114349365234,-2.2861528396606445,0.26703059673309326,2.493421792984009,0.5685287117958069
0.8750442266464233,0.2691303789615631,-0.6124480366706848,-2.290153741836548,0.2569217085838318,2.4961628913879395,0.5464445948600769
0.8524825572967529,0.26347166299819946,-0.597163200378418,-2.294032573699951,0.24679896235466003,2.4988019466400146,0.5243604779243469
0.8291964530944824,0.25795772671699524,-0.5812235474586487,-2.2977895736694336,0.23666182160377502,2.501340389251709,0.5022763609886169
0.8051638007164001,0.25258928537368774,-0.5646045804023743,-2.301424503326416,0.22651034593582153,2.5037777423858643,0.4801922142505646
0.7803547978401184,0.24737176299095154,-0.547274649143219,-2.3049368858337402,0.21634390950202942,2.506115436553955,0.45810818672180176
0.7547444701194763,0.2423100620508194,-0.5292062759399414,-2.308326244354248,0.20616267621517181,2.5083534717559814,0.4360240399837494
0.7283065915107727,0.23740854859352112,-0.5103714466094971,-2.3115923404693604,0.19596627354621887,2.5104928016662598,0.4139399230480194
0.701022207736969,0.23267152905464172,-0.4907482862472534,-2.314734935760498,0.18575544655323029,2.5125327110290527,0.39185580611228943
0.6728651523590088,0.2281053066253662,-0.47030872106552124,-2.317753791809082,0.1755286604166031,2.514474868774414,0.36977168917655945
0.6438173651695251,0.22371572256088257,-0.44903266429901123,-2.320648670196533,0.1652870625257492,2.5163192749023438,0.34768757224082947
0.6138667464256287,0.21950791776180267,-0.42690545320510864,-2.3234190940856934,0.15503063797950745,2.518065929412842,0.32560354471206665
0.5829982161521912,0.21548977494239807,-0.40390968322753906,-2.3260650634765625,0.14475931227207184,2.5197157859802246,0.3035193979740143
0.5512077212333679,0.21166670322418213,-0.38003888726234436,-2.328585624694824,0.1344738006591797,2.521268367767334,0.2814352810382843
0.5184914469718933,0.2080458402633667,-0.35528725385665894,-2.330981492996216,0.1241736114025116,2.5227251052856445,0.2593511641025543
0.4848583936691284,0.20463356375694275,-0.32966119050979614,-2.333251714706421,0.11385983228683472,2.5240845680236816,0.23726703226566315
0.4503168761730194,0.20143820345401764,-0.3031668961048126,-2.3353960514068604,0.1035323515534401,2.52534818649292,0.21518300473690033
0.4148872196674347,0.19846700131893158,-0.2758219838142395,-2.3374147415161133,0.09319165349006653,2.526516914367676,0.19309888780117035
0.378599613904953,0.19572484493255615,-0.2476525455713272,-2.3393070697784424,0.0828380435705185,2.5275886058807373,0.17101475596427917
0.34148791432380676,0.19322159886360168,-0.21869321167469025,-2.3410730361938477,0.07247182726860046,2.5285658836364746,0.1489306390285492
0.3036024272441864,0.19096152484416962,-0.18899047374725342,-2.342712640762329,0.06209387257695198,2.529446840286255,0.12684650719165802
0.2649964988231659,0.18895190954208374,-0.15859518945217133,-2.3442251682281494,0.05170442909002304,2.5302324295043945,0.10476238280534744
0.22573596239089966,0.18719981610774994,-0.12757079303264618,-2.345611095428467,0.04130398482084274,2.530923366546631,0.08267835527658463
0.18589679896831512,0.18570853769779205,-0.09599074721336365,-2.346869468688965,0.030893366783857346,2.5315189361572266,0.060594234615564346
0.14556163549423218,0.1844853162765503,-0.06393515318632126,-2.348001003265381,0.020472923293709755,2.5320191383361816,0.03851011022925377
0.1273370087146759,0.18167266249656677,-0.04621003195643425,-2.3519082069396973,0.014605944976210594,2.5333409309387207,0.018479716032743454
0.10863498598337173,0.17892149090766907,-0.02802320569753647,-2.355803966522217,0.008742806501686573,2.5346384048461914,-0.0015506776981055737
0.0894453302025795,0.17623251676559448,-0.009364338591694832,-2.3596880435943604,0.002883718814700842,2.5359113216400146,-0.021581072360277176
0.06975888460874557,0.17360970377922058,0.009775912389159203,-2.363560199737549,-0.0029715015552937984,2.5371599197387695,-0.04161146655678749
0.04956404119729996,0.17105422914028168,0.02940918318927288,-2.3674206733703613,-0.008823401294648647,2.538383960723877,-0.061641860753297806
0.028853408992290497,0.1685677021741867,0.04954304173588753,-2.371269702911377,-0.014671999961137772,2.539583683013916,-0.08167225122451782
0.007619654294103384,0.16615208983421326,0.07018493860960007,-2.3751072883605957,-0.020517373457551003,2.540759325027466,-0.10170264542102814
-0.014143800362944603,0.16381049156188965,0.0913415402173996,-2.3789334297180176,-0.026359744369983673,2.5419111251831055,-0.12173303961753845
-0.03644184395670891,0.16154536604881287,0.11301786452531815,-2.3827476501464844,-0.032199326902627945,2.5430386066436768,-0.14176343381404877
-0.05927857756614685,0.15935875475406647,0.13521808385849,-2.3865509033203125,-0.038036469370126724,2.544142484664917,-0.16179382801055908
-0.08265466243028641,0.15725316107273102,0.157942995429039,-2.3903427124023438,-0.0438711941242218,2.545222282409668,-0.1818242222070694
-0.10656949877738953,0.15523026883602142,0.18119215965270996,-2.3941233158111572,-0.049703530967235565,2.546278476715088,-0.2018546164035797
-0.1310216337442398,0.1532941609621048,0.20496408641338348,-2.397892475128174,-0.05553383752703667,2.5473103523254395,-0.22188501060009003
-0.15600498020648956,0.15144649147987366,0.2292528599500656,-2.4016504287719727,-0.06136230006814003,2.5483193397521973,-0.24191540479660034
-0.18151222169399261,0.14968974888324738,0.2540512979030609,-2.405397415161133,-0.06718884408473969,2.549304246902466,-0.26194581389427185
-0.20753365755081177,0.14802590012550354,0.2793497145175934,-2.409133195877075,-0.07301416248083115,2.5502657890319824,-0.28197619318962097
-0.23405450582504272,0.14645931124687195,0.30513349175453186,-2.412858009338379,-0.07883769273757935,2.551203727722168,-0.3020066022872925
-0.2610597610473633,0.14499104022979736,0.3313876986503601,-2.416571617126465,-0.08466006070375443,2.5521178245544434,-0.3220369815826416
-0.2885296642780304,0.14362411201000214,0.3580925464630127,-2.420274257659912,-0.0904817059636116,2.553008794784546,-0.3420673608779907
-0.3164399266242981,0.14235930144786835,0.38522398471832275,-2.4239659309387207,-0.09630193561315536,2.5538763999938965,-0.36209776997566223
-0.34476539492607117,0.14120055735111237,0.4127568006515503,-2.4276466369628906,-0.10212161391973495,2.554720401763916,-0.38212814927101135
-0.3734750747680664,0.14014969766139984,0.440660297870636,-2.431316614151001,-0.10794015228748322,2.5555412769317627,-0.40215855836868286
-0.4025391638278961,0.13920697569847107,0.4689048230648041,-2.4349758625030518,-0.11375860124826431,2.5563387870788574,-0.422188937664032
-0.4319235682487488,0.13837632536888123,0.4974557161331177,-2.438624143600464,-0.11957681179046631,2.557112216949463,-0.4422193467617035
-0.4615846276283264,0.1376580148935318,0.5262699723243713,-2.4422616958618164,-0.12539474666118622,2.5578629970550537,-0.4622496962547302
-0.49148401618003845,0.13705381751060486,0.5553091764450073,-2.4458887577056885,-0.13121254742145538,2.5585901737213135,-0.4822801351547241
-0.521578311920166,0.1365651935338974,0.5845298767089844,-2.449504852294922,-0.13703057169914246,2.5592939853668213,-0.5023105144500732
-0.5518214106559753,0.13619256019592285,0.6138860583305359,-2.453110694885254,-0.14284905791282654,2.5599749088287354,-0.5223408937454224
-0.5821664929389954,0.13593636453151703,0.6433313488960266,-2.4567055702209473,-0.14866746962070465,2.5606322288513184,-0.5423712730407715
-0.6125682592391968,0.13579732179641724,0.6728200912475586,-2.4602904319763184,-0.15448696911334991,2.5612661838531494,-0.5624017119407654
-0.6429769992828369,0.1357744187116623,0.7023027539253235,-2.463864326477051,-0.16030658781528473,2.5618762969970703,-0.5824320912361145
-0.6733435392379761,0.1358690708875656,0.7317301630973816,-2.467428207397461,-0.166127547621727,2.5624632835388184,-0.6024624705314636
-0.7036194205284119,0.1360805630683899,0.7610541582107544,-2.4709811210632324,-0.1719490885734558,2.5630264282226562,-0.6224928498268127
-0.7337566018104553,0.1364070475101471,0.790226399898529,-2.4745240211486816,-0.17777188122272491,2.5635669231414795,-0.6425232887268066
-0.7637113332748413,0.1368485987186432,0.8192033171653748,-2.4780564308166504,-0.1835959553718567,2.5640830993652344,-0.6625536680221558
-0.7934325337409973,0.1374036967754364,0.8479341864585876,-2.4815783500671387,-0.18942102789878845,2.5645766258239746,-0.6825840473175049
-0.8228896260261536,0.13807091116905212,0.8763880133628845,-2.4850902557373047,-0.1952483206987381,2.5650455951690674,-0.702614426612854
-0.8520331382751465,0.13884784281253815,0.90451580286026,-2.4885916709899902,-0.20107649266719818,2.5654914379119873,-0.7226448655128479
-0.8808271288871765,0.1397339254617691,0.9322811961174011,-2.4920830726623535,-0.2069067656993866,2.5659139156341553,-0.7426753044128418
-0.9092431664466858,0.14072668552398682,0.959656298160553,-2.4955642223358154,-0.21273884177207947,2.566312074661255,-0.7627056241035461
-0.9372434020042419,0.14182263612747192,0.9866028428077698,-2.499035358428955,-0.21857281029224396,2.5666866302490234,-0.78273606300354
-0.964805006980896,0.14302194118499756,1.0130984783172607,-2.5024962425231934,-0.224409818649292,2.567037343978882,-0.8027664422988892
-0.9918999075889587,0.1443195343017578,1.0391148328781128,-2.5059468746185303,-0.23024798929691315,2.567363977432251,-0.8227968811988831
-1.0185115337371826,0.14571450650691986,1.0646356344223022,-2.509387731552124,-0.23608911037445068,2.567666530609131,-0.8428272008895874
-1.0446152687072754,0.14720363914966583,1.0896360874176025,-2.5128183364868164,-0.24193255603313446,2.5679452419281006,-0.8628576397895813
-1.0702018737792969,0.14878535270690918,1.1141070127487183,-2.5162391662597656,-0.2477787286043167,2.568199396133423,-0.8828880190849304
-1.095254898071289,0.15045557916164398,1.138032078742981,-2.5196499824523926,-0.253627747297287,2.568429470062256,-0.9029184579849243
-1.1197705268859863,0.15221261978149414,1.161407470703125,-2.5230510234832764,-0.2594796419143677,2.5686352252960205,-0.9229487776756287
-1.1437349319458008,0.1540527045726776,1.1842195987701416,-2.526442050933838,-0.26533424854278564,2.568816661834717,-0.9429791569709778
-1.1671550273895264,0.1559748649597168,1.206475019454956,-2.5298233032226562,-0.2711924612522125,2.5689728260040283,-0.9630095362663269
-1.1900131702423096,0.15797539055347443,1.2281568050384521,-2.5331945419311523,-0.2770538032054901,2.569105625152588,-0.9830399751663208
-1.2123279571533203,0.1600513756275177,1.249282717704773,-2.5365562438964844,-0.282918244600296,2.5692124366760254,-1.00307035446167
-1.2340893745422363,0.1622007042169571,1.2698431015014648,-2.539907932281494,-0.2887866497039795,2.5692949295043945,-1.023100733757019
-1.2553088665008545,0.16442085802555084,1.2898496389389038,-2.54325008392334,-0.29465869069099426,2.5693519115448,-1.0431311130523682
-1.2759875059127808,0.16671013832092285,1.3093030452728271,-2.5465822219848633,-0.3005344271659851,2.5693838596343994,-1.0631614923477173
-1.2961323261260986,0.1690647304058075,1.3282108306884766,-2.5499048233032227,-0.3064136803150177,2.5693905353546143,-1.083191990852356
-1.31575608253479,0.17148403823375702,1.3465855121612549,-2.553217887878418,-0.3122973144054413,2.569371223449707,-1.103222370147705
-1.3348610401153564,0.17396509647369385,1.364429235458374,-2.556521415710449,-0.31818509101867676,2.5693271160125732,-1.1232526302337646
-1.353461742401123,0.1765056699514389,1.3817567825317383,-2.5598154067993164,-0.32407674193382263,2.5692567825317383,-1.1432831287384033
-1.3715678453445435,0.17910459637641907,1.3985778093338013,-2.5630996227264404,-0.3299731910228729,2.5691604614257812,-1.1633135080337524
-1.3891862630844116,0.1817580908536911,1.4148995876312256,-2.5663745403289795,-0.33587104082107544,2.5690388679504395,-1.1833440065383911
-1.406336784362793,0.18446677923202515,1.4307410717010498,-2.5696396827697754,-0.3417772948741913,2.568889856338501,-1.2033742666244507
-1.4230248928070068,0.18722768127918243,1.4461082220077515,-2.5728955268859863,-0.34768763184547424,2.5687143802642822,-1.2234046459197998
-1.4392601251602173,0.1900394856929779,1.4610106945037842,-2.576141595840454,-0.3536027669906616,2.5685129165649414,-1.2434351444244385
-1.4550623893737793,0.19290128350257874,1.4754682779312134,-2.579378604888916,-0.3595230281352997,2.568284034729004,-1.2634655237197876
-1.470438003540039,0.19581030309200287,1.4894872903823853,-2.5826058387756348,-0.3654484748840332,2.568028211593628,-1.2834957838058472
-1.4854000806808472,0.19876545667648315,1.50308096408844,-2.5858240127563477,-0.3713785707950592,2.5677452087402344,-1.3035262823104858
-1.4999589920043945,0.20176592469215393,1.5162595510482788,-2.5890328884124756,-0.3773142099380493,2.5674352645874023,-1.323556661605835
-1.5141329765319824,0.20481008291244507,1.5290414094924927,-2.5922322273254395,-0.3832550644874573,2.567096710205078,-1.3435871601104736
-1.5279258489608765,0.20789803564548492,1.5414302349090576,-2.5954222679138184,-0.3892020881175995,2.5667307376861572,-1.3636174201965332
-1.5413554906845093,0.21102654933929443,1.5534440279006958,-2.5986032485961914,-0.3951546847820282,2.5663363933563232,-1.3836477994918823
-1.5544284582138062,0.21419614553451538,1.5650893449783325,-2.6017751693725586,-0.40111228823661804,2.5659139156341553,-1.403678297996521
-1.5671583414077759,0.21740560233592987,1.5763795375823975,-2.6049375534057617,-0.40707626938819885,2.565462589263916,-1.4237086772918701
-1.5795550346374512,0.22065408527851105,1.587324857711792,-2.60809063911438,-0.4130462408065796,2.5649824142456055,-1.4437389373779297
-1.591629981994629,0.22394101321697235,1.5979365110397339,-2.6112349033355713,-0.41902220249176025,2.5644731521606445,-1.4637694358825684
-1.6033934354782104,0.22726505994796753,1.608224868774414,-2.6143698692321777,-0.4250050187110901,2.563934087753296,-1.4837998151779175
-1.614854335784912,0.23062598705291748,1.6181987524032593,-2.617495536804199,-0.43099352717399597,2.5633654594421387,-1.5038303136825562
-1.6260244846343994,0.23402325809001923,1.627869963645935,-2.620612144470215,-0.4369887411594391,2.5627665519714355,-1.5238606929779053
-1.6369082927703857,0.23745593428611755,1.6372430324554443,-2.6237196922302246,-0.44299113750457764,2.5621378421783447,-1.5438909530639648
-1.6475197076797485,0.24092377722263336,1.646331787109375,-2.6268184185028076,-0.4489997327327728,2.5614781379699707,-1.5639214515686035
-1.6578669548034668,0.2444263994693756,1.6551443338394165,-2.6299080848693848,-0.45501580834388733,2.5607876777648926,-1.5839518308639526
-1.6679584980010986,0.2479633092880249,1.6636894941329956,-2.632988929748535,-0.4610383212566376,2.560065269470215,-1.6039822101593018
-1.6778007745742798,0.2515343725681305,1.6719733476638794,-2.6360604763031006,-0.4670686721801758,2.559311628341675,-1.6240125894546509
-1.6874011754989624,0.25513896346092224,1.6800034046173096,-2.63912296295166,-0.4731054902076721,2.5585262775421143,-1.64404296875
-1.6967705488204956,0.25877681374549866,1.6877903938293457,-2.642176866531372,-0.4791499078273773,2.557708263397217,-1.6640734672546387
-1.7059139013290405,0.2624475955963135,1.695339560508728,-2.645221710205078,-0.4852021634578705,2.5568573474884033,-1.6841038465499878
-1.7148398160934448,0.26615193486213684,1.702659010887146,-2.6482577323913574,-0.4912620186805725,2.555973529815674,-1.7041341066360474
-1.7235521078109741,0.26988881826400757,1.7097530364990234,-2.651284694671631,-0.4973294734954834,2.55505633354187,-1.724164605140686
-1.7320606708526611,0.2736581861972809,1.7166311740875244,-2.6543028354644775,-0.503404974937439,2.554105281829834,-1.7441949844360352
-1.740370512008667,0.2774609327316284,1.7232985496520996,-2.6573123931884766,-0.509488582611084,2.553119659423828,-1.7642253637313843
-1.748488187789917,0.28129562735557556,1.7297618389129639,-2.6603128910064697,-0.5155802369117737,2.5520992279052734,-1.7842557430267334
-1.7564204931259155,0.285163551568985,1.7360272407531738,-2.6633050441741943,-0.5216807723045349,2.5510435104370117,-1.8042861223220825
-1.7641712427139282,0.2890643775463104,1.7420991659164429,-2.666287899017334,-0.5277894139289856,2.549952268600464,-1.8243166208267212
-1.7717461585998535,0.29299765825271606,1.7479832172393799,-2.669262409210205,-0.5339062809944153,2.5488250255584717,-1.8443470001220703
-1.7791507244110107,0.29696425795555115,1.7536845207214355,-2.6722280979156494,-0.5400325655937195,2.5476608276367188,-1.8643772602081299
-1.7863903045654297,0.30096355080604553,1.7592086791992188,-2.675185203552246,-0.5461673140525818,2.546459674835205,-1.8844077587127686
-1.7934701442718506,0.3049964904785156,1.764560580253601,-2.678133487701416,-0.5523114800453186,2.5452208518981934,-1.9044381380081177
