-0.22727912664413452,1.0468430519104004,-1.012764573097229,-1.394456386566162,0.90831059217453,1.9429305791854858,2.5878915786743164
-0.23564501106739044,1.0254623889923096,-0.9852946400642395,-1.4033987522125244,0.8790614008903503,1.9599803686141968,2.571211576461792
-0.2441607415676117,1.0052233934402466,-0.9589099287986755,-1.4122123718261719,0.8511090874671936,1.9760464429855347,2.5545315742492676
-0.25281333923339844,0.9860000014305115,-0.9334734082221985,-1.4209012985229492,0.8242954015731812,1.991235375404358,2.537851572036743
-0.26160481572151184,0.9676934480667114,-0.90886390209198,-1.4294681549072266,0.7984938621520996,2.005633592605591,2.521171808242798
-0.27053266763687134,0.9502178430557251,-0.8849814534187317,-1.4379158020019531,0.7735978960990906,2.019315719604492,2.5044918060302734
-0.27959558367729187,0.9335011839866638,-0.8617415428161621,-1.4462475776672363,0.7495155930519104,2.032344341278076,2.487811803817749
-0.28879156708717346,0.9174846410751343,-0.8390746116638184,-1.4544651508331299,0.7261726260185242,2.0447709560394287,2.4711318016052246
-0.2981206476688385,0.9021130800247192,-0.8169159889221191,-1.4625720977783203,0.7035000324249268,2.05664324760437,2.4544517993927
-0.3075818419456482,0.887342631816864,-0.7952132225036621,-1.4705700874328613,0.6814424991607666,2.068000555038452,2.437771797180176
-0.317175030708313,0.8731308579444885,-0.7739169597625732,-1.4784622192382812,0.659946858882904,2.0788791179656982,2.4210917949676514
-0.32689976692199707,0.8594442009925842,-0.7529868483543396,-1.4862499237060547,0.6389707922935486,2.089308738708496,2.404412031173706
-0.3367564380168915,0.8462517857551575,-0.7323848605155945,-1.4939351081848145,0.6184751391410828,2.099318265914917,2.3877320289611816
-0.34674638509750366,0.8335237503051758,-0.7120751142501831,-1.501521110534668,0.5984225273132324,2.108933448791504,2.3710520267486572
-0.35686659812927246,0.8212370872497559,-0.6920321583747864,-1.5090088844299316,0.5787847638130188,2.1181743144989014,2.354372024536133
-0.36712127923965454,0.8093687295913696,-0.6722240447998047,-1.5164000988006592,0.5595305562019348,2.1270623207092285,2.3376920223236084
-0.3775072693824768,0.797898530960083,-0.6526297330856323,-1.5236971378326416,0.5406367778778076,2.135615587234497,2.321012020111084
-0.38802802562713623,0.7868072986602783,-0.6332235336303711,-1.5309014320373535,0.5220785737037659,2.1438510417938232,2.3043322563171387
-0.3986817002296448,0.7760788202285767,-0.6139867901802063,-1.538015365600586,0.5038344264030457,2.1517834663391113,2.2876522541046143
-0.40946948528289795,0.7656996250152588,-0.5949013233184814,-1.5450389385223389,0.48588794469833374,2.1594269275665283,2.27097225189209
-0.4203914403915405,0.7556540369987488,-0.5759490728378296,-1.5519747734069824,0.46821877360343933,2.1667933464050293,2.2542922496795654
-0.4314480721950531,0.7459304332733154,-0.5571142435073853,-1.5588243007659912,0.4508124589920044,2.173895835876465,2.237612247467041
-0.4426403045654297,0.7365168333053589,-0.5383817553520203,-1.5655889511108398,0.433652400970459,2.1807448863983154,2.2209322452545166
-0.4539675712585449,0.7274025678634644,-0.5197387337684631,-1.5722699165344238,0.4167259633541107,2.187350034713745,2.2042524814605713
-0.4654293656349182,0.7185792922973633,-0.5011740326881409,-1.5788679122924805,0.4000205099582672,2.1937203407287598,2.187572479248047
-0.4770263135433197,0.7100360989570618,-0.48267483711242676,-1.5853855609893799,0.3835240602493286,2.1998648643493652,2.1708924770355225
-0.48875895142555237,0.7017669081687927,-0.4642309546470642,-1.591822862625122,0.3672255575656891,2.20579195022583,2.154212474822998
-0.5006256103515625,0.6937623023986816,-0.44583362340927124,-1.5981814861297607,0.3511151373386383,2.211507797241211,2.1375324726104736
-0.5126270055770874,0.6860160827636719,-0.4274730086326599,-1.6044628620147705,0.33518296480178833,2.2170217037200928,2.120852470397949
-0.5247631669044495,0.6785215139389038,-0.40914055705070496,-1.6106674671173096,0.3194195628166199,2.2223377227783203,2.104172468185425
-0.5370323061943054,0.6712728142738342,-0.3908301293849945,-1.6167969703674316,0.3038177788257599,2.2274632453918457,2.0874927043914795
-0.5494339466094971,0.6642653346061707,-0.37253454327583313,-1.622851848602295,0.28836968541145325,2.23240327835083,2.070812702178955
-0.5619677901268005,0.6574925184249878,-0.3542468845844269,-1.6288337707519531,0.27306705713272095,2.23716402053833,2.0541326999664307
-0.5746316909790039,0.65095055103302,-0.3359626233577728,-1.634743332862854,0.25790369510650635,2.2417497634887695,2.0374526977539062
-0.5874256491661072,0.6446349024772644,-0.31767553091049194,-1.6405810117721558,0.24287328124046326,2.2461647987365723,2.020772695541382
-0.6003472805023193,0.6385418772697449,-0.2993818521499634,-1.6463485956192017,0.2279691845178604,2.250415325164795,2.0040926933288574
-0.6133952736854553,0.6326664090156555,-0.28107723593711853,-1.652046799659729,0.21318590641021729,2.2545032501220703,1.9874128103256226
-0.6265684366226196,0.627006471157074,-0.26275745034217834,-1.6576759815216064,0.19851742684841156,2.258434534072876,1.9707328081130981
-0.6398631930351257,0.6215585470199585,-0.2444213330745697,-1.6632370948791504,0.18395940959453583,2.262211322784424,1.9540528059005737
-0.6532787680625916,0.6163195371627808,-0.2260645180940628,-1.6687312126159668,0.16950654983520508,2.2658376693725586,1.9373729228973389
-0.6668114066123962,0.6112865805625916,-0.20768611133098602,-1.6741591691970825,0.1551545411348343,2.2693164348602295,1.9206929206848145
-0.6804596781730652,0.6064570546150208,-0.18928344547748566,-1.6795216798782349,0.1408987194299698,2.272651195526123,1.90401291847229
-0.6942197680473328,0.601829469203949,-0.17085573077201843,-1.6848193407058716,0.1267344355583191,2.2758452892303467,1.8873329162597656
-0.7080886960029602,0.5974001288414001,-0.1524023562669754,-1.6900529861450195,0.11265841126441956,2.278899669647217,1.8706530332565308
-0.7220642566680908,0.5931689143180847,-0.13392145931720734,-1.6952234506607056,0.09866569191217422,2.281818389892578,1.853973150253296
-0.7361404299736023,0.5891324877738953,-0.11541556566953659,-1.700331211090088,0.08475472778081894,2.284604072570801,1.8372931480407715
-0.7503154873847961,0.5852898359298706,-0.09688272327184677,-1.7053769826889038,0.07091975212097168,2.287257432937622,1.820613145828247
-0.7645838856697083,0.5816392302513123,-0.07832524925470352,-1.7103612422943115,0.05715909227728844,2.2897815704345703,1.8039331436157227
-0.7789429426193237,0.5781790614128113,-0.059742510318756104,-1.715285301208496,0.0434684231877327,2.2921786308288574,1.7872532606124878
-0.7933862805366516,0.5749078392982483,-0.041137900203466415,-1.720149278640747,0.02984560653567314,2.294449806213379,1.7705732583999634
-0.8079104423522949,0.571825385093689,-0.022511767223477364,-1.7249538898468018,0.016287067905068398,2.296597719192505,1.753893256187439
-0.8225101828575134,0.5689289569854736,-0.003866434097290039,-1.7296994924545288,0.0027899558190256357,2.2986228466033936,1.737213373184204
-0.8371798396110535,0.5662180781364441,0.014795069582760334,-1.7343871593475342,-0.010647989809513092,2.300527572631836,1.7205333709716797
-0.8519142270088196,0.5636926293373108,0.03347029909491539,-1.7390170097351074,-0.02402966469526291,2.3023128509521484,1.7038533687591553
-0.8667078018188477,0.5613507628440857,0.05215626209974289,-1.7435901165008545,-0.03735716640949249,2.303980588912964,1.6871734857559204
-0.8815551400184631,0.559191882610321,0.07085023075342178,-1.7481064796447754,-0.05063384398818016,2.3055312633514404,1.670493483543396
-0.8964499831199646,0.5572149753570557,0.08954820036888123,-1.752566933631897,-0.06386161595582962,2.3069658279418945,1.6538134813308716
-0.9113860726356506,0.5554199814796448,0.10824625194072723,-1.756971836090088,-0.0770418643951416,2.308286190032959,1.6371334791183472
-0.9263574481010437,0.553805410861969,0.12694083154201508,-1.7613221406936646,-0.0901777371764183,2.309492826461792,1.6204534769058228
-0.941358208656311,0.5523709058761597,0.14562825858592987,-1.765617847442627,-0.10327194631099701,2.310586452484131,1.603773593902588
-0.9563805460929871,0.5511161088943481,0.16430284082889557,-1.7698595523834229,-0.11632540076971054,2.3115673065185547,1.587093710899353
-0.9714186787605286,0.5500407814979553,0.1829608678817749,-1.7740478515625,-0.12934011220932007,2.3124372959136963,1.570413589477539
-0.9864661693572998,0.549143373966217,0.20159810781478882,-1.7781833410263062,-0.14231941103935242,2.3131959438323975,1.5537337064743042
-1.0015157461166382,0.5484238266944885,0.22020936012268066,-1.7822662591934204,-0.15526393055915833,2.3138439655303955,1.5370537042617798
-1.0165609121322632,0.547882080078125,0.23878982663154602,-1.78629732131958,-0.16817522048950195,2.3143818378448486,1.5203737020492554
-1.0315946340560913,0.5475178956985474,0.25733456015586853,-1.7902765274047852,-0.18105697631835938,2.3148105144500732,1.5036938190460205
-1.0466101169586182,0.5473302602767944,0.27583861351013184,-1.794204831123352,-0.19390849769115448,2.315129280090332,1.487013816833496
-1.061600685119629,0.5473190546035767,0.29429730772972107,-1.7980824708938599,-0.20673373341560364,2.315338611602783,1.4703339338302612
-1.0765594244003296,0.5474838614463806,0.31270530819892883,-1.8019098043441772,-0.219533309340477,2.315438747406006,1.4536538124084473
-1.0914795398712158,0.5478245615959167,0.3310578167438507,-1.8056873083114624,-0.23230892419815063,2.3154296875,1.4369739294052124
-1.1063545942306519,0.5483411550521851,0.3493502140045166,-1.8094154596328735,-0.24506297707557678,2.3153114318847656,1.420293927192688
-1.121177077293396,0.5490329265594482,0.367576539516449,-1.8130944967269897,-0.25779590010643005,2.3150835037231445,1.4036140441894531
-1.1359418630599976,0.5498996376991272,0.38573354482650757,-1.8167250156402588,-0.27051085233688354,2.314746141433716,1.3869340419769287
-1.1506409645080566,0.5509417057037354,0.40381473302841187,-1.8203073740005493,-0.2832079529762268,2.314298629760742,1.3702540397644043
-1.165269136428833,0.5521584749221802,0.4218168556690216,-1.8238418102264404,-0.29588955640792847,2.3137407302856445,1.3535740375518799
-1.1798193454742432,0.5535500049591064,0.43973472714424133,-1.8273286819458008,-0.3085571825504303,2.313072443008423,1.336894154548645
-1.194286823272705,0.5551165342330933,0.4575646221637726,-1.8307688236236572,-0.3212123215198517,2.3122925758361816,1.3202141523361206
-1.208665132522583,0.5568577647209167,0.475302129983902,-1.8341621160507202,-0.3338574469089508,2.3114006519317627,1.3035342693328857
-1.222947597503662,0.5587740540504456,0.4929422438144684,-1.837509036064148,-0.346492737531662,2.310396432876587,1.2868542671203613
-1.237130880355835,0.5608651041984558,0.5104830861091614,-1.8408100605010986,-0.3591199517250061,2.3092782497406006,1.270174264907837
-1.2605265378952026,0.557457685470581,0.5312818288803101,-1.8542851209640503,-0.3719024360179901,2.312117099761963,1.2510738372802734
-1.2841222286224365,0.5543361902236938,0.5521752834320068,-1.8675955533981323,-0.3846752941608429,2.31477689743042,1.2319735288619995
-1.307908296585083,0.5515020489692688,0.5731566548347473,-1.880745768547058,-0.3974423408508301,2.317257881164551,1.212873101234436
-1.3318730592727661,0.5489575862884521,0.5942171216011047,-1.893738865852356,-0.4102087616920471,2.3195595741271973,1.1937726736068726
-1.356001853942871,0.5467028021812439,0.6153443455696106,-1.9065786600112915,-0.4229746460914612,2.321683406829834,1.1746723651885986
-1.3802882432937622,0.5447426438331604,0.636535108089447,-1.919268250465393,-0.43574976921081543,2.3236265182495117,1.1555719375610352
-1.4047162532806396,0.5430786609649658,0.6577757000923157,-1.931810736656189,-0.4485362768173218,2.3253891468048096,1.1364715099334717
-1.4292715787887573,0.5417121648788452,0.6790536046028137,-1.944209098815918,-0.46133700013160706,2.3269705772399902,1.1173710823059082
-1.453940987586975,0.5406472682952881,0.7003580331802368,-1.9564659595489502,-0.4741556942462921,2.3283681869506836,1.0982707738876343
-1.4787074327468872,0.5398856401443481,0.7216741442680359,-1.9685841798782349,-0.48699620366096497,2.3295817375183105,1.0791703462600708
-1.5035581588745117,0.5394314527511597,0.7429910898208618,-1.9805660247802734,-0.49986276030540466,2.3306081295013428,1.0600699186325073
-1.5284757614135742,0.5392868518829346,0.7642936110496521,-1.9924139976501465,-0.5127584934234619,2.3314454555511475,1.0409696102142334
-1.5534435510635376,0.539454996585846,0.7855662703514099,-2.0041303634643555,-0.5256859660148621,2.3320915699005127,1.02186918258667
-1.5784451961517334,0.5399395823478699,0.806795060634613,-2.0157175064086914,-0.5386500954627991,2.3325436115264893,1.0027687549591064
-1.6034640073776245,0.5407442450523376,0.8279649019241333,-2.02717661857605,-0.5516533255577087,2.3327980041503906,0.9836683869361877
-1.6284842491149902,0.5418724417686462,0.8490616679191589,-2.038510799407959,-0.564700186252594,2.3328511714935303,0.964568018913269
-1.6534868478775024,0.5433285236358643,0.8700681328773499,-2.0497207641601562,-0.5777930021286011,2.3326992988586426,0.9454676508903503
-1.6784549951553345,0.5451164841651917,0.890968918800354,-2.0608086585998535,-0.5909359455108643,2.332338809967041,0.9263672232627869
-1.7033720016479492,0.5472404360771179,0.9117491841316223,-2.0717763900756836,-0.6041319966316223,2.3317646980285645,0.9072668552398682
-1.7282217741012573,0.549704909324646,0.93239426612854,-2.082625389099121,-0.6173853278160095,2.3309717178344727,0.8881664276123047
-1.7529866695404053,0.55251544713974,0.952888011932373,-2.0933566093444824,-0.6306995153427124,2.3299546241760254,0.869066059589386
-1.7776515483856201,0.5556765198707581,0.9732170701026917,-2.1039724349975586,-0.6440776586532593,2.328707218170166,0.8499656319618225
-1.8021998405456543,0.5591943264007568,0.9933665990829468,-2.114473342895508,-0.6575244665145874,2.3272228240966797,0.8308652639389038
-1.826615333557129,0.5630742907524109,1.0133219957351685,-2.1248607635498047,-0.6710429191589355,2.325495481491089,0.8117648959159851
-1.8508836030960083,0.5673233866691589,1.0330700874328613,-2.135136365890503,-0.6846370100975037,2.323517084121704,0.7926645278930664
-1.874990701675415,0.5719478726387024,1.0525989532470703,-2.1453006267547607,-0.698310911655426,2.321279287338257,0.7735641002655029
-1.8932759761810303,0.5716760158538818,1.076547384262085,-2.164388656616211,-0.7104988694190979,2.3228702545166016,0.7639304399490356
-1.9110535383224487,0.5717353224754333,1.1001191139221191,-2.183131694793701,-0.7224600315093994,2.3242549896240234,0.7542967796325684
-1.9282958507537842,0.572109580039978,1.1232943534851074,-2.2015371322631836,-0.7341917753219604,2.3254427909851074,0.7446630597114563
-1.9449785947799683,0.5727840065956116,1.146056890487671,-2.219611406326294,-0.745691180229187,2.326442241668701,0.735029399394989
-1.96108078956604,0.5737428069114685,1.1683931350708008,-2.2373597621917725,-0.7569567561149597,2.3272604942321777,0.7253957390785217
-1.9765795469284058,0.5749703049659729,1.1902893781661987,-2.2547879219055176,-0.7679843902587891,2.3279075622558594,0.7157620787620544
-1.9914546012878418,0.5764504075050354,1.2117304801940918,-2.271899700164795,-0.778770923614502,2.3283913135528564,0.7061284184455872
-2.0056886672973633,0.578166663646698,1.2327080965042114,-2.2886998653411865,-0.7893126606941223,2.3287205696105957,0.6964946985244751
-2.019263982772827,0.5801029205322266,1.2532119750976562,-2.3051910400390625,-0.7996057868003845,2.328904390335083,0.6868610382080078
-2.0321664810180664,0.5822418332099915,1.27323579788208,-2.3213768005371094,-0.8096469044685364,2.328951835632324,0.6772273778915405
-2.0443801879882812,0.5845663547515869,1.2927707433700562,-2.337259292602539,-0.8194310665130615,2.3288731575012207,0.6675937175750732
-2.0558948516845703,0.587060272693634,1.3118144273757935,-2.3528404235839844,-0.8289551138877869,2.328676223754883,0.657960057258606
-2.066699504852295,0.589705765247345,1.3303635120391846,-2.36812162399292,-0.8382140398025513,2.328371286392212,0.6483263373374939
-2.076784372329712,0.5924848914146423,1.3484151363372803,-2.3831045627593994,-0.8472033143043518,2.3279688358306885,0.6386926770210266
-2.0861406326293945,0.5953798890113831,1.3659688234329224,-2.3977887630462646,-0.8559187054634094,2.3274784088134766,0.6290590167045593
-2.094762086868286,0.5983733534812927,1.3830249309539795,-2.412175178527832,-0.8643553853034973,2.326910972595215,0.619425356388092
-2.102642774581909,0.6014478206634521,1.3995857238769531,-2.4262633323669434,-0.872509241104126,2.3262760639190674,0.6097916960716248
-2.109778642654419,0.6045839190483093,1.4156540632247925,-2.4400529861450195,-0.8803758025169373,2.3255856037139893,0.6001580357551575
-2.116164445877075,0.607764482498169,1.4312320947647095,-2.453542470932007,-0.8879506587982178,2.32485032081604,0.5905243158340454
-2.121798515319824,0.6109713315963745,1.4463261365890503,-2.4667303562164307,-0.8952293992042542,2.324080467224121,0.5808906555175781
-2.126678466796875,0.6141868829727173,1.4609404802322388,-2.4796154499053955,-0.9022085666656494,2.3232879638671875,0.5712569952011108
-2.130802631378174,0.6173916459083557,1.4750804901123047,-2.4921956062316895,-0.9088831543922424,2.3224849700927734,0.5616233348846436
-2.1341710090637207,0.6205703020095825,1.4887539148330688,-2.504467487335205,-0.9152511358261108,2.3216805458068848,0.5519896745681763
-2.1367831230163574,0.6237040758132935,1.5019664764404297,-2.5164289474487305,-0.9213082790374756,2.320887327194214,0.5423559546470642
-2.138639450073242,0.6267759203910828,1.5147258043289185,-2.528076648712158,-0.9270516633987427,2.3201162815093994,0.5327222943305969
-2.1397414207458496,0.629770040512085,1.5270394086837769,-2.5394067764282227,-0.9324790835380554,2.3193774223327637,0.5230886340141296
-2.1400890350341797,0.6326686143875122,1.5389139652252197,-2.5504157543182373,-0.9375876784324646,2.3186826705932617,0.5134549736976624
-2.1396846771240234,0.6354585289955139,1.5503575801849365,-2.5610992908477783,-0.9423771500587463,2.3180408477783203,0.5038213133811951
-2.1385297775268555,0.6381235718727112,1.5613772869110107,-2.571453094482422,-0.9468454122543335,2.317462205886841,0.4941876232624054
-2.1366257667541504,0.6406500935554504,1.5719797611236572,-2.5814719200134277,-0.9509936571121216,2.31695556640625,0.4845539629459381
-2.1339755058288574,0.6430253386497498,1.5821726322174072,-2.591151475906372,-0.9548208713531494,2.3165292739868164,0.47492027282714844
-2.1305792331695557,0.6452364325523376,1.5919599533081055,-2.6004860401153564,-0.9583285450935364,2.316192150115967,0.46528661251068115
-2.1264405250549316,0.647274374961853,1.6013494729995728,-2.6094703674316406,-0.9615190625190735,2.315948724746704,0.45565295219421387
-2.1215603351593018,0.6491274833679199,1.610344648361206,-2.618098258972168,-0.9643943309783936,2.3158066272735596,0.4460192620754242
-2.115941047668457,0.6507888436317444,1.6189501285552979,-2.6263647079467773,-0.966959536075592,2.315769672393799,0.4363855719566345
-2.109584331512451,0.652252197265625,1.6271693706512451,-2.634262800216675,-0.9692181944847107,2.315840721130371,0.42675191164016724
-2.1024909019470215,0.6535117626190186,1.6350035667419434,-2.641786813735962,-0.9711769819259644,2.3160226345062256,0.41711825132369995
-2.0946624279022217,0.654563307762146,1.6424537897109985,-2.648930311203003,-0.9728424549102783,2.316316604614258,0.40748459100723267
-2.086099863052368,0.6554057598114014,1.6495200395584106,-2.655686855316162,-0.9742220044136047,2.3167214393615723,0.397850900888443
-2.0768051147460938,0.6560389399528503,1.6562016010284424,-2.662050247192383,-0.9753252267837524,2.317234992980957,0.3882172405719757
-2.066777229309082,0.6564638018608093,1.6624943017959595,-2.668013572692871,-0.9761627912521362,2.317854881286621,0.37858355045318604
-2.0560178756713867,0.6566862463951111,1.6683954000473022,-2.6735706329345703,-0.9767465591430664,2.3185737133026123,0.36894989013671875
-2.0445268154144287,0.6567084789276123,1.6738990545272827,-2.6787149906158447,-0.9770869016647339,2.319387674331665,0.3593162000179291
-2.0323047637939453,0.6565395593643188,1.6789988279342651,-2.6834402084350586,-0.9772003889083862,2.320286989212036,0.3496825397014618
-2.019352436065674,0.6561891436576843,1.683687448501587,-2.6877403259277344,-0.9771004319190979,2.3212618827819824,0.3400488793849945
-2.0056681632995605,0.6556666493415833,1.6879544258117676,-2.6916086673736572,-0.976803719997406,2.3223025798797607,0.3304152190685272
-1.9912538528442383,0.654985785484314,1.69179105758667,-2.695039749145508,-0.9763272404670715,2.3233959674835205,0.32078152894973755
-1.976109266281128,0.6541617512702942,1.6951855421066284,-2.6980276107788086,-0.9756896495819092,2.3245277404785156,0.3111478388309479
-1.9602340459823608,0.6532091498374939,1.6981232166290283,-2.7005670070648193,-0.9749102592468262,2.3256847858428955,0.3015141785144806
-1.9436311721801758,0.6521487236022949,1.7005966901779175,-2.7026526927948,-0.9740094542503357,2.326848268508911,0.2918805181980133
-1.926299810409546,0.6509984135627747,1.7025889158248901,-2.704279661178589,-0.9730091094970703,2.328002691268921,0.28224682807922363
-1.9082436561584473,0.6497800350189209,1.7040886878967285,-2.7054436206817627,-0.9719304442405701,2.3291289806365967,0.27261316776275635
-1.889464259147644,0.6485162377357483,1.7050803899765015,-2.7061402797698975,-0.9707960486412048,2.3302087783813477,0.26297950744628906
-1.8787072896957397,0.6506906151771545,1.6986531019210815,-2.7006914615631104,-0.9726338982582092,2.3276162147521973,0.24259008467197418
-1.8680140972137451,0.6529876589775085,1.6922773122787476,-2.6952250003814697,-0.974532961845398,2.3249423503875732,0.2222006767988205
-1.8573870658874512,0.6554072499275208,1.685956358909607,-2.6897406578063965,-0.9764893054962158,2.3221869468688965,0.20181125402450562
-1.8468291759490967,0.6579490900039673,1.6796941757202148,-2.684239149093628,-0.9785060286521912,2.319350481033325,0.18142183125019073
-1.836341142654419,0.6606134176254272,1.6734927892684937,-2.6787195205688477,-0.9805823564529419,2.316432476043701,0.16103240847587585
-1.8259260654449463,0.6634014248847961,1.6673563718795776,-2.673182487487793,-0.9827188849449158,2.3134312629699707,0.14064300060272217
-1.8155863285064697,0.6663131713867188,1.6612880229949951,-2.6676278114318848,-0.9849157929420471,2.310347318649292,0.12025358527898788
-1.8053233623504639,0.6693493723869324,1.6552907228469849,-2.662055492401123,-0.987173318862915,2.3071789741516113,0.099864162504673
-1.7951388359069824,0.672509491443634,1.649366855621338,-2.656465530395508,-0.9894912242889404,2.303926944732666,0.07947474718093872
-1.7850342988967896,0.6757943034172058,1.6435195207595825,-2.650857925415039,-0.9918704628944397,2.3005900382995605,0.059085313230752945
-1.775012493133545,0.6792057156562805,1.6377521753311157,-2.645232677459717,-0.9943115711212158,2.297166347503662,0.038695912808179855
-1.765073537826538,0.6827423572540283,1.6320664882659912,-2.639589309692383,-0.9968145489692688,2.293656826019287,0.018306491896510124
-1.75521981716156,0.6864054203033447,1.6264655590057373,-2.6339287757873535,-0.9993799924850464,2.290060043334961,-0.0020829231943935156
-1.7454516887664795,0.6901956796646118,1.6209514141082764,-2.6282501220703125,-1.0020084381103516,2.286375045776367,-0.02247234247624874
-1.735771894454956,0.6941145062446594,1.615527629852295,-2.622553825378418,-1.004700779914856,2.282600164413452,-0.042861759662628174
-1.7261801958084106,0.6981610059738159,1.6101953983306885,-2.6168394088745117,-1.00745689868927,2.278735876083374,-0.06325117498636246
-1.7166794538497925,0.7023379802703857,1.6049585342407227,-2.611107349395752,-1.0102770328521729,2.2747793197631836,-0.08364059031009674
-1.7072690725326538,0.7066447138786316,1.5998179912567139,-2.6053576469421387,-1.0131633281707764,2.270730495452881,-0.10403001308441162
-1.6979498863220215,0.7110826969146729,1.5947760343551636,-2.5995895862579346,-1.016115427017212,2.2665884494781494,-0.1244194358587265
-1.6887240409851074,0.7156535387039185,1.5898356437683105,-2.593803644180298,-1.019134283065796,2.2623507976531982,-0.14480888843536377
-1.6795905828475952,0.7203570008277893,1.5849977731704712,-2.5879998207092285,-1.0222206115722656,2.2580173015594482,-0.16519826650619507
-1.6705520153045654,0.7251956462860107,1.580265760421753,-2.5821776390075684,-1.025375485420227,2.2535853385925293,-0.18558768928050995
-1.6616076231002808,0.7301701307296753,1.5756407976150513,-2.5763378143310547,-1.0286002159118652,2.249054193496704,-0.20597709715366364
-1.6527585983276367,0.7352821230888367,1.5711251497268677,-2.570479393005371,-1.0318949222564697,2.2444217205047607,-0.22636651992797852
-1.6440045833587646,0.740531861782074,1.5667202472686768,-2.564603090286255,-1.0352609157562256,2.239687204360962,-0.24675589799880981
-1.6353462934494019,0.7459220290184021,1.5624281167984009,-2.5587081909179688,-1.0386992692947388,2.2348480224609375,-0.2671453654766083
-1.626783847808838,0.7514543533325195,1.5582506656646729,-2.552794933319092,-1.042211890220642,2.2299022674560547,-0.28753477334976196
-1.6183174848556519,0.7571306824684143,1.554189682006836,-2.546863317489624,-1.0457993745803833,2.2248480319976807,-0.30792418122291565
-1.6099469661712646,0.7629512548446655,1.5502464771270752,-2.5409131050109863,-1.0494625568389893,2.21968412399292,-0.3283136487007141
-1.6016737222671509,0.7689210772514343,1.546424150466919,-2.534944534301758,-1.05320405960083,2.2144060134887695,-0.3487030267715454
-1.59349524974823,0.7750388979911804,1.5427225828170776,-2.5289573669433594,-1.0570240020751953,2.209014654159546,-0.3690924346446991
-1.5854130983352661,0.7813096046447754,1.5391446352005005,-2.522951126098633,-1.060925006866455,2.2035045623779297,-0.38948187232017517
-1.5774271488189697,0.7877349257469177,1.5356922149658203,-2.5169262886047363,-1.0649088621139526,2.1978743076324463,-0.40987128019332886
-1.5695363283157349,0.794316828250885,1.5323662757873535,-2.510882616043091,-1.0689759254455566,2.1921215057373047,-0.43026068806648254
-1.561740517616272,0.8010598421096802,1.5291692018508911,-2.504819869995117,-1.07313072681427,2.186241865158081,-0.4506501257419586
-1.5540393590927124,0.8079657554626465,1.526102066040039,-2.4987378120422363,-1.077372670173645,2.1802334785461426,-0.4710395336151123
-1.5464324951171875,0.8150381445884705,1.5231674909591675,-2.4926366806030273,-1.0817052125930786,2.1740922927856445,-0.491428941488266
-1.5389188528060913,0.8222800493240356,1.5203663110733032,-2.4865164756774902,-1.086130142211914,2.167815685272217,-0.5118183493614197
-1.5314985513687134,0.8296954035758972,1.517701268196106,-2.480377197265625,-1.090650200843811,2.1613996028900146,-0.5322077870368958
-1.524170994758606,0.8372893929481506,1.5151745080947876,-2.4742178916931152,-1.0952680110931396,2.1548385620117188,-0.5525972843170166
-1.5169340372085571,0.8450641632080078,1.512786626815796,-2.468039035797119,-1.0999865531921387,2.1481308937072754,-0.5729865431785583
-1.5097887516021729,0.8530266880989075,1.5105414390563965,-2.4618406295776367,-1.1048085689544678,2.1412699222564697,-0.5933760404586792
-1.5027337074279785,0.8611796498298645,1.5084402561187744,-2.455622911453247,-1.1097371578216553,2.1342520713806152,-0.6137654781341553
-1.4957669973373413,0.869530975818634,1.5064854621887207,-2.4493846893310547,-1.1147760152816772,2.127070903778076,-0.6341548562049866
-1.4888890981674194,0.8780848979949951,1.504679799079895,-2.4431264400482178,-1.1199287176132202,2.1197218894958496,-0.6545442938804626
-1.4820976257324219,0.8868471384048462,1.5030251741409302,-2.4368481636047363,-1.1251987218856812,2.112199306488037,-0.6749337315559387
-1.4753925800323486,0.8958258628845215,1.5015249252319336,-2.4305496215820312,-1.1305910348892212,2.1044962406158447,-0.69532310962677
-1.4687715768814087,0.9050257802009583,1.5001811981201172,-2.4242305755615234,-1.1361091136932373,2.0966074466705322,-0.7157125473022461
-1.4622347354888916,0.9144574403762817,1.4989981651306152,-2.417891263961792,-1.141758918762207,2.0885231494903564,-0.7361020445823669
-1.455780267715454,0.92412930727005,1.4979790449142456,-2.4115309715270996,-1.1475460529327393,2.080235481262207,-0.7564913034439087
-1.4494061470031738,0.9340476989746094,1.4971263408660889,-2.4051499366760254,-1.1534744501113892,2.0717391967773438,-0.7768808007240295
-1.443111777305603,0.9442257285118103,1.4964452981948853,-2.3987479209899902,-1.1595520973205566,2.063021659851074,-0.7972702383995056
-1.4368948936462402,0.9546732306480408,1.4959392547607422,-2.392324924468994,-1.165785551071167,2.0540738105773926,-0.8176596164703369
-1.4307540655136108,0.9654019474983215,1.4956132173538208,-2.385880470275879,-1.172181487083435,2.0448851585388184,-0.838049054145813
-1.4246881008148193,0.9764257073402405,1.4954725503921509,-2.3794145584106445,-1.178748607635498,2.035443067550659,-0.8584384918212891
-1.4186947345733643,0.9877583980560303,1.4955226182937622,-2.372927188873291,-1.1854956150054932,2.0257344245910645,-0.8788278698921204
-1.4127718210220337,0.9994155764579773,1.4957693815231323,-2.3664181232452393,-1.192432165145874,2.0157456398010254,-0.8992173075675964
-1.4069167375564575,1.0114165544509888,1.4962193965911865,-2.359886884689331,-1.1995699405670166,2.0054595470428467,-0.9196068048477173
-1.4011282920837402,1.0237787961959839,1.4968806505203247,-2.3533339500427246,-1.20691978931427,1.9948593378067017,-0.939996063709259
-1.3954031467437744,1.0365253686904907,1.4977614879608154,-2.3467583656311035,-1.214495301246643,1.9839248657226562,-0.9603855609893799
-1.3897392749786377,1.049682378768921,1.4988715648651123,-2.340160369873047,-1.2223128080368042,1.9726333618164062,-0.9807749390602112
-1.3841378688812256,1.0632765293121338,1.500223994255066,-2.3335399627685547,-1.230387568473816,1.960960865020752,-1.001164436340332
-1.3785866498947144,1.077337622642517,1.5018256902694702,-2.3268966674804688,-1.2387399673461914,1.9488792419433594,-1.0215537548065186
-1.3730872869491577,1.0919045209884644,1.5036935806274414,-2.320230484008789,-1.247391939163208,1.9363548755645752,-1.0419431924819946
-1.3676344156265259,1.1070154905319214,1.5058423280715942,-2.3135406970977783,-1.2563676834106445,1.9233530759811401,-1.0623327493667603
-1.3622252941131592,1.1227219104766846,1.5082918405532837,-2.306828022003174,-1.2656972408294678,1.9098289012908936,-1.0827220678329468
-1.356852650642395,1.139075756072998,1.5110617876052856,-2.30009126663208,-1.2754130363464355,1.8957353830337524,-1.1031115055084229
-1.3515114784240723,1.1561458110809326,1.5141786336898804,-2.2933309078216553,-1.2855567932128906,1.881011962890625,-1.123500943183899
-1.3461945056915283,1.1740126609802246,1.5176725387573242,-2.286546468734741,-1.2961766719818115,1.8655877113342285,-1.1438902616500854
-1.3408938646316528,1.192771315574646,1.5215803384780884,-2.279737949371338,-1.3073303699493408,1.8493776321411133,-1.1642796993255615
-1.3355979919433594,1.2125300168991089,1.525943398475647,-2.272905111312866,-1.3190832138061523,1.8322862386703491,-1.1846691370010376
-1.3302955627441406,1.2334591150283813,1.5308250188827515,-2.2660470008850098,-1.331538438796997,1.814163327217102,-1.2050585746765137
-1.3065274953842163,1.0354243516921997,1.4662549495697021,-2.2754557132720947,-1.2020701169967651,1.9810497760772705,-1.2365902662277222
-1.2768298387527466,0.898250937461853,1.416695237159729,-2.2842202186584473,-1.1009677648544312,2.092639923095703,-1.2681220769882202
-1.2431811094284058,0.7910988330841064,1.3728687763214111,-2.292314052581787,-1.0124828815460205,2.1765472888946533,-1.2996537685394287
-1.2059223651885986,0.7027587890625,1.3312580585479736,-2.2997121810913086,-0.9312552213668823,2.2428882122039795,-1.3311855792999268
-1.1648681163787842,0.6275718808174133,1.2898097038269043,-2.3063902854919434,-0.8547227382659912,2.2968082427978516,-1.3627172708511353
-1.1195309162139893,0.5622090697288513,1.2469632625579834,-2.3123250007629395,-0.7814399003982544,2.341360092163086,-1.3942490816116333
-1.0691628456115723,0.5045362114906311,1.2012815475463867,-2.3174943923950195,-0.7105076909065247,2.378530502319336,-1.4257807731628418
-1.0127418041229248,0.4531182050704956,1.1512640714645386,-2.3218770027160645,-0.6413262486457825,2.40969181060791,-1.4573125839233398
-0.9489296674728394,0.40697792172431946,1.0952192544937134,-2.325453996658325,-0.5734753608703613,2.4358291625976562,-1.4888442754745483
-0.8760032653808594,0.36546948552131653,1.0311477184295654,-2.328206777572632,-0.5066497921943665,2.457672595977783,-1.5203760862350464
-0.7918024659156799,0.32821476459503174,0.9566696882247925,-2.3301191329956055,-0.4406212568283081,2.475771427154541,-1.5519077777862549
-0.6937216520309448,0.2950795590877533,0.8689906597137451,-2.331177234649658,-0.37521377205848694,2.4905433654785156,-1.5834394693374634
-0.5788243412971497,0.26617321372032166,0.7650111317634583,-2.3313674926757812,-0.3102882504463196,2.502309799194336,-1.6149712800979614
-0.6056692004203796,0.2797839343547821,0.8035813570022583,-2.3270812034606934,-0.3368868827819824,2.4963746070861816,-1.583311676979065
-0.6292845010757446,0.29420870542526245,0.8390690684318542,-2.3223915100097656,-0.3636505603790283,2.4898412227630615,-1.5516520738601685
-0.6499837636947632,0.30944108963012695,0.871804416179657,-2.317298173904419,-0.3905998766422272,2.4826819896698,-1.5199923515319824
-0.6680579781532288,0.32548385858535767,0.9020962119102478,-2.3117995262145996,-0.4177563488483429,2.4748661518096924,-1.488332748413086
-0.6837850213050842,0.3423483967781067,0.9302418828010559,-2.3058953285217285,-0.44514432549476624,2.466357707977295,-1.4566731452941895
-0.6974114775657654,0.36005687713623047,0.9565095901489258,-2.2995846271514893,-0.47279027104377747,2.4571175575256348,-1.425013542175293
-0.7091662287712097,0.3786400258541107,0.9811522364616394,-2.2928667068481445,-0.5007239580154419,2.447101354598999,-1.393353819847107
-0.7192555069923401,0.39813733100891113,1.004403829574585,-2.2857401371002197,-0.5289769172668457,2.43625807762146,-1.3616942167282104
-0.7278602719306946,0.4186001121997833,1.026471734046936,-2.2782039642333984,-0.5575860142707825,2.4245316982269287,-1.330034613609314
-0.7351475954055786,0.4400888681411743,1.0475584268569946,-2.270256519317627,-0.5865915417671204,2.4118564128875732,-1.2983750104904175
-0.7412652373313904,0.46267685294151306,1.0678493976593018,-2.2618966102600098,-0.6160405874252319,2.398158311843872,-1.2667152881622314
-0.7463427186012268,0.4864499568939209,1.0875177383422852,-2.253122568130493,-0.6459850072860718,2.3833532333374023,-1.2350558042526245
-0.7504976391792297,0.5115102529525757,1.1067306995391846,-2.2439327239990234,-0.6764853000640869,2.3673434257507324,-1.2033960819244385
-0.7234717607498169,0.4841306507587433,1.0773321390151978,-2.2485134601593018,-0.6393982172012329,2.3843114376068115,-1.2340731620788574
-0.6945703625679016,0.4582991302013397,1.046553611755371,-2.252901554107666,-0.6027669906616211,2.3998303413391113,-1.2647501230239868
-0.6635931134223938,0.43390092253685,1.0141433477401733,-2.2570950984954834,-0.566531777381897,2.4140214920043945,-1.2954272031784058
-0.6303126215934753,0.41084375977516174,0.9798293709754944,-2.261091709136963,-0.5306426286697388,2.426989793777466,-1.3261041641235352
-0.5944750905036926,0.3890565037727356,0.9433162212371826,-2.2648887634277344,-0.4950554668903351,2.4388253688812256,-1.356781244277954
-0.5558021068572998,0.36848723888397217,0.904293417930603,-2.2684850692749023,-0.45973241329193115,2.4496045112609863,-1.3874582052230835
-0.513982892036438,0.34910157322883606,0.8624169826507568,-2.2718777656555176,-0.42464035749435425,2.4593961238861084,-1.4181352853775024
-0.4686868488788605,0.3308837413787842,0.8173269629478455,-2.2750658988952637,-0.38975101709365845,2.4682579040527344,-1.4488122463226318
-0.4195660948753357,0.3138340413570404,0.7686491012573242,-2.2780473232269287,-0.3550388514995575,2.476240634918213,-1.4794893264770508
-0.36626678705215454,0.2979704737663269,0.7160046100616455,-2.280820369720459,-0.3204812705516815,2.4833877086639404,-1.5101662874221802
-0.30844470858573914,0.28332701325416565,0.6590266823768616,-2.283383846282959,-0.2860569655895233,2.4897379875183105,-1.5408433675765991
-0.24579672515392303,0.26995721459388733,0.5973901748657227,-2.285736560821533,-0.2517484724521637,2.49532413482666,-1.5715203285217285
-0.17809481918811798,0.2579280734062195,0.5308465361595154,-2.287877321243286,-0.2175389528274536,2.5001742839813232,-1.6021974086761475
-0.10523658990859985,0.24732039868831635,0.4592738151550293,-2.2898051738739014,-0.1834133416414261,2.5043118000030518,-1.6328743696212769
-0.027293555438518524,0.23822751641273499,0.38272473216056824,-2.2915194034576416,-0.1493571251630783,2.5077567100524902,-1.6635514497756958
0.05542974919080734,0.2307453751564026,0.30148565769195557,-2.2930188179016113,-0.11535745859146118,2.5105252265930176,-1.6942284107208252
0.14235371351242065,0.22496801614761353,0.21611861884593964,-2.2943038940429688,-0.08140181750059128,2.5126302242279053,-1.7249054908752441
0.23260484635829926,0.22097954154014587,0.12747955322265625,-2.2953734397888184,-0.04747925326228142,2.5140812397003174,-1.7555824518203735
0.3250501751899719,0.21884340047836304,0.036684565246105194,-2.2962276935577393,-0.013577141799032688,2.5148844718933105,-1.7862595319747925
0.4183589518070221,0.21859507262706757,-0.05495377257466316,-2.2968661785125732,0.02031482197344303,2.5150437355041504,-1.8169366121292114
0.5111207365989685,0.22023840248584747,-0.14603814482688904,-2.2972893714904785,0.05420751869678497,2.514558792114258,-1.8476135730743408
0.6019771695137024,0.22374337911605835,-0.2352297455072403,-2.2974977493286133,0.088112011551857,2.513427734375,-1.8782906532287598
0.6897363066673279,0.22905227541923523,-0.32135292887687683,-2.2974913120269775,0.12203890830278397,2.5116443634033203,-1.9089677333831787
0.7734604477882385,0.2360832393169403,-0.4034873843193054,-2.2972707748413086,0.15599988400936127,2.509200096130371,-1.9396445751190186
0.8525002598762512,0.2447456419467926,-0.48100054264068604,-2.296837091445923,0.19000700116157532,2.5060830116271973,-1.9703216552734375
0.926489531993866,0.2549390494823456,-0.5535441637039185,-2.2961909770965576,0.2240721434354782,2.5022776126861572,-2.0009987354278564
0.9953054785728455,0.266571044921875,-0.6210135817527771,-2.2953333854675293,0.2582092881202698,2.4977645874023438,-2.0316758155822754
1.0590126514434814,0.2795563340187073,-0.6834920048713684,-2.2942659854888916,0.29243162274360657,2.4925224781036377,-2.0623526573181152
1.1178151369094849,0.29382389783859253,-0.7412034869194031,-2.29298996925354,0.3267555236816406,2.4865236282348633,-2.093029737472534
1.1720043420791626,0.3093167841434479,-0.7944598197937012,-2.29150652885437,0.3611975312232971,2.4797353744506836,-2.123706817626953
1.2219130992889404,0.32599589228630066,-0.843615710735321,-2.2898178100585938,0.39577627182006836,2.4721226692199707,-2.154383659362793
1.2678992748260498,0.34384024143218994,-0.8890524506568909,-2.2879252433776855,0.4305131435394287,2.4636406898498535,-2.185060739517212
1.3103108406066895,0.3628443479537964,-0.9311426877975464,-2.2858314514160156,0.465431272983551,2.45424222946167,-2.215737819671631
1.3494850397109985,0.3830207288265228,-0.97025066614151,-2.2835376262664795,0.5005568861961365,2.4438698291778564,-2.24641489982605
1.3857371807098389,0.40439939498901367,-1.0067225694656372,-2.2810463905334473,0.5359202027320862,2.4324581623077393,-2.2770919799804688
1.4193516969680786,0.42702794075012207,-1.04087233543396,-2.278360366821289,0.5715547800064087,2.4199328422546387,-2.3077688217163086
1.4505916833877563,0.4509735107421875,-1.0730009078979492,-2.275481700897217,0.607501745223999,2.4062061309814453,-2.3384461402893066
1.4796892404556274,0.47632232308387756,-1.1033811569213867,-2.2724130153656006,0.6438056826591492,2.391176700592041,-2.3691229820251465
1.506850242614746,0.5031846761703491,-1.132265567779541,-2.2691574096679688,0.6805212497711182,2.374727964401245,-2.3998000621795654
1.5322597026824951,0.5316959023475647,-1.1598923206329346,-2.265717029571533,0.7177124619483948,2.356720209121704,-2.4304771423339844
1.5560773611068726,0.5620221495628357,-1.1864838600158691,-2.2620954513549805,0.7554550766944885,2.3369903564453125,-2.461153984069824
1.5784450769424438,0.5943681001663208,-1.2122563123703003,-2.2582952976226807,0.7938423156738281,2.3153417110443115,-2.491831064224243
1.5994811058044434,0.6289834380149841,-1.2374168634414673,-2.2543201446533203,0.83298659324646,2.291539430618286,-2.522508144378662
1.6192877292633057,0.6661790609359741,-1.2621774673461914,-2.2501728534698486,0.8730285167694092,2.265294313430786,-2.553185224533081
1.6379488706588745,0.7063440084457397,-1.286759614944458,-2.245857000350952,0.9141462445259094,2.2362473011016846,-2.583862066268921
1.6555287837982178,0.7499768733978271,-1.3114032745361328,-2.241375684738159,0.9565728902816772,2.2039430141448975,-2.614539384841919
1.6720714569091797,0.7977272272109985,-1.3363860845565796,-2.2367329597473145,1.000614047050476,2.1677896976470947,-2.645216226577759
