-0.6757634878158569,1.3700617551803589,1.1641194820404053,-0.7048914432525635,-1.1301295757293701,1.67024564743042,-2.3908801078796387
-0.6797353625297546,1.3002325296401978,1.0224246978759766,-0.7682008743286133,-0.9838439226150513,1.7282757759094238,-2.369338274002075
-0.6831598877906799,1.2521021366119385,0.9398270845413208,-0.8203978538513184,-0.8978334069252014,1.7681645154953003,-2.3477964401245117
-0.6863505840301514,1.2138713598251343,0.88242506980896,-0.8658716678619385,-0.8375425934791565,1.79976487159729,-2.326254367828369
-0.6894142627716064,1.1814911365509033,0.8390343189239502,-0.9067115783691406,-0.7915630340576172,1.826461911201477,-2.3047125339508057
-0.6924132108688354,1.15306556224823,0.8045979738235474,-0.9441099166870117,-0.7547299265861511,1.8498344421386719,-2.283170700073242
-0.6953728795051575,1.1275004148483276,0.7763251662254333,-0.97882080078125,-0.7241915464401245,1.8708020448684692,-2.2616288661956787
-0.6983152627944946,1.1041207313537598,0.752556562423706,-1.0113601684570312,-0.6982510089874268,1.8899279832839966,-2.240086793899536
-0.7012530565261841,1.0824757814407349,0.7322170734405518,-1.0420947074890137,-0.6758074164390564,1.9075897932052612,-2.2185449600219727
-0.7041978240013123,1.0622470378875732,0.71457439661026,-1.0713014602661133,-0.6561097502708435,1.92405366897583,-2.197003126144409
-0.7071563601493835,1.043201208114624,0.6991055011749268,-1.0991907119750977,-0.63862144947052,1.939515471458435,-2.1754612922668457
-0.7101353406906128,1.0251597166061401,0.6854245066642761,-1.125931978225708,-0.6229465007781982,1.9541256427764893,-2.153919219970703
-0.7131362557411194,1.0079853534698486,0.6732369661331177,-1.151658058166504,-0.6087848544120789,1.96799898147583,-2.1323773860931396
-0.7161701917648315,0.9915666580200195,0.6623257398605347,-1.1764791011810303,-0.5959060192108154,1.9812268018722534,-2.110835552215576
-0.7192342877388,0.9758171439170837,0.6525054574012756,-1.200488805770874,-0.5841236710548401,1.9938863515853882,-2.0892937183380127
-0.7223379611968994,0.9606589078903198,0.6436392068862915,-1.2237634658813477,-0.5732935667037964,2.006037473678589,-2.06775164604187
-0.7254811525344849,0.9460330009460449,0.6356086134910583,-1.246368169784546,-0.5632942914962769,2.017731189727783,-2.0462098121643066
-0.7286664843559265,0.9318880438804626,0.6283184885978699,-1.2683601379394531,-0.5540270209312439,2.0290117263793945,-2.024667978286743
-0.7318971157073975,0.9181799292564392,0.6216904520988464,-1.2897889614105225,-0.5454097390174866,2.0399155616760254,-2.0031261444091797
-0.735175371170044,0.9048709869384766,0.6156579852104187,-1.310697317123413,-0.5373730063438416,2.0504746437072754,-1.9815841913223267
-0.7385028600692749,0.8919282555580139,0.6101638674736023,-1.331122636795044,-0.5298569798469543,2.0607166290283203,-1.9600422382354736
-0.7418823838233948,0.8793236613273621,0.6051611304283142,-1.3510987758636475,-0.522811770439148,2.070665121078491,-1.9385004043579102
-0.745316207408905,0.8670313358306885,0.6006088256835938,-1.370654821395874,-0.5161939859390259,2.08034086227417,-1.9169585704803467
-0.7488065361976624,0.8550293445587158,0.59647136926651,-1.3898186683654785,-0.5099655389785767,2.08976411819458,-1.8954166173934937
-0.7523550987243652,0.8432988524436951,0.592718243598938,-1.4086127281188965,-0.5040946006774902,2.0989489555358887,-1.8738746643066406
-0.755963921546936,0.8318203091621399,0.589321494102478,-1.427060604095459,-0.49854981899261475,2.1079134941101074,-1.8523328304290771
-0.7596361637115479,0.8205795288085938,0.5862600207328796,-1.4451799392700195,-0.493308424949646,2.1166677474975586,-1.8307909965515137
-0.7633730173110962,0.8095608353614807,0.583511233329773,-1.4629907608032227,-0.4883458912372589,2.1252264976501465,-1.8092490434646606
-0.7671762704849243,0.7987533807754517,0.5810578465461731,-1.4805066585540771,-0.4836430549621582,2.133598804473877,-1.7877072095870972
-0.7710484862327576,0.7881438136100769,0.5788837671279907,-1.4977450370788574,-0.4791812300682068,2.1417953968048096,-1.7661652565002441
-0.7749927639961243,0.7777217626571655,0.5769756436347961,-1.5147185325622559,-0.4749448299407959,2.149824619293213,-1.7446234226226807
-0.7790104150772095,0.767478346824646,0.5753211975097656,-1.5314393043518066,-0.47091996669769287,2.1576948165893555,-1.7230814695358276
-0.7831035256385803,0.7574034929275513,0.5739081501960754,-1.5479199886322021,-0.4670923054218292,2.1654138565063477,-1.7015396356582642
-0.7872747778892517,0.7474908232688904,0.5727279186248779,-1.5641708374023438,-0.4634508788585663,2.172987937927246,-1.6799976825714111
-0.7915263772010803,0.7377309799194336,0.5717712044715881,-1.5802018642425537,-0.45998522639274597,2.180424213409424,-1.6584558486938477
-0.7958618998527527,0.7281177639961243,0.5710318088531494,-1.5960230827331543,-0.45668473839759827,2.187727928161621,-1.6369138956069946
-0.8002820014953613,0.718644917011261,0.5705013275146484,-1.6116424798965454,-0.45354098081588745,2.1949048042297363,-1.6153720617294312
-0.8047905564308167,0.7093067169189453,0.5701751708984375,-1.627068281173706,-0.4505460560321808,2.2019598484039307,-1.5938302278518677
-0.8093889951705933,0.7000972032546997,0.5700466632843018,-1.6423084735870361,-0.44769158959388733,2.2088980674743652,-1.5722882747650146
-0.8140816688537598,0.6910116076469421,0.5701135993003845,-1.65736985206604,-0.4449722468852997,2.2157230377197266,-1.5507463216781616
-0.8188698887825012,0.6820456385612488,0.5703703165054321,-1.672258734703064,-0.4423806667327881,2.2224390506744385,-1.5292044878005981
-0.8237568736076355,0.6731942296028137,0.5708138346672058,-1.6869821548461914,-0.43991050124168396,2.2290501594543457,-1.5076625347137451
-0.8287463188171387,0.6644537448883057,0.5714424252510071,-1.701545238494873,-0.43755823373794556,2.2355594635009766,-1.4861207008361816
-0.8338407874107361,0.6558203101158142,0.5722533464431763,-1.7159538269042969,-0.4353178143501282,2.2419700622558594,-1.4645787477493286
-0.839043915271759,0.6472904086112976,0.5732449293136597,-1.7302135229110718,-0.43318524956703186,2.2482857704162598,-1.4430369138717651
-0.8443574905395508,0.6388614177703857,0.5744146108627319,-1.7443286180496216,-0.4311550259590149,2.2545089721679688,-1.4214950799942017
-0.8497867584228516,0.6305286288261414,0.5757632851600647,-1.7583043575286865,-0.4292250871658325,2.2606425285339355,-1.3999531269073486
-0.8553339242935181,0.6222907900810242,0.5772888660430908,-1.77214515209198,-0.4273901879787445,2.2666893005371094,-1.3784111738204956
-0.8610038161277771,0.6141446828842163,0.5789928436279297,-1.7858548164367676,-0.4256482422351837,2.2726504802703857,-1.3568693399429321
-0.8667985200881958,0.6060878038406372,0.5808731913566589,-1.799437403678894,-0.4239957332611084,2.278529644012451,-1.3353275060653687
-0.872723400592804,0.5981177687644958,0.5829319953918457,-1.8128972053527832,-0.42242899537086487,2.2843282222747803,-1.3137855529785156
-0.8787817358970642,0.5902324318885803,0.5851695537567139,-1.8262373208999634,-0.4209461808204651,2.290048360824585,-1.2922437191009521
-0.8849779963493347,0.5824301838874817,0.5875870585441589,-1.8394614458084106,-0.4195447266101837,2.295692205429077,-1.2707018852233887
-0.891316294670105,0.5747091174125671,0.590185821056366,-1.8525727987289429,-0.418221652507782,2.3012611865997314,-1.249159812927246
-0.8978012204170227,0.5670668482780457,0.592967689037323,-1.8655742406845093,-0.4169756770133972,2.3067569732666016,-1.2276179790496826
-0.9044378995895386,0.5595027208328247,0.5959352254867554,-1.8784687519073486,-0.415804386138916,2.312180757522583,-1.2060761451721191
-0.9112308621406555,0.5520151257514954,0.5990905165672302,-1.8912595510482788,-0.41470587253570557,2.3175344467163086,-1.1845341920852661
-0.9181880354881287,0.5446039438247681,0.6024395823478699,-1.9039491415023804,-0.4136814773082733,2.3228189945220947,-1.1629923582077026
-0.925308108329773,0.5372648239135742,0.6059775352478027,-1.9165401458740234,-0.41272324323654175,2.3280372619628906,-1.1414504051208496
-0.9326006174087524,0.5299996137619019,0.6097129583358765,-1.9290348291397095,-0.411833792924881,2.333188772201538,-1.1199084520339966
-0.940070390701294,0.5228050947189331,0.6136479377746582,-1.9414360523223877,-0.41100990772247314,2.33827543258667,-1.098366618156433
-0.9477227926254272,0.5156823992729187,0.6177863478660583,-1.9537453651428223,-0.4102514684200287,2.3432981967926025,-1.0768247842788696
-0.9555644392967224,0.5086301565170288,0.6221323609352112,-1.9659653902053833,-0.40955692529678345,2.3482582569122314,-1.0552829504013062
-0.9636012315750122,0.5016472339630127,0.6266904473304749,-1.9780983924865723,-0.4089243710041046,2.353156805038452,-1.0337409973144531
-0.9718407392501831,0.494733065366745,0.6314663887023926,-1.9901461601257324,-0.40835437178611755,2.3579936027526855,-1.0121990442276
-0.9802876710891724,0.4878879487514496,0.6364629864692688,-2.002110481262207,-0.40784427523612976,2.3627710342407227,-0.9906572103500366
-0.9889496564865112,0.4811117649078369,0.641686201095581,-2.01399302482605,-0.4073946177959442,2.3674893379211426,-0.9691153168678284
-0.9978353381156921,0.47440314292907715,0.6471431851387024,-2.0257959365844727,-0.4070035517215729,2.3721487522125244,-0.9475734233856201
-1.0069504976272583,0.46776294708251953,0.6528382301330566,-2.0375211238861084,-0.40667033195495605,2.3767504692077637,-0.9260315895080566
-1.016303300857544,0.46119096875190735,0.65877765417099,-2.0491700172424316,-0.406394898891449,2.381295919418335,-0.9044895768165588
-1.0259027481079102,0.45468664169311523,0.6649693846702576,-2.060743808746338,-0.40617603063583374,2.385784149169922,-0.8829476833343506
-1.0357558727264404,0.44825124740600586,0.6714187860488892,-2.072244167327881,-0.40601351857185364,2.390216827392578,-0.8614058494567871
-1.0458719730377197,0.44188442826271057,0.6781337261199951,-2.0836730003356934,-0.40590667724609375,2.3945939540863037,-0.8398639559745789
-1.0562589168548584,0.4355871081352234,0.6851207613945007,-2.095031261444092,-0.4058544337749481,2.3989169597625732,-0.8183221220970154
-1.066927433013916,0.4293588399887085,0.6923893690109253,-2.10632061958313,-0.4058576822280884,2.4031853675842285,-0.7967802286148071
-1.0778858661651611,0.4232010841369629,0.6999464631080627,-2.117541790008545,-0.4059145152568817,2.4073996543884277,-0.7752382755279541
-1.0891447067260742,0.4171150028705597,0.7078011631965637,-2.128696918487549,-0.4060261845588684,2.411560535430908,-0.7536963820457458
-1.1007124185562134,0.411100834608078,0.7159610390663147,-2.1397862434387207,-0.4061904847621918,2.4156687259674072,-0.7321544885635376
-1.1126008033752441,0.40515992045402527,0.724436342716217,-2.1508116722106934,-0.4064088761806488,2.4197237491607666,-0.7106126546859741
-1.1248199939727783,0.39929309487342834,0.7332359552383423,-2.161774158477783,-0.4066801965236664,2.423726797103882,-0.6890707612037659
-1.1373810768127441,0.39350128173828125,0.7423697113990784,-2.1726746559143066,-0.4070042669773102,2.427677631378174,-0.6675288081169128
-1.1502963304519653,0.3877871334552765,0.751846969127655,-2.183513879776001,-0.40738195180892944,2.4315757751464844,-0.6459869146347046
-1.1635737419128418,0.3821515440940857,0.7616782784461975,-2.194293260574341,-0.4078117311000824,2.435422897338867,-0.6244450807571411
-1.1772290468215942,0.37659600377082825,0.7718760371208191,-2.2050139904022217,-0.40829432010650635,2.439218044281006,-0.6029031872749329
-1.191270351409912,0.37112271785736084,0.7824480533599854,-2.2156763076782227,-0.40882983803749084,2.442962169647217,-0.5813613533973694
-1.2057125568389893,0.36573320627212524,0.7934070825576782,-2.2262816429138184,-0.40941792726516724,2.446654796600342,-0.5598194599151611
-1.2205678224563599,0.36043021082878113,0.804764449596405,-2.236830949783325,-0.4100593030452728,2.450295925140381,-0.5382774472236633
-1.2358462810516357,0.3552160859107971,0.8165292143821716,-2.2473249435424805,-0.41075319051742554,2.453886032104492,-0.5167356133460999
-1.2515606880187988,0.3500927686691284,0.8287131786346436,-2.2577638626098633,-0.4114997982978821,2.457425117492676,-0.4951937198638916
-1.2408761978149414,0.34728848934173584,0.813556969165802,-2.255216360092163,-0.40265369415283203,2.4584898948669434,-0.4792991578578949
-1.2298849821090698,0.34459444880485535,0.7981117963790894,-2.252608299255371,-0.39378854632377625,2.4594879150390625,-0.4634046256542206
-1.2185885906219482,0.34201422333717346,0.7823788523674011,-2.2499399185180664,-0.38490474224090576,2.460418939590454,-0.4475100636482239
-1.206991195678711,0.3395482003688812,0.7663614153862,-2.24721097946167,-0.3760014772415161,2.4612832069396973,-0.43161553144454956
-1.195094347000122,0.33719828724861145,0.7500606179237366,-2.2444212436676025,-0.36707839369773865,2.462080955505371,-0.41572096943855286
-1.1829041242599487,0.3349669277667999,0.7334818243980408,-2.2415707111358643,-0.35813453793525696,2.4628121852874756,-0.39982640743255615
-1.1704219579696655,0.3328556716442108,0.7166257500648499,-2.238659143447876,-0.3491694927215576,2.463477373123169,-0.38393187522888184
-1.1576554775238037,0.3308659493923187,0.6994999051094055,-2.2356865406036377,-0.3401823341846466,2.464075803756714,-0.36803731322288513
-1.1446081399917603,0.32899951934814453,0.6821066737174988,-2.2326526641845703,-0.3311724066734314,2.464609146118164,-0.3521427810192108
-1.1312901973724365,0.32725855708122253,0.6644560098648071,-2.229557514190674,-0.3221392333507538,2.4650754928588867,-0.3362482190132141
-1.117706298828125,0.32564520835876465,0.646551787853241,-2.2264010906219482,-0.31308239698410034,2.4654765129089355,-0.3203536570072174
-1.1038655042648315,0.3241608142852783,0.6284021735191345,-2.2231829166412354,-0.3040006160736084,2.465811252593994,-0.3044590950012207
-1.0897794961929321,0.32280752062797546,0.6100183129310608,-2.219902992248535,-0.29489412903785706,2.4660794734954834,-0.2885645627975464
-1.075455665588379,0.32158663868904114,0.5914070010185242,-2.2165615558624268,-0.285761296749115,2.4662816524505615,-0.2726700007915497
-1.0609049797058105,0.32050034403800964,0.5725784301757812,-2.2131576538085938,-0.276602178812027,2.4664173126220703,-0.256775438785553
-1.0461399555206299,0.31955015659332275,0.5535446405410767,-2.2096915245056152,-0.26741617918014526,2.4664862155914307,-0.24088092148303986
-1.0311708450317383,0.31873881816864014,0.5343149304389954,-2.206163167953491,-0.25820228457450867,2.46648907661438,-0.22498634457588196
-1.0160129070281982,0.31806668639183044,0.5149037837982178,-2.2025721073150635,-0.2489597201347351,2.4664244651794434,-0.20909181237220764
-1.0006775856018066,0.3175358176231384,0.49532198905944824,-2.198918342590332,-0.23968809843063354,2.4662928581237793,-0.19319726526737213
-0.9851805567741394,0.31714826822280884,0.47558456659317017,-2.195201873779297,-0.23038683831691742,2.4660937786102295,-0.17730268836021423
-0.9695355296134949,0.31690508127212524,0.45570436120033264,-2.1914219856262207,-0.2210550457239151,2.465827226638794,-0.16140815615653992
-0.9537577629089355,0.31680750846862793,0.4356958270072937,-2.1875786781311035,-0.21169213950634003,2.4654924869537354,-0.1455136239528656
-0.9378622770309448,0.31685689091682434,0.4155731797218323,-2.1836721897125244,-0.20229661464691162,2.4650890827178955,-0.1296190321445465
-0.9218658208847046,0.31705498695373535,0.39535221457481384,-2.179701566696167,-0.1928689330816269,2.4646172523498535,-0.1137244924902916
-0.9057838320732117,0.31740278005599976,0.3750477731227875,-2.1756670475006104,-0.18340781331062317,2.464076042175293,-0.09782995283603668
-0.8896321654319763,0.3179014027118683,0.35467472672462463,-2.1715681552886963,-0.17391246557235718,2.4634652137756348,-0.08193539828062057
-0.8734279870986938,0.31855177879333496,0.33424919843673706,-2.167404890060425,-0.1643819808959961,2.4627845287323,-0.06604085117578506
-0.8571880459785461,0.31935471296310425,0.3137873113155365,-2.1631765365600586,-0.15481621026992798,2.4620327949523926,-0.05014631152153015
-0.8409271836280823,0.32031092047691345,0.2933027744293213,-2.158883571624756,-0.14521314203739166,2.461210012435913,-0.03425176814198494
-0.8246640563011169,0.32142141461372375,0.272813081741333,-2.1545252799987793,-0.1355731338262558,2.460315465927124,-0.018357185646891594
-0.8084126114845276,0.32268691062927246,0.2523316740989685,-2.1501011848449707,-0.12589514255523682,2.459348440170288,-0.002462635049596429
-0.7921882271766663,0.324106901884079,0.23187267780303955,-2.145611524581909,-0.1161772683262825,2.458308219909668,0.013431871309876442
-0.7760076522827148,0.32568344473838806,0.21145160496234894,-2.1410555839538574,-0.10641966760158539,2.4571945667266846,0.02932645194232464
-0.7598856091499329,0.3274165093898773,0.1910824179649353,-2.1364331245422363,-0.09662126004695892,2.4560065269470215,0.045221034437417984
-0.7438361644744873,0.3293052315711975,0.17077788710594177,-2.1317436695098877,-0.08678090572357178,2.454742908477783,0.06111554056406021
-0.7278728485107422,0.33135128021240234,0.15055042505264282,-2.1269874572753906,-0.0768972858786583,2.4534034729003906,0.07701008766889572
-0.7120094299316406,0.33355435729026794,0.13041289150714874,-2.1221635341644287,-0.0669700875878334,2.4519870281219482,0.09290467202663422
-0.6962587237358093,0.33591413497924805,0.11037654429674149,-2.117272138595581,-0.05699785798788071,2.4504928588867188,0.10879917442798615
-0.6806326508522034,0.3384309411048889,0.09045223891735077,-2.112312078475952,-0.046979401260614395,2.4489192962646484,0.12469375878572464
-0.6651424169540405,0.34110474586486816,0.0706498995423317,-2.1072838306427,-0.03691404312849045,2.4472670555114746,0.14058834314346313
-0.649798572063446,0.3439355194568634,0.05097874253988266,-2.102186441421509,-0.02680027112364769,2.44553279876709,0.15648284554481506
-0.6346100568771362,0.3469240367412567,0.031446248292922974,-2.097019910812378,-0.01663675345480442,2.4437179565429688,0.17237739264965057
-0.6195875406265259,0.3500700294971466,0.012061801739037037,-2.0917835235595703,-0.006422755774110556,2.441819667816162,0.18827198445796967
-0.6047378778457642,0.35337209701538086,-0.00716903991997242,-2.0864768028259277,0.0038428502157330513,2.4398367404937744,0.2041664868593216
-0.5900689363479614,0.356831431388855,-0.026240268722176552,-2.0810999870300293,0.014162362553179264,2.4377689361572266,0.2200610339641571
-0.5755875110626221,0.36044761538505554,-0.04514646157622337,-2.0756516456604004,0.024537010118365288,2.4356143474578857,0.2359556406736374
-0.561299741268158,0.3642207384109497,-0.06388302892446518,-2.07013201713562,0.03496747463941574,2.4333715438842773,0.2518501281738281
-0.5472108125686646,0.3681510388851166,-0.08244634419679642,-2.064540386199951,0.04545522481203079,2.431039333343506,0.2677447199821472
-0.5333240628242493,0.37223854660987854,-0.1008351519703865,-2.0588760375976562,0.056003231555223465,2.4286160469055176,0.2836392819881439
-0.519645094871521,0.37648317217826843,-0.11904535442590714,-2.0531389713287354,0.06661132723093033,2.426100730895996,0.29953381419181824
-0.5061757564544678,0.38088512420654297,-0.13707703351974487,-2.047327995300293,0.07728254795074463,2.4234907627105713,0.31542837619781494
-0.49292004108428955,0.38544437289237976,-0.1549280732870102,-2.0414435863494873,0.08801739662885666,2.420785427093506,0.33132293820381165
-0.47987860441207886,0.39016208052635193,-0.17259983718395233,-2.0354838371276855,0.09881852567195892,2.417982339859009,0.34721747040748596
-0.46705254912376404,0.3950382471084595,-0.19009381532669067,-2.029449462890625,0.10968856513500214,2.4150798320770264,0.3631120026111603
-0.4544438123703003,0.4000730514526367,-0.2074090838432312,-2.023339033126831,0.12062764167785645,2.412076473236084,0.379006564617157
-0.44205281138420105,0.405267596244812,-0.22454816102981567,-2.0171520709991455,0.13163910806179047,2.4089694023132324,0.3949010968208313
-0.4298778772354126,0.4106222093105316,-0.2415149062871933,-2.0108885765075684,0.14272557199001312,2.405757188796997,0.410795658826828
-0.41791871190071106,0.4161382019519806,-0.2583121955394745,-2.004546642303467,0.1538880169391632,2.4024367332458496,0.4266901910305023
-0.4061751961708069,0.42181652784347534,-0.2749422788619995,-1.9981268644332886,0.1651298999786377,2.3990068435668945,0.44258472323417664
-0.3946463465690613,0.4276583790779114,-0.291409432888031,-1.991627812385559,0.17645303905010223,2.3954648971557617,0.4584793448448181
-0.38332852721214294,0.4336639642715454,-0.307719886302948,-1.9850488901138306,0.18786108493804932,2.3918075561523438,0.4743739068508148
-0.3722212612628937,0.43983638286590576,-0.3238765597343445,-1.9783896207809448,0.19935572147369385,2.388032913208008,0.49026843905448914
-0.3613207936286926,0.4461762309074402,-0.33988651633262634,-1.9716488122940063,0.2109408974647522,2.3841373920440674,0.5061630010604858
-0.35062649846076965,0.4526855945587158,-0.3557533621788025,-1.9648261070251465,0.2226182520389557,2.3801193237304688,0.5220574736595154
-0.3401343822479248,0.4593665599822998,-0.3714848458766937,-1.9579201936721802,0.23439224064350128,2.375974416732788,0.5379520654678345
-0.32984164357185364,0.46622076630592346,-0.3870866000652313,-1.9509308338165283,0.24626557528972626,2.3717007637023926,0.5538465976715088
-0.31974494457244873,0.4732518196105957,-0.4025663137435913,-1.9438565969467163,0.2582426369190216,2.3672940731048584,0.5697411894798279
-0.3098415732383728,0.4804614186286926,-0.417930006980896,-1.9366967678070068,0.27032652497291565,2.362751007080078,0.585635781288147
-0.3001273274421692,0.4878524839878082,-0.4331860840320587,-1.929450511932373,0.282521516084671,2.358067512512207,0.6015303134918213
-0.29059940576553345,0.4954283535480499,-0.4483416974544525,-1.9221168756484985,0.2948312759399414,2.353240489959717,0.6174247860908508
-0.2812540531158447,0.5031929612159729,-0.4634047746658325,-1.9146945476531982,0.3072609007358551,2.3482654094696045,0.6333193778991699
-0.2720879316329956,0.5111490488052368,-0.47838354110717773,-1.9071826934814453,0.31981465220451355,2.343137741088867,0.6492139101028442
-0.26309624314308167,0.5193018317222595,-0.49328798055648804,-1.8995802402496338,0.33249789476394653,2.337853193283081,0.6651085019111633
-0.25427526235580444,0.5276539921760559,-0.5081268548965454,-1.8918861150741577,0.3453168570995331,2.3324060440063477,0.6810030341148376
-0.24562332034111023,0.5362116098403931,-0.5229074954986572,-1.884099006652832,0.3582751452922821,2.3267929553985596,0.6968976259231567
-0.23713435232639313,0.5449789762496948,-0.5376415848731995,-1.8762179613113403,0.3713797330856323,2.321007013320923,0.7127920985221863
-0.22880518436431885,0.553961992263794,-0.5523390173912048,-1.8682414293289185,0.3846372067928314,2.3150429725646973,0.7286866903305054
-0.22063349187374115,0.5631664991378784,-0.5670086145401001,-1.8601683378219604,0.3980540335178375,2.3088953495025635,0.7445812225341797
-0.212614044547081,0.5725987553596497,-0.5816625356674194,-1.8519972562789917,0.4116379916667938,2.3025567531585693,0.7604758143424988
-0.20474345982074738,0.5822650790214539,-0.5963119268417358,-1.8437268733978271,0.42539626359939575,2.296020746231079,0.7763704061508179
-0.19701820611953735,0.5921737551689148,-0.6109684109687805,-1.8353556394577026,0.4393377900123596,2.2892801761627197,0.7922649383544922
-0.18943597376346588,0.6023321151733398,-0.6256426572799683,-1.826882004737854,0.4534699320793152,2.282327175140381,0.8081594109535217
-0.1819906383752823,0.6127489805221558,-0.6403505206108093,-1.8183045387268066,0.4678041338920593,2.2751526832580566,0.824053943157196
-0.17468132078647614,0.6234333515167236,-0.6551024317741394,-1.8096216917037964,0.48235049843788147,2.267749309539795,0.8399485349655151
-0.16750358045101166,0.6343955993652344,-0.6699135899543762,-1.8008315563201904,0.4971190094947815,2.2601068019866943,0.8558431267738342
-0.16045379638671875,0.6456464529037476,-0.684799313545227,-1.791932463645935,0.5121220946311951,2.252213954925537,0.8717376589775085
-0.15353022515773773,0.6571977138519287,-0.6997733116149902,-1.782922625541687,0.5273722410202026,2.2440614700317383,0.8876322507858276
-0.14672917127609253,0.669062077999115,-0.7148532271385193,-1.773800015449524,0.5428846478462219,2.2356367111206055,0.9035266637802124
-0.1400480717420578,0.6812539100646973,-0.7300559878349304,-1.764562726020813,0.5586735010147095,2.2269270420074463,0.9194213151931763
-0.133482426404953,0.6937873959541321,-0.7454019784927368,-1.755208969116211,0.5747566223144531,2.2179181575775146,0.9353157877922058
-0.12703147530555725,0.7066797614097595,-0.7609091401100159,-1.745736002922058,0.5911504626274109,2.2085952758789062,0.9512103796005249
-0.12069249153137207,0.719948947429657,-0.7765991687774658,-1.7361420392990112,0.6078763604164124,2.198942184448242,0.9671050310134888
-0.11446288973093033,0.733614981174469,-0.7924955487251282,-1.7264243364334106,0.6249549388885498,2.188941240310669,0.9829995036125183
-0.10834047198295593,0.7476996183395386,-0.8086229562759399,-1.716580867767334,0.6424106955528259,2.178572177886963,0.9988939762115479
-0.10232314467430115,0.7622269988059998,-0.825009286403656,-1.706608533859253,0.6602712273597717,2.167813539505005,1.0147886276245117
-0.09640950709581375,0.7772238850593567,-0.8416833281517029,-1.696504831314087,0.6785643100738525,2.156641960144043,1.030683159828186
-0.09059686958789825,0.7927206754684448,-0.8586796522140503,-1.6862671375274658,0.6973252892494202,2.1450297832489014,1.0465776920318604
-0.08488583564758301,0.8087494373321533,-0.8760314583778381,-1.6758922338485718,0.7165877223014832,2.1329493522644043,1.0624723434448242
-0.07927317172288895,0.8253494501113892,-0.8937827348709106,-1.665377140045166,0.7363973259925842,2.1203653812408447,1.0783668756484985
-0.07375986129045486,0.8425608277320862,-0.9119749069213867,-1.6547186374664307,0.756796658039093,2.107243061065674,1.0942614078521729
-0.06834457069635391,0.8604339361190796,-0.9306617379188538,-1.6439130306243896,0.7778428196907043,2.093538284301758,1.1101558208465576
-0.06302784383296967,0.879022479057312,-0.9498997926712036,-1.632956624031067,0.7995957136154175,2.0792036056518555,1.1260504722595215
-0.05781093239784241,0.8983900547027588,-0.9697543382644653,-1.6218458414077759,0.8221264481544495,2.0641841888427734,1.1419451236724854
-0.05269263684749603,0.9186121821403503,-0.9903059601783752,-1.6105763912200928,0.8455201387405396,2.0484135150909424,1.1578395366668701
-0.04767697677016258,0.9397735595703125,-1.0116407871246338,-1.5991442203521729,0.8698709607124329,2.031818151473999,1.173734188079834
-0.04276830330491066,0.9619750380516052,-1.0338618755340576,-1.587545394897461,0.8952922224998474,2.014310359954834,1.1896286010742188
-0.03796577826142311,0.9853494763374329,-1.0571075677871704,-1.5757737159729004,0.9219354391098022,1.995775818824768,1.205523133277893
-0.03327678516507149,1.0100446939468384,-1.081528663635254,-1.5638248920440674,0.9499666094779968,1.9760856628417969,1.221417784690857
-0.028703762218356133,1.0362504720687866,-1.107323169708252,-1.5516939163208008,0.9796005487442017,1.9550760984420776,1.2373123168945312
-0.0242670439183712,1.064211130142212,-1.1347308158874512,-1.5393743515014648,1.011113166809082,1.9325370788574219,1.2532068490982056
-0.019976427778601646,1.0942437648773193,-1.1640775203704834,-1.5268607139587402,1.0448637008666992,1.9081956148147583,1.2691015005111694
-0.015852205455303192,1.1267796754837036,-1.1958003044128418,-1.5141465663909912,1.0813407897949219,1.8816803693771362,1.2849959135055542
-0.011924127116799355,1.162432074546814,-1.2305192947387695,-1.5012245178222656,1.1212403774261475,1.8524647951126099,1.300890564918518
-0.008237889967858791,1.202127456665039,-1.2691689729690552,-1.4880876541137695,1.165611743927002,1.8197542428970337,1.3167849779129028
-0.004872591234743595,1.2473803758621216,-1.313274621963501,-1.4747281074523926,1.2161710262298584,1.7822517156600952,1.3326796293258667
-0.011971058323979378,1.2569972276687622,-1.3212201595306396,-1.4679007530212402,1.2258543968200684,1.7741799354553223,1.3525429964065552
-0.019069015979766846,1.267211675643921,-1.3298227787017822,-1.4609050750732422,1.2362661361694336,1.765602469444275,1.3724063634872437
-0.026169035583734512,1.2780873775482178,-1.3391584157943726,-1.4537391662597656,1.247489333152771,1.756464958190918,1.3922698497772217
-0.03327353671193123,1.2897084951400757,-1.3493256568908691,-1.446399211883545,1.2596321105957031,1.7466962337493896,1.4121332168579102
-0.040386494249105453,1.302177906036377,-1.360445261001587,-1.438882827758789,1.2728261947631836,1.7362077236175537,1.4319965839385986
-0.04751395061612129,1.3156274557113647,-1.3726701736450195,-1.4311859607696533,1.2872402667999268,1.7248871326446533,1.451859951019287
-0.054663579910993576,1.3302288055419922,-1.386197805404663,-1.4233059883117676,1.3030911684036255,1.712588906288147,1.4717233180999756
-0.061846762895584106,1.3462215662002563,-1.4013020992279053,-1.415238380432129,1.320681095123291,1.699108600616455,1.491586685180664
-0.0690789446234703,1.363952875137329,-1.418376088142395,-1.4069790840148926,1.3404438495635986,1.6841508150100708,1.511450171470642
-0.07638712972402573,1.3839417695999146,-1.4380033016204834,-1.3985249996185303,1.3630245923995972,1.6672742366790771,1.5313135385513306
-0.0838133841753006,1.4070898294448853,-1.4611890316009521,-1.3898706436157227,1.3895363807678223,1.6477102041244507,1.5511767864227295
-0.09144758433103561,1.4351378679275513,-1.4898557662963867,-1.3810114860534668,1.4221129417419434,1.6239792108535767,1.5710402727127075
-0.09952347725629807,1.47269606590271,-1.5290557146072388,-1.3719425201416016,1.4663665294647217,1.592159390449524,1.590903639793396
-0.10287501662969589,1.4263460636138916,-1.4798638820648193,-1.3773179054260254,1.411289095878601,1.631340742111206,1.613271713256836
-0.10689166188240051,1.3924579620361328,-1.4440805912017822,-1.382619857788086,1.371157169342041,1.6599066257476807,1.6356397867202759
-0.1112358421087265,1.3644652366638184,-1.4146403074264526,-1.3878495693206787,1.3380954265594482,1.6834461688995361,1.6580079793930054
-0.11579031497240067,1.3401148319244385,-1.3891160488128662,-1.393007755279541,1.3093998432159424,1.7038766145706177,1.6803760528564453
-0.12049892544746399,1.318310260772705,-1.3663244247436523,-1.3980951309204102,1.28375244140625,1.7221323251724243,1.7027441263198853
-0.12532998621463776,1.298414945602417,-1.3455767631530762,-1.4031128883361816,1.2603869438171387,1.738755464553833,1.7251121997833252
-0.13026127219200134,1.2800259590148926,-1.3264374732971191,-1.40806245803833,1.2388179302215576,1.7540889978408813,1.7474802732467651
-0.1352815181016922,1.2628635168075562,-1.3086012601852417,-1.4129433631896973,1.2187073230743408,1.7683722972869873,1.769848346710205
-0.14037834107875824,1.246727705001831,-1.2918518781661987,-1.4177577495574951,1.1998132467269897,1.7817749977111816,1.7922165393829346
-0.14554475247859955,1.2314696311950684,-1.2760262489318848,-1.4225058555603027,1.1819559335708618,1.7944250106811523,1.8145846128463745
-0.1507750004529953,1.2169716358184814,-1.2609963417053223,-1.4271888732910156,1.164992332458496,1.806422472000122,1.8369526863098145
-0.1560640186071396,1.2031439542770386,-1.2466638088226318,-1.431807041168213,1.1488137245178223,1.8178431987762451,1.8593207597732544
-0.16140957176685333,1.1899091005325317,-1.232942819595337,-1.4363608360290527,1.1333258152008057,1.8287545442581177,1.8816888332366943
-0.16680695116519928,1.1772074699401855,-1.2197685241699219,-1.4408519268035889,1.1184548139572144,1.8392070531845093,1.9040570259094238
-0.1722559928894043,1.164987564086914,-1.2070832252502441,-1.4452803134918213,1.1041392087936401,1.8492447137832642,1.9264250993728638
-0.17775222659111023,1.1532084941864014,-1.1948424577713013,-1.4496464729309082,1.0903289318084717,1.8589025735855103,1.9487931728363037
-0.18329539895057678,1.1418315172195435,-1.1830027103424072,-1.453951120376587,1.0769755840301514,1.8682136535644531,1.9711612462997437
-0.18888366222381592,1.1308248043060303,-1.1715288162231445,-1.458195447921753,1.0640414953231812,1.8772056102752686,1.9935294389724731
-0.19451572000980377,1.1201624870300293,-1.1603914499282837,-1.4623796939849854,1.0514929294586182,1.8859003782272339,2.015897512435913
-0.20019035041332245,1.1098195314407349,-1.149563193321228,-1.4665040969848633,1.0393012762069702,1.8943191766738892,2.0382654666900635
-0.20590634644031525,1.0997745990753174,-1.1390199661254883,-1.4705696105957031,1.0274388790130615,1.9024808406829834,2.060633659362793
-0.21166442334651947,1.090008020401001,-1.1287388801574707,-1.474576473236084,1.0158817768096924,1.9104020595550537,2.0830018520355225
-0.21746179461479187,1.08050537109375,-1.1187047958374023,-1.4785254001617432,1.0046124458312988,1.9180948734283447,2.105369806289673
-0.2232990860939026,1.0712491273880005,-1.1088969707489014,-1.482417106628418,0.9936090707778931,1.9255748987197876,2.1277379989624023
-0.22917449474334717,1.0622271299362183,-1.0993027687072754,-1.4862515926361084,0.9828565716743469,1.9328521490097046,2.1501059532165527
-0.2350897490978241,1.053425908088684,-1.0899051427841187,-1.4900295734405518,0.9723377227783203,1.9399387836456299,2.1724741458892822
-0.24104267358779907,1.0448360443115234,-1.080694317817688,-1.493751049041748,0.9620415568351746,1.9468425512313843,2.1948421001434326
-0.2470325529575348,1.0364476442337036,-1.0716588497161865,-1.4974172115325928,0.9519551396369934,1.9535719156265259,2.217210292816162
-0.25306081771850586,1.0282481908798218,-1.062784194946289,-1.5010278224945068,0.9420638084411621,1.960137963294983,2.2395784854888916
-0.2591303586959839,1.020233392715454,-1.0540611743927002,-1.5045838356018066,0.9323611855506897,1.9665448665618896,2.261946439743042
-0.26523080468177795,1.0123932361602783,-1.0454872846603394,-1.5080852508544922,0.922835648059845,1.9728000164031982,2.2843146324157715
-0.27136823534965515,1.0047204494476318,-1.0370490550994873,-1.5115323066711426,0.9134771227836609,1.9789106845855713,2.306682586669922
-0.2775425314903259,0.9972076416015625,-1.028738021850586,-1.5149259567260742,0.904277503490448,1.9848830699920654,2.3290507793426514
-0.2837519645690918,0.9898503422737122,-1.0205495357513428,-1.518265962600708,0.8952308297157288,1.9907207489013672,2.3514187335968018
-0.2899973392486572,0.9826418161392212,-1.0124751329421997,-1.5215532779693604,0.8863279819488525,1.9964299201965332,2.3737871646881104
-0.2962777018547058,0.9755780696868896,-1.0045101642608643,-1.5247876644134521,0.8775647282600403,2.00201416015625,2.3961551189422607
-0.30259379744529724,0.9686530232429504,-0.9966475963592529,-1.5279693603515625,0.8689335584640503,2.007478713989258,2.418523073196411
-0.3089446425437927,0.9618625044822693,-0.9888825416564941,-1.5310993194580078,0.8604282140731812,2.012826919555664,2.4408912658691406
