0.6068745851516724,1.0566376447677612,0.6477980017662048,-1.039586067199707,-0.5953251123428345,1.92783784866333,-1.1605985164642334
0.6051979660987854,1.0471738576889038,0.6418838500976562,-1.0548944473266602,-0.5883592367172241,1.9355356693267822,-1.137822151184082
0.6035201549530029,1.037989616394043,0.6364266276359558,-1.06982421875,-0.581852912902832,1.942996859550476,-1.1150457859039307
0.601840615272522,1.02906334400177,0.6313813924789429,-1.0844030380249023,-0.5757608413696289,1.950239658355713,-1.0922694206237793
0.6001589894294739,1.0203737020492554,0.626707911491394,-1.098656415939331,-0.5700413584709167,1.9572824239730835,-1.069493055343628
0.5984781980514526,1.011906623840332,0.6223701238632202,-1.1126039028167725,-0.5646607875823975,1.964138388633728,-1.0467166900634766
0.5967903137207031,1.0036401748657227,0.618344247341156,-1.1262669563293457,-0.5595881938934326,1.9708222150802612,-1.0239403247833252
0.5950984358787537,0.9955647587776184,0.6146031022071838,-1.1396613121032715,-0.5547987818717957,1.977342963218689,-1.0011639595031738
0.5934023857116699,0.9876660108566284,0.6111217737197876,-1.152803897857666,-0.5502667427062988,1.9837136268615723,-0.9783875942230225
0.5917031168937683,0.9799352288246155,0.6078805327415466,-1.1657075881958008,-0.5459731817245483,1.9899424314498901,-0.9556112289428711
0.5900011658668518,0.9723643660545349,0.6048611402511597,-1.1783874034881592,-0.5418989658355713,1.9960376024246216,-0.9328348636627197
0.5882914066314697,0.964937150478363,0.6020499467849731,-1.1908531188964844,-0.5380277037620544,2.0020077228546143,-0.9100584983825684
0.5865762829780579,0.9576485753059387,0.599431037902832,-1.2031168937683105,-0.5343451499938965,2.0078587532043457,-0.887282133102417
0.5848550200462341,0.9504918456077576,0.596992552280426,-1.2151885032653809,-0.5308374762535095,2.0135974884033203,-0.8645057678222656
0.583127498626709,0.9434594511985779,0.5947228074073792,-1.2270770072937012,-0.5274933576583862,2.0192294120788574,-0.8417294025421143
0.5813940763473511,0.9365461468696594,0.5926110744476318,-1.2387897968292236,-0.5243018865585327,2.0247597694396973,-0.8189530968666077
0.579654335975647,0.9297447204589844,0.5906470417976379,-1.2503364086151123,-0.5212522149085999,2.0301947593688965,-0.7961766719818115
0.577906608581543,0.9230498671531677,0.5888240337371826,-1.2617239952087402,-0.518336832523346,2.0355374813079834,-0.7734003067016602
0.5761523842811584,0.9164578318595886,0.5871331095695496,-1.2729578018188477,-0.5155472159385681,2.040792226791382,-0.7506240010261536
0.5743911862373352,0.9099619388580322,0.5855660438537598,-1.2840454578399658,-0.5128743648529053,2.045964241027832,-0.7278476357460022
0.5726214051246643,0.903559684753418,0.5841191411018372,-1.294992446899414,-0.5103142261505127,2.0510549545288086,-0.705071210861206
0.5708441734313965,0.8972463607788086,0.5827842354774475,-1.30580472946167,-0.5078580379486084,2.0560693740844727,-0.6822948455810547
0.5690586566925049,0.891018271446228,0.5815563797950745,-1.3164870738983154,-0.505501389503479,2.0610105991363525,-0.6595184803009033
0.567265510559082,0.8848720788955688,0.58042973279953,-1.3270442485809326,-0.5032385587692261,2.06588077545166,-0.6367421746253967
0.5654632449150085,0.8788043856620789,0.5794012546539307,-1.3374810218811035,-0.5010635256767273,2.070683002471924,-0.6139658093452454
0.5636524558067322,0.8728122711181641,0.5784655213356018,-1.3478014469146729,-0.4989736080169678,2.0754196643829346,-0.591189444065094
0.5618323087692261,0.8668921589851379,0.5776187181472778,-1.3580100536346436,-0.4969625473022461,2.0800933837890625,-0.5684130787849426
0.5600036978721619,0.8610429167747498,0.5768570303916931,-1.368110179901123,-0.49502816796302795,2.0847065448760986,-0.5456367135047913
0.5581647157669067,0.8552603125572205,0.5761780142784119,-1.3781054019927979,-0.49316683411598206,2.0892603397369385,-0.5228602886199951
0.5563165545463562,0.8495425581932068,0.5755769610404968,-1.3880000114440918,-0.4913727641105652,2.0937585830688477,-0.5000839829444885
0.5544582009315491,0.8438873291015625,0.5750521421432495,-1.397796392440796,-0.48964446783065796,2.0982017517089844,-0.47730761766433716
0.5525904297828674,0.8382934331893921,0.5745998024940491,-1.4074974060058594,-0.48797890543937683,2.1025917530059814,-0.4545312523841858
0.5507124066352844,0.8327579498291016,0.574217677116394,-1.4171066284179688,-0.4863728880882263,2.106930732727051,-0.4317548871040344
0.5488235950469971,0.8272787928581238,0.5739041566848755,-1.426626443862915,-0.4848242998123169,2.111219882965088,-0.40897852182388306
0.5469241142272949,0.8218549489974976,0.5736563801765442,-1.4360599517822266,-0.4833306670188904,2.1154613494873047,-0.3862021267414093
0.5450132489204407,0.8164839148521423,0.5734728574752808,-1.4454092979431152,-0.48188871145248413,2.1196553707122803,-0.36342576146125793
0.543091893196106,0.811164140701294,0.5733503103256226,-1.454676628112793,-0.4804970920085907,2.1238045692443848,-0.34064945578575134
0.5411592721939087,0.8058941960334778,0.5732874274253845,-1.4638652801513672,-0.47915229201316833,2.127910614013672,-0.3178730905056
0.5392154455184937,0.8006734251976013,0.5732828974723816,-1.4729762077331543,-0.47785454988479614,2.1319730281829834,-0.2950966954231262
0.5372589230537415,0.7954985499382019,0.5733355283737183,-1.4820122718811035,-0.476600706577301,2.1359939575195312,-0.27232033014297485
0.5352905988693237,0.7903698086738586,0.5734434723854065,-1.4909751415252686,-0.4753894805908203,2.139974594116211,-0.2495439499616623
0.5333110690116882,0.7852861881256104,0.5736042857170105,-1.4998664855957031,-0.47421902418136597,2.143915891647339,-0.22676756978034973
0.531318187713623,0.7802450060844421,0.573818027973175,-1.5086889266967773,-0.47308722138404846,2.1478190422058105,-0.20399120450019836
0.5293129086494446,0.7752457857131958,0.5740830898284912,-1.5174438953399658,-0.47199371457099915,2.1516847610473633,-0.1812148541212082
0.5272942185401917,0.7702877521514893,0.5743986964225769,-1.5261328220367432,-0.47093719244003296,2.1555140018463135,-0.15843847393989563
0.5252629518508911,0.7653694152832031,0.5747629404067993,-1.534757137298584,-0.46991464495658875,2.1593074798583984,-0.13566219806671143
0.5232188105583191,0.7604897022247314,0.5751745104789734,-1.5433189868927002,-0.46892645955085754,2.16306734085083,-0.11288582533597946
0.5211597084999084,0.7556481957435608,0.575634777545929,-1.5518200397491455,-0.4679708182811737,2.166792154312134,-0.0901094526052475
0.5190882086753845,0.7508432269096375,0.5761396884918213,-1.5602607727050781,-0.4670463502407074,2.170485258102417,-0.06733307242393494
0.5170013904571533,0.7460744380950928,0.5766915082931519,-1.5686430931091309,-0.4661523699760437,2.174144744873047,-0.04455669969320297
0.5149010419845581,0.741340160369873,0.5772866606712341,-1.5769686698913574,-0.4652872681617737,2.177773952484131,-0.021780354902148247
0.512786328792572,0.7366412281990051,0.5779260396957397,-1.5852382183074951,-0.46445098519325256,2.1813719272613525,0.000996020040474832
0.5106557011604309,0.7319751977920532,0.5786094665527344,-1.5934531688690186,-0.463641881942749,2.18493914604187,0.02377239614725113
0.5085104703903198,0.7273415327072144,0.5793352723121643,-1.6016149520874023,-0.4628593921661377,2.1884772777557373,0.04654876887798309
0.5063506364822388,0.7227402329444885,0.5801022052764893,-1.6097246408462524,-0.4621020555496216,2.1919870376586914,0.06932514905929565
0.5041746497154236,0.7181704044342041,0.58091139793396,-1.6177830696105957,-0.46136999130249023,2.1954681873321533,0.09210152179002762
0.5019824504852295,0.7136304378509521,0.5817617177963257,-1.6257916688919067,-0.4606616497039795,2.1989216804504395,0.11487789452075958
0.49977439641952515,0.7091211080551147,0.5826525092124939,-1.6337511539459229,-0.45997658371925354,2.202347755432129,0.13765427470207214
0.49755001068115234,0.7046407461166382,0.5835832357406616,-1.641662836074829,-0.4593137800693512,2.205747604370117,0.16043052077293396
0.49530813097953796,0.7001888751983643,0.5845544934272766,-1.649527907371521,-0.4586733281612396,2.2091214656829834,0.18320690095424652
0.49305006861686707,0.6957651972770691,0.5855644345283508,-1.6573466062545776,-0.45805349946022034,2.2124698162078857,0.2059832662343979
0.49077439308166504,0.6913691163063049,0.5866138339042664,-1.6651201248168945,-0.4574545919895172,2.2157928943634033,0.22875964641571045
0.4884814918041229,0.6869995594024658,0.5877013206481934,-1.6728495359420776,-0.45687511563301086,2.2190914154052734,0.2515360116958618
0.48616957664489746,0.68265700340271,0.5888288617134094,-1.6805354356765747,-0.4563157856464386,2.222365379333496,0.27431240677833557
0.4838407337665558,0.6783400774002075,0.5899932980537415,-1.6881790161132812,-0.4557743966579437,2.225616455078125,0.29708877205848694
0.4814925491809845,0.6740486025810242,0.5911966562271118,-1.6957807540893555,-0.4552512764930725,2.2288436889648438,0.3198651075363159
0.4791260361671448,0.6697824001312256,0.5924373269081116,-1.7033414840698242,-0.45474639534950256,2.2320480346679688,0.3426415026187897
0.4767398536205292,0.6655406355857849,0.593716561794281,-1.7108620405197144,-0.45425859093666077,2.235229730606079,0.36541786789894104
0.474334180355072,0.6613225340843201,0.5950331687927246,-1.7183432579040527,-0.45378732681274414,2.238389730453491,0.3881942331790924
0.47190842032432556,0.6571285724639893,0.5963877439498901,-1.725785732269287,-0.4533325731754303,2.241527557373047,0.41097062826156616
0.46946287155151367,0.6529577970504761,0.5977793335914612,-1.7331900596618652,-0.4528937339782715,2.2446441650390625,0.43374699354171753
0.46699631214141846,0.6488094329833984,0.5992088317871094,-1.7405571937561035,-0.4524700343608856,2.247739791870117,0.45652323961257935
0.46450862288475037,0.6446835398674011,0.6006757020950317,-1.7478876113891602,-0.45206162333488464,2.250814437866211,0.4792996048927307
0.462001234292984,0.6405797004699707,0.6021785140037537,-1.7551820278167725,-0.4516666829586029,2.2538695335388184,0.5020759701728821
0.4594705402851105,0.6364977359771729,0.6037203073501587,-1.762440800666809,-0.45128679275512695,2.256903648376465,0.5248523354530334
0.45691823959350586,0.6324372887611389,0.6052991151809692,-1.7696647644042969,-0.45092087984085083,2.259918212890625,0.5476287603378296
0.4543440639972687,0.6283981204032898,0.606914758682251,-1.7768542766571045,-0.4505682587623596,2.262913465499878,0.570405125617981
0.4517466723918915,0.6243793368339539,0.6085684299468994,-1.784010410308838,-0.4502282440662384,2.2658891677856445,0.5931814908981323
0.46527913212776184,0.6148489713668823,0.5883029699325562,-1.7891374826431274,-0.43244031071662903,2.272352695465088,0.6079488396644592
0.479061484336853,0.6056573390960693,0.5679531097412109,-1.7941814661026,-0.4148254692554474,2.278547763824463,0.6227161884307861
0.49309617280960083,0.5967957377433777,0.547507107257843,-1.7991431951522827,-0.39737454056739807,2.284485340118408,0.6374835968017578
0.5073837041854858,0.5882561206817627,0.5269558429718018,-1.8040233850479126,-0.38007909059524536,2.2901737689971924,0.6522509455680847
0.5219255089759827,0.5800310373306274,0.5062897801399231,-1.8088228702545166,-0.3629293143749237,2.295621395111084,0.6670182943344116
0.5367205142974854,0.572114884853363,0.4855026304721832,-1.8135416507720947,-0.3459192216396332,2.300835132598877,0.6817856431007385
0.5517701506614685,0.5645014047622681,0.46458595991134644,-1.8181805610656738,-0.32904064655303955,2.3058226108551025,0.6965530514717102
0.567072868347168,0.5571858882904053,0.44353416562080383,-1.822740077972412,-0.31228652596473694,2.3105900287628174,0.7113204002380371
0.5826285481452942,0.5501636266708374,0.4223417341709137,-1.8272209167480469,-0.2956502437591553,2.3151443004608154,0.726087749004364
0.5984345078468323,0.5434296131134033,0.4010045826435089,-1.8316236734390259,-0.27912598848342896,2.319490909576416,0.7408550977706909
0.6144888997077942,0.5369812846183777,0.37951964139938354,-1.8359485864639282,-0.2627083659172058,2.323634624481201,0.7556225061416626
0.6307883262634277,0.5308147668838501,0.35788464546203613,-1.8401960134506226,-0.24639162421226501,2.327580451965332,0.7703898549079895
0.6473300457000732,0.5249267220497131,0.33609697222709656,-1.844367265701294,-0.23016954958438873,2.3313345909118652,0.7851572036743164
0.664108395576477,0.519315242767334,0.31415754556655884,-1.8484618663787842,-0.21403904259204865,2.334899663925171,0.7999245524406433
0.6811188459396362,0.5139772891998291,0.2920663356781006,-1.8524808883666992,-0.19799493253231049,2.338280439376831,0.814691960811615
0.698356032371521,0.5089114308357239,0.26982441544532776,-1.856424331665039,-0.18203213810920715,2.3414804935455322,0.8294593095779419
0.7158132791519165,0.504115879535675,0.24743367731571198,-1.8602931499481201,-0.16614708304405212,2.3445043563842773,0.8442266583442688
0.7334814071655273,0.49958884716033936,0.22489973902702332,-1.8640873432159424,-0.15033534169197083,2.34735369682312,0.8589940667152405
0.7513543963432312,0.4953286647796631,0.20222434401512146,-1.8678077459335327,-0.13459321856498718,2.3500328063964844,0.8737614154815674
0.7694218754768372,0.4913342595100403,0.1794142872095108,-1.8714542388916016,-0.11891694366931915,2.352543830871582,0.8885287642478943
0.7876740097999573,0.48760539293289185,0.15647576749324799,-1.8750278949737549,-0.10330373048782349,2.3548901081085205,0.9032961130142212
0.8061005473136902,0.48413971066474915,0.13341541588306427,-1.8785287141799927,-0.08774884790182114,2.3570733070373535,0.9180634617805481
0.824689507484436,0.480938196182251,0.11024182289838791,-1.8819568157196045,-0.07225008308887482,2.359095811843872,0.9328308701515198
0.8434290885925293,0.47799861431121826,0.08696335554122925,-1.8853132724761963,-0.056803829967975616,2.3609602451324463,0.9475981593132019
0.8623061776161194,0.4753214418888092,0.06359021365642548,-1.8885984420776367,-0.04140711575746536,2.36266827583313,0.9623655676841736
0.8813070058822632,0.47290554642677307,0.04013306647539139,-1.8918119668960571,-0.026057127863168716,2.3642210960388184,0.9771329164505005
0.9004173874855042,0.4707508087158203,0.01660279929637909,-1.8949546813964844,-0.010750781744718552,2.3656206130981445,0.9919002652168274
0.9196220636367798,0.46885615587234497,-0.006987891159951687,-1.8980271816253662,0.004513793159276247,2.366868495941162,1.0066676139831543
0.9389055371284485,0.46722185611724854,-0.03062654472887516,-1.9010295867919922,0.019740400835871696,2.3679652214050293,1.021435022354126
0.9582523107528687,0.4658471345901489,-0.054300665855407715,-1.9039620161056519,0.03493077680468559,2.3689124584198,1.0362024307250977
0.9776466488838196,0.46473175287246704,-0.07799693942070007,-1.906825065612793,0.050088535994291306,2.369710922241211,1.0509697198867798
0.9970704317092896,0.4638756513595581,-0.10170005261898041,-1.9096190929412842,0.06521514058113098,2.370361328125,1.0657371282577515
1.0165079832077026,0.4632774889469147,-0.1253969818353653,-1.9123444557189941,0.08031324297189713,2.370864152908325,1.0805044174194336
1.0359413623809814,0.46293726563453674,-0.14907225966453552,-1.9150015115737915,0.09538576751947403,2.371220588684082,1.0952718257904053
1.055354356765747,0.46285465359687805,-0.17271247506141663,-1.9175903797149658,0.1104346513748169,2.371429920196533,1.110039234161377
1.0747294425964355,0.4630293548107147,-0.19630256295204163,-1.920111894607544,0.12546178698539734,2.3714935779571533,1.1248066425323486
1.0940495729446411,0.46345993876457214,-0.2198275625705719,-1.9225656986236572,0.14047004282474518,2.3714098930358887,1.1395739316940308
1.1132981777191162,0.4641472101211548,-0.24327389895915985,-1.9249523878097534,0.15546171367168427,2.371180534362793,1.1543413400650024
1.132457971572876,0.4650896489620209,-0.2666265368461609,-1.9272724390029907,0.17043884098529816,2.3708043098449707,1.1691086292266846
1.1515100002288818,0.466286838054657,-0.2898685932159424,-1.9295259714126587,0.18540126085281372,2.370281457901001,1.1838760375976562
1.1704466342926025,0.46773862838745117,-0.3129955232143402,-1.931713342666626,0.200356587767601,2.36961030960083,1.1986433267593384
1.1892482042312622,0.46944427490234375,-0.3359898328781128,-1.9338350296020508,0.21530406177043915,2.368791103363037,1.21341073513031
1.2078981399536133,0.4714030921459198,-0.3588370978832245,-1.9358911514282227,0.2302456647157669,2.367823362350464,1.2281781435012817
1.2263847589492798,0.47361496090888977,-0.38152849674224854,-1.9378819465637207,0.24518442153930664,2.3667051792144775,1.2429454326629639
1.2446939945220947,0.47607889771461487,-0.404051810503006,-1.9398078918457031,0.2601216733455658,2.36543607711792,1.257712721824646
1.2628116607666016,0.47879502177238464,-0.4263957142829895,-1.9416693449020386,0.2750600576400757,2.3640151023864746,1.2724802494049072
1.2807278633117676,0.48176297545433044,-0.4485526978969574,-1.9434661865234375,0.29000216722488403,2.3624401092529297,1.2872475385665894
1.2984294891357422,0.48498281836509705,-0.4705120325088501,-1.9451990127563477,0.3049500286579132,2.3607099056243896,1.3020148277282715
1.3159074783325195,0.48845311999320984,-0.49226710200309753,-1.9468680620193481,0.3199059069156647,2.3588223457336426,1.3167822360992432
1.3331522941589355,0.4921747148036957,-0.513810932636261,-1.9484738111495972,0.3348722755908966,2.356776237487793,1.3315496444702148
1.350154161453247,0.496148020029068,-0.5351361632347107,-1.9500161409378052,0.3498523235321045,2.3545687198638916,1.3463170528411865
1.3669065237045288,0.5003727674484253,-0.5562393069267273,-1.9514954090118408,0.36484840512275696,2.3521978855133057,1.3610843420028687
1.3834009170532227,0.5048490762710571,-0.5771143436431885,-1.952912449836731,0.3798615336418152,2.349661350250244,1.3758516311645508
1.3996307849884033,0.5095784664154053,-0.5977568030357361,-1.954266905784607,0.3948960304260254,2.346956729888916,1.3906190395355225
1.4155917167663574,0.5145612955093384,-0.6181661486625671,-1.955559253692627,0.40995413064956665,2.3440802097320557,1.4053864479064941
1.431278109550476,0.5197985172271729,-0.6383387446403503,-1.9567897319793701,0.4250384569168091,2.341029405593872,1.4201537370681763
1.44668710231781,0.5252911448478699,-0.6582748889923096,-1.957958698272705,0.44015201926231384,2.3378000259399414,1.434921145439148
1.4618138074874878,0.5310417413711548,-0.6779727339744568,-1.9590662717819214,0.45529812574386597,2.3343896865844727,1.4496885538101196
1.4766557216644287,0.5370514988899231,-0.697432816028595,-1.9601126909255981,0.4704797863960266,2.330793857574463,1.4644558429718018
1.4912121295928955,0.5433223247528076,-0.7166576385498047,-1.961098551750183,0.4857005476951599,2.3270084857940674,1.4792232513427734
1.505480408668518,0.5498573780059814,-0.7356479167938232,-1.9620239734649658,0.5009633898735046,2.3230292797088623,1.4939905405044556
1.5194600820541382,0.5566594004631042,-0.7544068098068237,-1.9628888368606567,0.5162721276283264,2.3188509941101074,1.5087579488754272
1.533150315284729,0.5637314319610596,-0.7729363441467285,-1.9636939764022827,0.5316295027732849,2.314469337463379,1.523525357246399
1.5465525388717651,0.5710777044296265,-0.7912424206733704,-1.9644392728805542,0.5470418930053711,2.309877872467041,1.538292646408081
1.5596665143966675,0.5787025094032288,-0.8093283772468567,-1.9651249647140503,0.5625115036964417,2.3050713539123535,1.5530599355697632
1.5724924802780151,0.5866100788116455,-0.8271985054016113,-1.9657514095306396,0.5780431032180786,2.3000435829162598,1.5678274631500244
1.585033893585205,0.5948058366775513,-0.8448609113693237,-1.966318964958191,0.5936418771743774,2.294787645339966,1.5825947523117065
1.597291350364685,0.603295624256134,-0.8623198866844177,-1.9668278694152832,0.6093122363090515,2.2892961502075195,1.5973620414733887
1.609266996383667,0.6120862364768982,-0.8795828223228455,-1.9672781229019165,0.6250593662261963,2.283561944961548,1.6121294498443604
1.620963215827942,0.621184766292572,-0.8966573476791382,-1.967670202255249,0.6408892273902893,2.277576208114624,1.626896858215332
1.5407037734985352,0.598588228225708,-0.8219830989837646,-1.9460009336471558,0.5813834071159363,2.291161060333252,1.6579209566116333
1.4576770067214966,0.5807434320449829,-0.7445054650306702,-1.9232182502746582,0.522605299949646,2.301334857940674,1.6889451742172241
1.3723564147949219,0.5674067735671997,-0.6645072102546692,-1.899283766746521,0.46433746814727783,2.3084118366241455,1.7199692726135254
1.2853260040283203,0.5584046244621277,-0.5823951363563538,-1.874154806137085,0.40638384222984314,2.3126227855682373,1.7509933710098267
1.1972503662109375,0.5536126494407654,-0.49866294860839844,-1.8477836847305298,0.3485569357872009,2.314136266708374,1.7820175886154175
1.1088500022888184,0.5529388189315796,-0.4138578772544861,-1.820116639137268,0.290670245885849,2.313063621520996,1.8130416870117188
1.0208537578582764,0.556316077709198,-0.3285265564918518,-1.7910939455032349,0.23252935707569122,2.309471607208252,1.8440659046173096
0.9339634776115417,0.5636981725692749,-0.24317364394664764,-1.7606453895568848,0.1739267259836197,2.3033790588378906,1.8750900030136108
0.8488076329231262,0.5750618577003479,-0.15820427238941193,-1.7286913394927979,0.11462431401014328,2.2947638034820557,1.9061142206192017
0.7659221887588501,0.5904127955436707,-0.07389753311872482,-1.6951388120651245,0.05435381829738617,2.2835564613342285,1.937138319015503
0.6857236623764038,0.6097968220710754,0.00963728316128254,-1.6598796844482422,-0.0072092521004378796,2.269641637802124,1.9681624174118042
0.6085134744644165,0.6333155035972595,0.0924733430147171,-1.6227844953536987,-0.07045740634202957,2.252842903137207,1.999186635017395
0.5344827175140381,0.6611471772193909,0.17488960921764374,-1.5836994647979736,-0.13588254153728485,2.2329158782958984,2.0302107334136963
0.5628881454467773,0.6468477845191956,0.13456839323043823,-1.603301763534546,-0.10353600233793259,2.243169069290161,2.0387117862701416
0.5918543934822083,0.6336276531219482,0.09437230974435806,-1.6223887205123901,-0.07192031294107437,2.2526230812072754,2.047212600708008
0.6213592290878296,0.6214461922645569,0.05425143986940384,-1.6409844160079956,-0.04096364229917526,2.261321544647217,2.055713653564453
0.6513777375221252,0.6102688908576965,0.01416737399995327,-1.65911066532135,-0.01060181763023138,2.2693047523498535,2.0642147064208984
0.6818806529045105,0.6000659465789795,-0.025907108560204506,-1.6767873764038086,0.019221527501940727,2.2766056060791016,2.0727157592773438
0.7128308415412903,0.590811550617218,-0.06598463654518127,-1.6940324306488037,0.048554081469774246,2.2832536697387695,2.08121657371521
0.7441881895065308,0.582485556602478,-0.10606975853443146,-1.7108633518218994,0.07744073867797852,2.2892751693725586,2.0897176265716553
0.7759078145027161,0.5750682353973389,-0.14615808427333832,-1.727295160293579,0.10592169314622879,2.294691801071167,2.0982186794281006
0.8079391717910767,0.5685446262359619,-0.18623530864715576,-1.743342638015747,0.13403178751468658,2.2995245456695557,2.106719493865967
0.8402256965637207,0.5629006624221802,-0.22627775371074677,-1.7590200901031494,0.161802276968956,2.30379056930542,2.115220546722412
0.8727078437805176,0.5581240057945251,-0.2662561535835266,-1.7743388414382935,0.18926158547401428,2.3075027465820312,2.1237215995788574
0.9053233861923218,0.554205060005188,-0.30613601207733154,-1.7893118858337402,0.21643714606761932,2.310675621032715,2.1322224140167236
0.938005805015564,0.5511332750320435,-0.34587645530700684,-1.8039497137069702,0.24335269629955292,2.3133182525634766,2.140723466873169
0.9706867337226868,0.5489009618759155,-0.3854328691959381,-1.8182626962661743,0.2700299918651581,2.3154385089874268,2.1492245197296143
1.0032958984375,0.5475008487701416,-0.4247569739818573,-1.8322608470916748,0.29649046063423157,2.3170440196990967,2.1577253341674805
1.0357613563537598,0.5469246506690979,-0.4637972414493561,-1.8459537029266357,0.3227514922618866,2.31813907623291,2.166226387023926
1.0680129528045654,0.5471676588058472,-0.5025031566619873,-1.8593494892120361,0.34883177280426025,2.3187267780303955,2.174727439880371
1.0999815464019775,0.5482233166694641,-0.5408240556716919,-1.8724565505981445,0.3747479021549225,2.3188085556030273,2.1832284927368164
1.1315985918045044,0.5500869154930115,-0.5787088871002197,-1.8852829933166504,0.4005156457424164,2.3183841705322266,2.1917293071746826
1.1627991199493408,0.5527544617652893,-0.6161088943481445,-1.8978362083435059,0.4261505603790283,2.3174524307250977,2.200230360031128
1.1935219764709473,0.5562214851379395,-0.6529795527458191,-1.9101234674453735,0.45166632533073425,2.3160088062286377,2.2087314128875732
1.2237073183059692,0.5604858994483948,-0.6892759799957275,-1.9221510887145996,0.4770772159099579,2.3140487670898438,2.2172324657440186
1.2533040046691895,0.5655463933944702,-0.7249627113342285,-1.9339255094528198,0.5023976564407349,2.3115644454956055,2.2257332801818848
1.2822630405426025,0.571401834487915,-0.7600045800209045,-1.9454535245895386,0.527640700340271,2.3085479736328125,2.23423433303833
1.3105392456054688,0.5780537724494934,-0.7943722009658813,-1.956740379333496,0.552819013595581,2.3049886226654053,2.2427351474761963
1.3380945920944214,0.5855056047439575,-0.8280407786369324,-1.967792272567749,0.5779470205307007,2.3008739948272705,2.2512362003326416
1.364895224571228,0.5937609076499939,-0.8609914183616638,-1.978614330291748,0.6030370593070984,2.296189069747925,2.259737253189087
1.3909146785736084,0.602827787399292,-0.8932120203971863,-1.9892115592956543,0.6281042098999023,2.2909164428710938,2.2682383060455322
1.4161295890808105,0.6127163171768188,-0.9246945381164551,-1.999588966369629,0.653163731098175,2.285036087036133,2.2767391204833984
1.4405189752578735,0.6234387159347534,-0.9554320573806763,-2.009751796722412,0.678229033946991,2.27852725982666,2.2852401733398438
1.450859546661377,0.6201732158660889,-0.9796561002731323,-2.0330677032470703,0.6906396746635437,2.2821099758148193,2.2565133571624756
1.460058569908142,0.617449164390564,-1.003171682357788,-2.055368423461914,0.7026240825653076,2.2853078842163086,2.2277865409851074
1.4680687189102173,0.6152336001396179,-1.025944471359253,-2.0766706466674805,0.7141871452331543,2.2881412506103516,2.1990597248077393
1.4748446941375732,0.613498330116272,-1.0479416847229004,-2.0969862937927246,0.725335419178009,2.2906267642974854,2.170332908630371
1.4803475141525269,0.6122138500213623,-1.0691351890563965,-2.116325855255127,0.7360742092132568,2.2927794456481934,2.141606092453003
1.4845409393310547,0.6113575100898743,-1.0894986391067505,-2.1346960067749023,0.7464150190353394,2.294611930847168,2.1128792762756348
1.4873920679092407,0.6109047532081604,-1.1090072393417358,-2.1521010398864746,0.7563648223876953,2.296135663986206,2.0841524600982666
1.488874077796936,0.6108373403549194,-1.1276410818099976,-2.168544292449951,0.765937089920044,2.2973594665527344,2.0554256439208984
1.4889646768569946,0.6111376881599426,-1.1453837156295776,-2.184025764465332,0.775144636631012,2.2982890605926514,2.0266988277435303
1.4876439571380615,0.6117923855781555,-1.1622183322906494,-2.198544979095459,0.7840033769607544,2.2989304065704346,1.997972011566162
1.4848995208740234,0.612790048122406,-1.178135633468628,-2.2120985984802246,0.7925295829772949,2.2992844581604004,1.969245195388794
1.4807215929031372,0.6141248941421509,-1.1931264400482178,-2.2246832847595215,0.800744891166687,2.2993509769439697,1.9405182600021362
1.4751064777374268,0.6157925128936768,-1.2071857452392578,-2.2362937927246094,0.808670699596405,2.2991271018981934,1.911791443824768
1.4680548906326294,0.617794930934906,-1.2203125953674316,-2.24692440032959,0.8163319230079651,2.2986068725585938,1.8830647468566895
1.4595718383789062,0.620135486125946,-1.232507348060608,-2.256568431854248,0.8237553238868713,2.2977828979492188,1.8543378114700317
1.4496707916259766,0.6228262186050415,-1.243778109550476,-2.2652182579040527,0.8309735655784607,2.2966413497924805,1.8256111145019531
1.438366413116455,0.6258781552314758,-1.2541327476501465,-2.2728662490844727,0.8380181789398193,2.2951695919036865,1.7968841791152954
1.4256806373596191,0.6293109655380249,-1.2635846138000488,-2.2795042991638184,0.8449251651763916,2.2933499813079834,1.7681573629379272
1.4116408824920654,0.6331481337547302,-1.2721515893936157,-2.2851240634918213,0.8517338037490845,2.291161060333252,1.7394306659698486
1.39628267288208,0.6374191045761108,-1.2798597812652588,-2.289717197418213,0.8584870100021362,2.288577079772949,1.710703730583191
1.379642367362976,0.6421568989753723,-1.2867341041564941,-2.2932751178741455,0.865229070186615,2.285571813583374,1.6819769144058228
1.3617662191390991,0.647400438785553,-1.2928096055984497,-2.295790195465088,0.8720079064369202,2.2821128368377686,1.6532500982284546
1.3427058458328247,0.6531947255134583,-1.2981274127960205,-2.2972538471221924,0.8788750171661377,2.2781639099121094,1.6245232820510864
1.3659356832504272,0.6328525543212891,-1.309863567352295,-2.3227081298828125,0.8673102855682373,2.294555187225342,1.6054632663726807
1.3906022310256958,0.6135194897651672,-1.3234199285507202,-2.3478994369506836,0.8564225435256958,2.3101954460144043,1.586403250694275
1.4167801141738892,0.5951789617538452,-1.338821291923523,-2.3728389739990234,0.8461719155311584,2.3251194953918457,1.5673432350158691
1.444537878036499,0.5778244137763977,-1.3560905456542969,-2.397536277770996,0.8365246653556824,2.339357614517212,1.5482831001281738
1.4739419221878052,0.5614557862281799,-1.3752524852752686,-2.4220006465911865,0.8274506330490112,2.3529343605041504,1.529223084449768
1.5050528049468994,0.5460811257362366,-1.3963288068771362,-2.4462409019470215,0.8189254999160767,2.3658697605133057,1.5101630687713623
1.5379183292388916,0.531714916229248,-1.4193305969238281,-2.4702651500701904,0.8109280467033386,2.378180503845215,1.4911030530929565
1.5725746154785156,0.5183774828910828,-1.4442601203918457,-2.4940810203552246,0.803441047668457,2.389880418777466,1.4720430374145508
1.6090437173843384,0.5060955286026001,-1.4711055755615234,-2.517695665359497,0.7964511513710022,2.400977849960327,1.4529829025268555
1.6473230123519897,0.49489825963974,-1.4998334646224976,-2.5411157608032227,0.7899465560913086,2.4114809036254883,1.4339228868484497
1.6873887777328491,0.4848223626613617,-1.530388593673706,-2.564347982406616,0.7839178442955017,2.4213931560516357,1.414862871170044
1.729186773300171,0.47590458393096924,-1.562686562538147,-2.587397575378418,0.7783604860305786,2.430716037750244,1.3958028554916382
1.7726367712020874,0.4681864082813263,-1.5966171026229858,-2.6102702617645264,0.7732707858085632,2.4394471645355225,1.3767428398132324
1.8176230192184448,0.46171048283576965,-1.6320340633392334,-2.6329712867736816,0.7686482667922974,2.4475810527801514,1.3576828241348267
1.8639932870864868,0.45651769638061523,-1.6687545776367188,-2.655505657196045,0.7644935846328735,2.4551119804382324,1.3386226892471313
1.9115674495697021,0.45265012979507446,-1.7065675258636475,-2.67787766456604,0.7608111500740051,2.462027072906494,1.3195626735687256
1.9601277112960815,0.45014747977256775,-1.7452231645584106,-2.7000908851623535,0.7576070427894592,2.4683139324188232,1.3005026578903198
2.0094356536865234,0.4490453898906708,-1.7844507694244385,-2.7221498489379883,0.7548905611038208,2.473954677581787,1.281442642211914
1.9857702255249023,0.43702659010887146,-1.8088141679763794,-2.7322585582733154,0.7381523251533508,2.4839701652526855,1.2604053020477295
1.9570432901382446,0.42468541860580444,-1.8297322988510132,-2.7395567893981934,0.7205464839935303,2.493497371673584,1.239367961883545
1.9228885173797607,0.41207653284072876,-1.846540927886963,-2.743973970413208,0.7023689150810242,2.5024077892303467,1.2183306217193604
1.8829092979431152,0.39927974343299866,-1.858508825302124,-2.7454543113708496,0.6839432120323181,2.510571002960205,1.1972932815551758
1.836686611175537,0.3864133059978485,-1.8648616075515747,-2.743961811065674,0.665616512298584,2.517854928970337,1.1762559413909912
1.7837828397750854,0.3736279308795929,-1.864797830581665,-2.73948073387146,0.6477320790290833,2.524137020111084,1.1552187204360962
1.723752498626709,0.3611309826374054,-1.8575172424316406,-2.7320151329040527,0.6306402087211609,2.529294490814209,1.1341813802719116
1.6561765670776367,0.34918102622032166,-1.842266321182251,-2.7215888500213623,0.6146697998046875,2.5332157611846924,1.113144040107727
1.5807130336761475,0.33809706568717957,-1.818402886390686,-2.708242416381836,0.6001262664794922,2.5357956886291504,1.0921066999435425
1.497186541557312,0.3282587230205536,-1.7854951620101929,-2.6920316219329834,0.5872810482978821,2.5369389057159424,1.071069359779358
1.405698299407959,0.32009708881378174,-1.743437647819519,-2.6730217933654785,0.5763699412345886,2.5365591049194336,1.0500320196151733
1.3067774772644043,0.31408625841140747,-1.6926064491271973,-2.6512861251831055,0.567590057849884,2.534576416015625,1.0289946794509888
1.2015055418014526,0.3107147216796875,-1.6339845657348633,-2.626901865005493,0.5611015558242798,2.5309157371520996,1.0079573392868042
1.0915706157684326,0.3104521930217743,-1.5692150592803955,-2.5999441146850586,0.5570324063301086,2.525507926940918,0.9869199991226196
0.9792291522026062,0.31371214985847473,-1.5005594491958618,-2.570485830307007,0.5554828643798828,2.5182809829711914,0.9658827185630798
0.8670780062675476,0.3208167552947998,-1.4306658506393433,-2.5385923385620117,0.5565337538719177,2.5091612339019775,0.9448453783988953
0.7577422857284546,0.3319745659828186,-1.3622546195983887,-2.5043201446533203,0.5602521896362305,2.4980688095092773,0.9238080978393555
0.6535422205924988,0.34728899598121643,-1.2977813482284546,-2.467712879180908,0.5667021870613098,2.4849112033843994,0.9027706980705261
0.5562394261360168,0.3667737543582916,-1.239182949066162,-2.428802490234375,0.5759527087211609,2.469581127166748,0.8817333579063416
0.4669473171234131,0.39039677381515503,-1.1877875328063965,-2.3876028060913086,0.5880890488624573,2.451946258544922,0.8606960773468018
0.3861541450023651,0.4181177318096161,-1.1443402767181396,-2.3441109657287598,0.6032224297523499,2.4318480491638184,0.8396587371826172
0.31386250257492065,0.4499299228191376,-1.1091504096984863,-2.298304557800293,0.6215046048164368,2.409086227416992,0.8186213970184326
0.24972623586654663,0.4858941435813904,-1.0822386741638184,-2.2501378059387207,0.643144428730011,2.3834104537963867,0.7975841164588928
0.19319753348827362,0.5261726379394531,-1.0635020732879639,-2.1995391845703125,0.6684340834617615,2.3544979095458984,0.7765467166900635
0.1436205804347992,0.5710614919662476,-1.0528353452682495,-2.1464076042175293,0.6977793574333191,2.321932792663574,0.7555094361305237
0.10030680894851685,0.6210389733314514,-1.0502521991729736,-2.090606689453125,0.7317501306533813,2.2851638793945312,0.7344720959663391
0.08350751549005508,0.6027824878692627,-1.0294485092163086,-2.09358549118042,0.7077420949935913,2.297513484954834,0.7208443284034729
0.0661405622959137,0.585275411605835,-1.0083560943603516,-2.0964910984039307,0.6840164661407471,2.3091888427734375,0.7072165608406067
0.04818492382764816,0.5684753060340881,-0.9869325757026672,-2.0993239879608154,0.6605491042137146,2.3202311992645264,0.6935887932777405
0.029613932594656944,0.5523451566696167,-0.9651327133178711,-2.1020827293395996,0.6373173594474792,2.3306777477264404,0.6799610257148743
0.010401266627013683,0.5368525385856628,-0.9429124593734741,-2.104767084121704,0.614302396774292,2.3405630588531494,0.6663331985473633
-0.009479055181145668,0.5219683647155762,-0.9202309250831604,-2.107377052307129,0.5914860963821411,2.349916934967041,0.6527054309844971
-0.030055899173021317,0.5076689720153809,-0.8970448970794678,-2.1099114418029785,0.5688520669937134,2.358766794204712,0.6390776634216309
-0.05135779827833176,0.4939320385456085,-0.8733124732971191,-2.1123709678649902,0.5463865399360657,2.367137908935547,0.6254498958587646
-0.0734160915017128,0.48073941469192505,-0.8489910960197449,-2.1147541999816895,0.5240759253501892,2.3750531673431396,0.6118221282958984
-0.09625738114118576,0.4680749177932739,-0.8240426182746887,-2.117061138153076,0.5019082427024841,2.3825325965881348,0.5981943607330322
-0.11991225183010101,0.4559256434440613,-0.7984264492988586,-2.119291305541992,0.47987285256385803,2.3895950317382812,0.584566593170166
-0.1444093883037567,0.44428113102912903,-0.7721043229103088,-2.1214439868927,0.45795997977256775,2.396257162094116,0.5709388256072998
-0.16978012025356293,0.4331318736076355,-0.7450358867645264,-2.1235198974609375,0.4361594021320343,2.402536392211914,0.5573110580444336
-0.1960495561361313,0.42247191071510315,-0.717187762260437,-2.1255178451538086,0.4144626259803772,2.4084460735321045,0.5436832308769226
-0.2232428938150406,0.4122958481311798,-0.6885271072387695,-2.1274373531341553,0.3928622007369995,2.413998603820801,0.5300554633140564
-0.2513846755027771,0.40260156989097595,-0.6590214967727661,-2.1292786598205566,0.3713504374027252,2.4192070960998535,0.5164276957511902
-0.2804943919181824,0.3933870196342468,-0.6286448240280151,-2.1310412883758545,0.34992048144340515,2.4240822792053223,0.502799928188324
-0.31058698892593384,0.38465315103530884,-0.5973730087280273,-2.132725238800049,0.3285660147666931,2.4286341667175293,0.48917216062545776
-0.341675728559494,0.3764011263847351,-0.5651906728744507,-2.134329319000244,0.3072807490825653,2.4328720569610596,0.47554439306259155
-0.37376585602760315,0.3686339855194092,-0.5320842266082764,-2.135854482650757,0.28605854511260986,2.4368042945861816,0.46191662549972534
-0.40685567259788513,0.36135607957839966,-0.4980492889881134,-2.1373000144958496,0.2648947536945343,2.4404385089874268,0.44828885793685913
-0.44093701243400574,0.35457292199134827,-0.4630892872810364,-2.138665199279785,0.24378405511379242,2.443781614303589,0.43466106057167053
-0.4759933650493622,0.3482898771762848,-0.4272146224975586,-2.139951229095459,0.22272181510925293,2.446840286254883,0.4210332930088043
-0.511997401714325,0.34251344203948975,-0.39044761657714844,-2.1411561965942383,0.201703280210495,2.4496190547943115,0.4074054956436157
-0.5489147305488586,0.3372521698474884,-0.3528171181678772,-2.1422810554504395,0.18072347342967987,2.4521241188049316,0.3937777280807495
-0.5866963863372803,0.3325125575065613,-0.31436747312545776,-2.1433253288269043,0.15977980196475983,2.454360008239746,0.3801499605178833
-0.6252864003181458,0.32830220460891724,-0.2751496136188507,-2.144289016723633,0.1388661414384842,2.4563302993774414,0.3665221929550171
-0.6646135449409485,0.32462796568870544,-0.23523007333278656,-2.145171642303467,0.11798030883073807,2.458037853240967,0.3528944253921509
-0.7045999765396118,0.32149800658226013,-0.1946820616722107,-2.1459741592407227,0.09711746871471405,2.459487199783325,0.3392666280269623
-0.7451538443565369,0.3189171552658081,-0.15359267592430115,-2.146695375442505,0.07627426832914352,2.460679769515991,0.32563886046409607
-0.7861760854721069,0.3168926537036896,-0.11205653846263885,-2.1473355293273926,0.05544668808579445,2.461617946624756,0.31201112270355225
-0.8275581002235413,0.31542685627937317,-0.07017786055803299,-2.147895097732544,0.0346318855881691,2.4623026847839355,0.29838332533836365
-0.8691863417625427,0.31452447175979614,-0.028065629303455353,-2.148373603820801,0.013826658949255943,2.462735891342163,0.28475555777549744
-0.9109424352645874,0.3141883313655853,0.01416619960218668,-2.148771286010742,-0.006974002346396446,2.4629180431365967,0.27112776041030884
-0.9527046084403992,0.3144169747829437,0.05640003830194473,-2.149087905883789,-0.027771681547164917,2.462848663330078,0.2574999928474426
-0.9943522810935974,0.31521159410476685,0.09852000325918198,-2.1493237018585205,-0.048570480197668076,2.4625282287597656,0.2438722401857376
-1.0357654094696045,0.3165690302848816,0.1404101550579071,-2.1494786739349365,-0.06937380135059357,2.46195650100708,0.230244442820549
-1.0768296718597412,0.31848686933517456,0.1819608062505722,-2.1495532989501953,-0.09018564969301224,2.461132049560547,0.2166166752576828
-1.1174362897872925,0.32096052169799805,0.2230675369501114,-2.1495471000671387,-0.11100894212722778,2.4600532054901123,0.2029888778924942
-1.1574839353561401,0.32398468255996704,0.2636334002017975,-2.1494603157043457,-0.13184712827205658,2.4587180614471436,0.18936112523078918
-1.1968814134597778,0.3275517523288727,0.3035721182823181,-2.1492934226989746,-0.15270356833934784,2.4571244716644287,0.17573337256908417
-1.2355467081069946,0.33165639638900757,0.34280574321746826,-2.1490461826324463,-0.17358262836933136,2.4552688598632812,0.16210559010505676
-1.2734086513519287,0.3362903892993927,0.3812679350376129,-2.148719072341919,-0.194488063454628,2.453148365020752,0.14847777783870697
-1.3104095458984375,0.3414463400840759,0.418906033039093,-2.1483120918273926,-0.2154230922460556,2.450758695602417,0.13485001027584076
-1.3464982509613037,0.34711718559265137,0.45567333698272705,-2.1478257179260254,-0.23639225959777832,2.4480960369110107,0.12122225761413574
-1.381638765335083,0.3532944321632385,0.4915389120578766,-2.1472599506378174,-0.25739988684654236,2.445154905319214,0.10759449750185013
-1.4158034324645996,0.35997194051742554,0.5264803171157837,-2.1466150283813477,-0.2784498333930969,2.441929578781128,0.09396672248840332
-1.4489729404449463,0.3671444058418274,0.560483455657959,-2.1458916664123535,-0.2995472550392151,2.4384145736694336,0.08033891022205353
-1.4811391830444336,0.37480440735816956,0.5935456156730652,-2.1450893878936768,-0.32069674134254456,2.4346017837524414,0.06671114265918732
-1.512298345565796,0.3829495906829834,0.6256689429283142,-2.1442089080810547,-0.3419036567211151,2.430485248565674,0.0530833825469017
-1.5424569845199585,0.39157575368881226,0.6568653583526611,-2.1432509422302246,-0.3631726801395416,2.4260551929473877,0.03945562615990639
-1.5716241598129272,0.40068110823631287,0.6871519684791565,-2.142214775085449,-0.3845103085041046,2.4213035106658936,0.025827854871749878
-1.5998173952102661,0.4102650284767151,0.7165489792823792,-2.1411020755767822,-0.4059228301048279,2.416219711303711,0.012200038880109787
-1.6270544528961182,0.4203290045261383,0.745083212852478,-2.1399121284484863,-0.4274163544178009,2.410792827606201,-0.0014277321752160788
-1.6533589363098145,0.43087491393089294,0.7727846503257751,-2.138646125793457,-0.448997437953949,2.4050114154815674,-0.015055488795042038
-1.6787562370300293,0.44190770387649536,0.7996865510940552,-2.1373038291931152,-0.4706738293170929,2.398861885070801,-0.028683245182037354
-1.7032731771469116,0.45343413949012756,0.8258235454559326,-2.1358861923217773,-0.49245449900627136,2.3923301696777344,-0.04231101647019386
-1.726938009262085,0.4654620289802551,0.8512323498725891,-2.1343932151794434,-0.5143474340438843,2.3854007720947266,-0.05593884736299515
-1.7497788667678833,0.4780023694038391,0.8759499192237854,-2.1328256130218506,-0.5363622307777405,2.3780574798583984,-0.06956660002470016
-1.771827220916748,0.4910676181316376,0.9000172019004822,-2.1311838626861572,-0.5585092902183533,2.3702805042266846,-0.08319436013698578
-1.7931126356124878,0.5046735405921936,0.9234743714332581,-2.1294684410095215,-0.5807995200157166,2.3620495796203613,-0.09682212024927139
-1.813663363456726,0.5188378691673279,0.9463605880737305,-2.1276795864105225,-0.6032460331916809,2.3533430099487305,-0.11044987291097641
-1.8335095643997192,0.5335817933082581,0.9687184691429138,-2.1258182525634766,-0.625861644744873,2.3441357612609863,-0.1240777000784874
-1.8526791334152222,0.5489299893379211,0.9905887246131897,-2.123884439468384,-0.6486619710922241,2.334400177001953,-0.137705460190773
-1.8711984157562256,0.5649099946022034,1.012012243270874,-2.1218791007995605,-0.6716631650924683,2.3241071701049805,-0.15133324265480042
-1.8890942335128784,0.5815538167953491,1.0330318212509155,-2.119802951812744,-0.6948827505111694,2.313222885131836,-0.16496101021766663
-1.9063920974731445,0.5988978743553162,1.0536904335021973,-2.1176557540893555,-0.7183434367179871,2.301710605621338,-0.17858876287937164
-1.9231157302856445,0.6169834136962891,1.0740314722061157,-2.115438938140869,-0.7420661449432373,2.2895288467407227,-0.19221659004688263
-1.939287543296814,0.6358581781387329,1.0940988063812256,-2.1131529808044434,-0.766078531742096,2.2766318321228027,-0.20584434270858765
-1.9549283981323242,0.6555762887001038,1.113938331604004,-2.110797882080078,-0.7904086709022522,2.262967348098755,-0.21947211027145386
-1.9700593948364258,0.6761992573738098,1.1335994005203247,-2.108375072479248,-0.8150908350944519,2.248476266860962,-0.23309986293315887
-1.9846969842910767,0.6977989077568054,1.1531288623809814,-2.105884552001953,-0.8401634097099304,2.2330918312072754,-0.2467276155948639
-1.9988586902618408,0.7204575538635254,1.172581672668457,-2.1033272743225098,-0.865671694278717,2.2167372703552246,-0.2603554427623749
-2.012559175491333,0.7442713975906372,1.1920150518417358,-2.1007041931152344,-0.8916670083999634,2.199324131011963,-0.2739832103252411
-2.025810718536377,0.7693528532981873,1.2114914655685425,-2.098015069961548,-0.9182115197181702,2.180748462677002,-0.2876109480857849
-2.0386228561401367,0.7958346605300903,1.2310794591903687,-2.095261573791504,-0.9453783631324768,2.160890579223633,-0.3012387454509735
-2.0510032176971436,0.823875367641449,1.2508583068847656,-2.0924437046051025,-0.9732552766799927,2.1396055221557617,-0.3148665130138397
-2.062958002090454,0.8536691069602966,1.270920991897583,-2.08956241607666,-1.0019514560699463,2.1167185306549072,-0.3284943401813507
-2.0744855403900146,0.8854506611824036,1.2913740873336792,-2.086618423461914,-1.031601071357727,2.0920181274414062,-0.34212207794189453
-2.085582733154297,0.9195188879966736,1.3123514652252197,-2.0836126804351807,-1.0623745918273926,2.065236806869507,-0.35574984550476074
-2.092353343963623,0.9214456081390381,1.321535348892212,-2.0973997116088867,-1.0684773921966553,2.0643601417541504,-0.37053191661834717
-2.098900079727173,0.9234902262687683,1.3305878639221191,-2.1110172271728516,-1.0745055675506592,2.0633888244628906,-0.3853139579296112
-2.105219841003418,0.9256466627120972,1.3395066261291504,-2.1244678497314453,-1.0804567337036133,2.0623269081115723,-0.40009602904319763
-2.111309766769409,0.9279080033302307,1.3482896089553833,-2.137754440307617,-1.086328148841858,2.0611793994903564,-0.41487810015678406
-2.1171669960021973,0.9302670955657959,1.3569339513778687,-2.150879383087158,-1.0921162366867065,2.0599517822265625,-0.4296601712703705
-2.1227898597717285,0.9327173233032227,1.3654388189315796,-2.163844347000122,-1.0978178977966309,2.0586488246917725,-0.4444422125816345
-2.1281747817993164,0.9352506399154663,1.3738012313842773,-2.1766517162323,-1.1034305095672607,2.0572762489318848,-0.45922428369522095
-2.1333205699920654,0.9378597140312195,1.3820207118988037,-2.1893038749694824,-1.108949899673462,2.055840015411377,-0.4740063548088074
-2.1382248401641846,0.9405378699302673,1.390095829963684,-2.2018017768859863,-1.1143742799758911,2.054344892501831,-0.4887884259223938
-2.1428844928741455,0.9432757496833801,1.398024320602417,-2.2141470909118652,-1.1196991205215454,2.052798271179199,-0.5035704970359802
-2.147298812866211,0.9460665583610535,1.4058061838150024,-2.226341724395752,-1.124922275543213,2.0512051582336426,-0.5183525681495667
-2.151465892791748,0.9489019513130188,1.4134408235549927,-2.238386631011963,-1.1300406455993652,2.049571990966797,-0.5331345796585083
-2.155383586883545,0.9517734050750732,1.4209271669387817,-2.2502832412719727,-1.1350502967834473,2.047905445098877,-0.5479166507720947
-2.159050703048706,0.9546718597412109,1.428264856338501,-2.2620327472686768,-1.1399483680725098,2.046212673187256,-0.5626987218856812
-2.1624655723571777,0.957588255405426,1.4354536533355713,-2.2736353874206543,-1.144730806350708,2.0445008277893066,-0.5774807929992676
-2.165626287460327,0.9605147242546082,1.4424934387207031,-2.28509259223938,-1.1493957042694092,2.042776107788086,-0.592262864112854
-2.1685335636138916,0.9634420871734619,1.449385166168213,-2.2964048385620117,-1.153939962387085,2.041045904159546,-0.6070449352264404
-2.1711835861206055,0.9663593769073486,1.456127643585205,-2.307572841644287,-1.1583584547042847,2.0393190383911133,-0.6218270063400269
-2.1735782623291016,0.9692593216896057,1.4627233743667603,-2.318596601486206,-1.1626499891281128,2.0376009941101074,-0.6366090774536133
-2.1757142543792725,0.9721314311027527,1.4691716432571411,-2.329476833343506,-1.1668109893798828,2.0359010696411133,-0.6513911485671997
-2.1775920391082764,0.9749640822410583,1.4754736423492432,-2.3402137756347656,-1.1708362102508545,2.0342283248901367,-0.6661731600761414
-2.1792101860046387,0.9777501225471497,1.481630563735962,-2.3508071899414062,-1.174726128578186,2.0325887203216553,-0.6809552907943726
-2.1805691719055176,0.9804771542549133,1.4876439571380615,-2.361257553100586,-1.1784738302230835,2.030992031097412,-0.6957373023033142
-2.181668281555176,0.983137845993042,1.4935154914855957,-2.3715646266937256,-1.1820793151855469,2.029445171356201,-0.7105193734169006
-2.1825063228607178,0.985720157623291,1.49924635887146,-2.381728172302246,-1.1855381727218628,2.0279579162597656,-0.7253014445304871
-2.1830830574035645,0.9882128834724426,1.504837989807129,-2.3917479515075684,-1.1888470649719238,2.0265395641326904,-0.7400835156440735
-2.183398723602295,0.9906079769134521,1.5102931261062622,-2.4016237258911133,-1.1920040845870972,2.0251965522766113,-0.7548655867576599
-2.18345308303833,0.9928951859474182,1.5156137943267822,-2.4113545417785645,-1.1950063705444336,2.0239381790161133,-0.7696475982666016
-2.183245897293091,0.9950641393661499,1.5208022594451904,-2.420940399169922,-1.1978509426116943,2.022772789001465,-0.784429669380188
-2.182776927947998,0.9971045255661011,1.5258607864379883,-2.430380344390869,-1.200535535812378,2.021709442138672,-0.7992117404937744
-2.182046413421631,0.9990074634552002,1.530792236328125,-2.43967342376709,-1.2030575275421143,2.0207557678222656,-0.8139938116073608
-2.18105411529541,1.0007630586624146,1.5355991125106812,-2.448819160461426,-1.2054154872894287,2.0199198722839355,-0.8287758231163025
-2.179800033569336,1.0023620128631592,1.5402846336364746,-2.4578166007995605,-1.2076057195663452,2.01921010017395,-0.8435579538345337
-2.1782848834991455,1.0037956237792969,1.5448516607284546,-2.4666647911071777,-1.2096278667449951,2.0186336040496826,-0.8583399653434753
-2.1765079498291016,1.0050568580627441,1.5493031740188599,-2.4753618240356445,-1.2114801406860352,2.0181965827941895,-0.8731220960617065
-2.174469470977783,1.0061348676681519,1.5536420345306396,-2.483907699584961,-1.213160514831543,2.0179085731506348,-0.8879041075706482
-2.172170639038086,1.0070258378982544,1.5578726530075073,-2.492300510406494,-1.2146682739257812,2.017772674560547,-0.9026861786842346
-2.1696105003356934,1.0077197551727295,1.5619971752166748,-2.5005388259887695,-1.2160019874572754,2.0177977085113525,-0.917468249797821
-2.1667890548706055,1.0082119703292847,1.5660189390182495,-2.5086214542388916,-1.2171616554260254,2.0179872512817383,-0.9322503209114075
-2.163707733154297,1.008497714996338,1.569942593574524,-2.5165469646453857,-1.2181469202041626,2.018345832824707,-0.9470323920249939
-2.160365104675293,1.0085688829421997,1.5737696886062622,-2.524313449859619,-1.2189562320709229,2.0188803672790527,-0.9618144631385803
-2.1567625999450684,1.0084232091903687,1.5775048732757568,-2.5319197177886963,-1.2195910215377808,2.019592761993408,-0.9765965342521667
-2.1528985500335693,1.0080549716949463,1.5811498165130615,-2.5393636226654053,-1.2200511693954468,2.0204877853393555,-0.9913785457611084
-2.1487746238708496,1.0074646472930908,1.5847094058990479,-2.5466437339782715,-1.2203377485275269,2.0215651988983154,-1.0061607360839844
-2.144390344619751,1.006648302078247,1.5881857872009277,-2.553757667541504,-1.220451831817627,2.022827625274658,-1.0209426879882812
-2.139744758605957,1.0056041479110718,1.5915812253952026,-2.560704231262207,-1.2203940153121948,2.0242772102355957,-1.0357247591018677
-2.1348390579223633,1.0043329000473022,1.5948996543884277,-2.56748104095459,-1.220166563987732,2.0259127616882324,-1.050506830215454
-2.129672050476074,1.0028345584869385,1.5981426239013672,-2.5740861892700195,-1.2197716236114502,2.0277342796325684,-1.0652889013290405
-2.1242434978485107,1.0011088848114014,1.6013126373291016,-2.580517292022705,-1.2192103862762451,2.0297412872314453,-1.080070972442627
-2.118553638458252,0.9991617798805237,1.6044119596481323,-2.5867724418640137,-1.21848726272583,2.031928539276123,-1.0948530435562134
-2.1126017570495605,0.9969923496246338,1.6074421405792236,-2.5928497314453125,-1.2176035642623901,2.0342965126037598,-1.1096351146697998
-2.1063876152038574,0.9946072101593018,1.61040461063385,-2.5987467765808105,-1.2165638208389282,2.036839246749878,-1.1244171857833862
-2.0999104976654053,0.9920084476470947,1.6133009195327759,-2.604461193084717,-1.2153704166412354,2.039553642272949,-1.139199137687683
-2.093169689178467,0.9892032742500305,1.6161311864852905,-2.6099910736083984,-1.2140278816223145,2.042433977127075,-1.153981328010559
-2.086164951324463,0.9861955046653748,1.6188966035842896,-2.6153335571289062,-1.212539553642273,2.045475482940674,-1.1687633991241455
-2.0788962841033936,0.9829893708229065,1.6215970516204834,-2.6204874515533447,-1.2109073400497437,2.0486741065979004,-1.1835453510284424
-2.0713608264923096,0.9796033501625061,1.6242319345474243,-2.625448703765869,-1.2091436386108398,2.052013397216797,-1.1983274221420288
-2.0635592937469482,0.9760377407073975,1.626800775527954,-2.630216121673584,-1.2072476148605347,2.055492401123047,-1.2131094932556152
-2.055490255355835,0.9723024368286133,1.6293025016784668,-2.634787082672119,-1.2052257061004639,2.0591015815734863,-1.2278916835784912
-2.0471529960632324,0.9684075713157654,1.6317353248596191,-2.6391592025756836,-1.203084111213684,2.062831401824951,-1.242673635482788
-2.038546562194824,0.9643629193305969,1.634097695350647,-2.6433300971984863,-1.200827956199646,2.0666723251342773,-1.2574557065963745
-2.029670000076294,0.9601758718490601,1.6363873481750488,-2.6472978591918945,-1.1984620094299316,2.070617437362671,-1.272237777709961
-2.0205225944519043,0.955861508846283,1.638601541519165,-2.65105938911438,-1.1959946155548096,2.0746521949768066,-1.2870198488235474
-2.0111021995544434,0.9514278173446655,1.6407361030578613,-2.6546130180358887,-1.19343101978302,2.0787699222564697,-1.3018018007278442
-2.0014090538024902,0.9468889236450195,1.6427892446517944,-2.657956600189209,-1.1907777786254883,2.082956075668335,-1.3165839910507202
-1.9914408922195435,0.942253828048706,1.644755244255066,-2.6610867977142334,-1.1880419254302979,2.087202787399292,-1.3313660621643066
-1.9811975955963135,0.9375365376472473,1.646631121635437,-2.6640028953552246,-1.1852308511734009,2.091496467590332,-1.346148133277893
-1.9706774950027466,0.9327492117881775,1.6484112739562988,-2.666701555252075,-1.1823512315750122,2.0958263874053955,-1.36093008518219
-1.9598798751831055,0.9279035329818726,1.650089979171753,-2.6691813468933105,-1.179410696029663,2.1001806259155273,-1.3757121562957764
-1.9488041400909424,0.9230133295059204,1.6516647338867188,-2.6714401245117188,-1.1764169931411743,2.1045470237731934,-1.3904943466186523
-1.9374488592147827,0.9180912971496582,1.6531281471252441,-2.673475742340088,-1.173378825187683,2.1089134216308594,-1.4052764177322388
-1.9258133172988892,0.9131494164466858,1.6544747352600098,-2.675286293029785,-1.170302152633667,2.1132688522338867,-1.4200583696365356
-1.9138965606689453,0.9082003831863403,1.6556984186172485,-2.676870107650757,-1.1671961545944214,2.1176013946533203,-1.434840440750122
-1.9016988277435303,0.9032590985298157,1.6567933559417725,-2.678225517272949,-1.1640686988830566,2.1218976974487305,-1.4496225118637085
-1.8892191648483276,0.8983374238014221,1.6577532291412354,-2.6793503761291504,-1.160928726196289,2.1261467933654785,-1.4644047021865845
-1.8764567375183105,0.8934472799301147,1.6585712432861328,-2.680243730545044,-1.1577835083007812,2.130337715148926,-1.4791866540908813
-1.8634132146835327,0.8886033296585083,1.6592423915863037,-2.680903911590576,-1.15464186668396,2.134457588195801,-1.4939687252044678
-1.8500863313674927,0.8838180303573608,1.65975821018219,-2.6813292503356934,-1.1515141725540161,2.138495445251465,-1.5087507963180542
-1.8364782333374023,0.8791037797927856,1.6601145267486572,-2.681518793106079,-1.1484060287475586,2.142439842224121,-1.5235328674316406
-1.8225886821746826,0.8744739294052124,1.6603041887283325,-2.681471347808838,-1.1453282833099365,2.146279811859131,-1.538314938545227
-1.8084197044372559,0.8699420094490051,1.6603223085403442,-2.681185722351074,-1.142289400100708,2.150002956390381,-1.5530970096588135
-1.793971061706543,0.8655192852020264,1.6601622104644775,-2.6806609630584717,-1.139297604560852,2.1536002159118652,-1.5678790807724
