1.8379948139190674,0.8352625370025635,-1.1632142066955566,-1.9586994647979736,0.9278500080108643,2.1245384216308594,-2.1292736530303955
1.7766079902648926,0.7894223928451538,-1.096297264099121,-1.9346269369125366,0.8608670234680176,2.1576576232910156,-2.098189353942871
1.7119091749191284,0.7512561678886414,-1.0273792743682861,-1.9096163511276245,0.7959960103034973,2.184342622756958,-2.0671050548553467
1.644075870513916,0.719670832157135,-0.9561575055122375,-1.8836112022399902,0.732632577419281,2.2056756019592285,-2.0360209941864014
1.5733381509780884,0.6939226984977722,-0.8824989199638367,-1.856550931930542,0.6703281998634338,2.2224245071411133,-2.004936695098877
1.4999985694885254,0.6734980940818787,-0.8064119219779968,-1.8283703327178955,0.6087306141853333,2.235145330429077,-1.9738523960113525
1.4244376420974731,0.6580426692962646,-0.7280223369598389,-1.7989956140518188,0.5475437045097351,2.2442407608032227,-1.9427682161331177
1.3471097946166992,0.6473127007484436,-0.6475507616996765,-1.7683467864990234,0.4865034818649292,2.2500033378601074,-1.9116839170455933
1.26853609085083,0.6411468386650085,-0.565290093421936,-1.736332893371582,0.42535993456840515,2.2526347637176514,-1.8805997371673584
1.1892812252044678,0.6394438743591309,-0.4815698266029358,-1.7028517723083496,0.3638594150543213,2.252263069152832,-1.8495155572891235
1.1099306344985962,0.6421547532081604,-0.39672261476516724,-1.667785882949829,0.3017362058162689,2.2489514350891113,-1.8184311389923096
1.0310598611831665,0.6492758989334106,-0.3110385537147522,-1.6309990882873535,0.23869092762470245,2.2427027225494385,-1.7873469591140747
0.9532129168510437,0.6608500480651855,-0.22472819685935974,-1.592332124710083,0.1743791401386261,2.2334558963775635,-1.7562626600265503
0.8768737316131592,0.6769785284996033,-0.13787205517292023,-1.5515940189361572,0.1083841472864151,2.2210841178894043,-1.7251784801483154
0.8283957839012146,0.6439075469970703,-0.0943361148238182,-1.6046717166900635,0.07245860248804092,2.2451586723327637,-1.7031770944595337
0.7770400643348694,0.6133885383605957,-0.05021775886416435,-1.6546616554260254,0.03767169266939163,2.2671072483062744,-1.6811758279800415
0.7226120233535767,0.5852489471435547,-0.005018545780330896,-1.7018802165985107,0.003675692481920123,2.2871198654174805,-1.6591744422912598
0.6649211645126343,0.5593774914741516,0.04168291762471199,-1.7465755939483643,-0.029800819233059883,2.3053410053253174,-1.637173056602478
0.6037925481796265,0.535713255405426,0.09024093300104141,-1.788943886756897,-0.06297530978918076,2.3218793869018555,-1.6151717901229858
0.5390797257423401,0.5142393708229065,0.14094503223896027,-1.8291406631469727,-0.09602686762809753,2.336815357208252,-1.593170404434204
0.4706806242465973,0.4949706494808197,0.19401386380195618,-1.8672919273376465,-0.12910498678684235,2.350208282470703,-1.571169137954712
0.3985595703125,0.4779529869556427,0.24958008527755737,-1.9034969806671143,-0.16233757138252258,2.3620963096618652,-1.5491677522659302
0.32277119159698486,0.46325603127479553,0.3076764941215515,-1.9378358125686646,-0.19583402574062347,2.372502326965332,-1.5271663665771484
0.24347618222236633,0.45096734166145325,0.3682122826576233,-1.9703725576400757,-0.229692280292511,2.381434440612793,-1.5051649808883667
0.16096864640712738,0.4411879777908325,0.43096354603767395,-2.0011558532714844,-0.2639968693256378,2.3888869285583496,-1.4831637144088745
0.07567919790744781,0.4340265095233917,0.4955643117427826,-2.030224561691284,-0.2988249957561493,2.3948395252227783,-1.4611623287200928
-0.01182077918201685,0.4295904338359833,0.5615071058273315,-2.0576066970825195,-0.3342460095882416,2.3992598056793213,-1.4391610622406006
-0.10084042698144913,0.4279848039150238,0.6281655430793762,-2.0833218097686768,-0.3703254759311676,2.4021012783050537,-1.4171596765518188
-0.19059932231903076,0.4293026924133301,0.6948270797729492,-2.107383966445923,-0.40712183713912964,2.4033010005950928,-1.3951584100723267
-0.28027644753456116,0.43362849950790405,0.7607424259185791,-2.129800796508789,-0.444691926240921,2.4027812480926514,-1.3731569051742554
-0.3690575957298279,0.44103676080703735,0.8251761198043823,-2.1505744457244873,-0.48309096693992615,2.4004459381103516,-1.3511556386947632
-0.4561923146247864,0.4515976011753082,0.8874648213386536,-2.1697044372558594,-0.5223745703697205,2.3961777687072754,-1.329154372215271
-0.541036069393158,0.4653840661048889,0.9470604658126831,-2.1871862411499023,-0.5626005530357361,2.3898327350616455,-1.3071529865264893
-0.6230696439743042,0.48248398303985596,1.0035545825958252,-2.2030136585235596,-0.6038311719894409,2.381239414215088,-1.2851516008377075
-0.7019187211990356,0.5030145645141602,1.0566978454589844,-2.2171783447265625,-0.6461377143859863,2.3701884746551514,-1.2631502151489258
-0.7773420810699463,0.5271339416503906,1.106392741203308,-2.2296712398529053,-0.6896035671234131,2.3564271926879883,-1.2411489486694336
-0.8492259979248047,0.5550666451454163,1.1526933908462524,-2.240483283996582,-0.7343339920043945,2.3396432399749756,-1.2191475629806519
-0.9175516366958618,0.5871210098266602,1.1957781314849854,-2.249605178833008,-0.780461311340332,2.319451332092285,-1.1971461772918701
-0.9823806285858154,0.6237263083457947,1.235945701599121,-2.2570276260375977,-0.8281649947166443,2.295363426208496,-1.175144910812378
-1.0438188314437866,0.6654635071754456,1.2735908031463623,-2.262744426727295,-0.8776780366897583,2.2667620182037354,-1.1531436443328857
-1.102004051208496,0.7131470441818237,1.3092173337936401,-2.2667489051818848,-0.9293403625488281,2.23282790184021,-1.1311421394348145
-1.157076358795166,0.7679223418235779,1.3434455394744873,-2.2690367698669434,-0.9836372137069702,2.1924514770507812,-1.1091408729553223
-1.1578154563903809,0.7148835062980652,1.3218770027160645,-2.2803750038146973,-0.9362298250198364,2.232572078704834,-1.1161473989486694
-1.1578222513198853,0.6668062210083008,1.3013699054718018,-2.291222333908081,-0.8909515142440796,2.2680530548095703,-1.123153805732727
-1.1570465564727783,0.6228387951850891,1.281546950340271,-2.3015799522399902,-0.8473783731460571,2.2996623516082764,-1.1301603317260742
-1.1554077863693237,0.5823401808738708,1.2620844841003418,-2.3114473819732666,-0.8051975965499878,2.3279800415039062,-1.1371667385101318
-1.152795433998108,0.5448129177093506,1.2426856756210327,-2.3208255767822266,-0.7641686201095581,2.3534579277038574,-1.144173264503479
-1.1490745544433594,0.5098636150360107,1.223068356513977,-2.329713821411133,-0.724103569984436,2.376453399658203,-1.1511797904968262
-1.1440790891647339,0.47717711329460144,1.2029480934143066,-2.3381123542785645,-0.6848533153533936,2.3972549438476562,-1.1581861972808838
-1.1376094818115234,0.4464956223964691,1.1820282936096191,-2.3460206985473633,-0.6462957859039307,2.416099786758423,-1.1651926040649414
-1.12942373752594,0.41760802268981934,1.1599856615066528,-2.35343861579895,-0.6083290576934814,2.433185577392578,-1.1721991300582886
-1.1192331314086914,0.3903403878211975,1.1364614963531494,-2.360365867614746,-0.5708669424057007,2.4486780166625977,-1.1792055368423462
-1.106701135635376,0.36455556750297546,1.1110624074935913,-2.3668015003204346,-0.533844530582428,2.4627137184143066,-1.1862120628356934
-1.1406350135803223,0.3520122468471527,1.143620252609253,-2.391422748565674,-0.5300994515419006,2.4720420837402344,-1.1627256870269775
-1.1772059202194214,0.34003889560699463,1.1790112257003784,-2.4158377647399902,-0.5264266133308411,2.481104850769043,-1.1392394304275513
-1.2165940999984741,0.3286896049976349,1.2174121141433716,-2.4400553703308105,-0.5228176116943359,2.4899003505706787,-1.1157530546188354
-1.258959174156189,0.3180232346057892,1.2589789628982544,-2.4640839099884033,-0.5192622542381287,2.498426675796509,-1.0922666788101196
-1.3044432401657104,0.3081057667732239,1.3038517236709595,-2.487931728363037,-0.5157506465911865,2.506680488586426,-1.0687804222106934
-1.3531391620635986,0.2990110516548157,1.3521215915679932,-2.511605978012085,-0.5122737884521484,2.514657497406006,-1.0452940464019775
-1.4050877094268799,0.29081815481185913,1.403828501701355,-2.5351145267486572,-0.5088207721710205,2.522353172302246,-1.0218076705932617
-1.4602439403533936,0.2836114764213562,1.4589269161224365,-2.5584640502929688,-0.5053825974464417,2.5297622680664062,-0.9983213543891907
-1.5184743404388428,0.2774781286716461,1.5172837972640991,-2.5816612243652344,-0.5019494295120239,2.536877155303955,-0.9748350381851196
-1.579530954360962,0.2725065052509308,1.578651785850525,-2.60471248626709,-0.498511403799057,2.543689727783203,-0.9513486623764038
-1.6430367231369019,0.2687802314758301,1.6426557302474976,-2.6276237964630127,-0.4950583577156067,2.550192356109619,-0.927862286567688
-1.7084988355636597,0.26637664437294006,1.708804726600647,-2.6504015922546387,-0.491579532623291,2.5563738346099854,-0.9043760299682617
-1.7753088474273682,0.26536327600479126,1.7764935493469238,-2.673050880432129,-0.48806506395339966,2.5622220039367676,-0.8808896541595459
-1.8427706956863403,0.26579204201698303,1.845029592514038,-2.69557785987854,-0.484502911567688,2.567725419998169,-0.8574033379554749
-1.910139799118042,0.2676984667778015,1.913672924041748,-2.717987537384033,-0.4808819591999054,2.5728695392608643,-0.8339170217514038
-1.9766690731048584,0.2711004912853241,1.9816832542419434,-2.7402851581573486,-0.4771902561187744,2.5776376724243164,-0.810430645942688
-1.9919986724853516,0.27819180488586426,1.9760397672653198,-2.74192214012146,-0.48935753107070923,2.5748324394226074,-0.8366694450378418
-2.006192207336426,0.28528687357902527,1.9692487716674805,-2.7431037425994873,-0.5016195178031921,2.571824789047241,-0.8629083037376404
-2.0193190574645996,0.2923872172832489,1.9614026546478271,-2.7438294887542725,-0.5139561295509338,2.568614959716797,-0.8891471028327942
-2.031438112258911,0.2994960844516754,1.9525835514068604,-2.7440996170043945,-0.5263487100601196,2.5652055740356445,-0.9153859615325928
-2.0426063537597656,0.3066173791885376,1.9428726434707642,-2.7439138889312744,-0.538777768611908,2.5615968704223633,-0.9416247606277466
-2.05287504196167,0.313754677772522,1.9323444366455078,-2.7432734966278076,-0.5512229800224304,2.5577917098999023,-0.9678636193275452
-2.0622925758361816,0.3209138810634613,1.9210708141326904,-2.7421798706054688,-0.5636662840843201,2.5537915229797363,-0.994102418422699
-2.0709078311920166,0.32810139656066895,1.9091238975524902,-2.7406351566314697,-0.5760879516601562,2.5495975017547607,-1.0203412771224976
-2.0787603855133057,0.3353224992752075,1.8965661525726318,-2.7386412620544434,-0.5884699821472168,2.545212984085083,-1.0465800762176514
-2.0858943462371826,0.3425848186016083,1.8834638595581055,-2.736201524734497,-0.6007949113845825,2.5406389236450195,-1.0728188753128052
-2.0923473834991455,0.3498944342136383,1.8698763847351074,-2.73331880569458,-0.613044798374176,2.535878896713257,-1.0990577936172485
-2.098158836364746,0.357258141040802,1.8558642864227295,-2.729997158050537,-0.6252036690711975,2.5309343338012695,-1.1252965927124023
-2.103365898132324,0.36468395590782166,1.8414846658706665,-2.7262401580810547,-0.6372560858726501,2.5258076190948486,-1.1515353918075562
-2.1080026626586914,0.3721778988838196,1.8267908096313477,-2.722053050994873,-0.6491867899894714,2.5205020904541016,-1.17777419090271
-2.112105131149292,0.3797457218170166,1.8118374347686768,-2.717440128326416,-0.6609800457954407,2.5150210857391357,-1.2040129899978638
-2.115703582763672,0.38739603757858276,1.7966716289520264,-2.712406635284424,-0.6726274490356445,2.509366273880005,-1.2302519083023071
-2.1188323497772217,0.39513450860977173,1.7813432216644287,-2.706958055496216,-0.6841148734092712,2.503540515899658,-1.256490707397461
-2.121520519256592,0.40296682715415955,1.7658979892730713,-2.701099395751953,-0.6954319477081299,2.497547149658203,-1.2827295064926147
-2.1237974166870117,0.41089656949043274,1.7503786087036133,-2.6948373317718506,-0.7065677642822266,2.4913907051086426,-1.3089683055877686
-2.12569260597229,0.4189300835132599,1.7348275184631348,-2.6881771087646484,-0.7175149321556091,2.4850730895996094,-1.335207223892212
-2.1272315979003906,0.4270712435245514,1.719281792640686,-2.6811254024505615,-0.7282661199569702,2.478598117828369,-1.3614460229873657
-2.128439426422119,0.43532273173332214,1.7037770748138428,-2.6736879348754883,-0.7388137578964233,2.4719700813293457,-1.3876848220825195
-2.1293411254882812,0.44368842244148254,1.6883480548858643,-2.6658713817596436,-0.7491527199745178,2.4651918411254883,-1.413923740386963
-2.1299593448638916,0.452171266078949,1.6730257272720337,-2.657681465148926,-0.7592794895172119,2.4582667350769043,-1.4401625394821167
-2.1303153038024902,0.46077221632003784,1.6578388214111328,-2.6491246223449707,-0.7691901922225952,2.4511990547180176,-1.4664013385772705
-2.1304268836975098,0.46949341893196106,1.6428115367889404,-2.640207290649414,-0.7788819670677185,2.4439926147460938,-1.4926401376724243
-2.130314588546753,0.47833552956581116,1.6279698610305786,-2.6309354305267334,-0.7883538603782654,2.4366507530212402,-1.5188789367675781
-2.129992961883545,0.4872988164424896,1.6133328676223755,-2.6213150024414062,-0.7976049184799194,2.429177761077881,-1.545117735862732
-2.1294784545898438,0.4963833689689636,1.5989210605621338,-2.61135196685791,-0.8066353797912598,2.421576738357544,-1.5713566541671753
-2.1287856101989746,0.5055884718894958,1.5847514867782593,-2.6010520458221436,-0.8154463768005371,2.4138519763946533,-1.597595453262329
-2.127926826477051,0.514914333820343,1.5708389282226562,-2.590421199798584,-0.8240401148796082,2.406006336212158,-1.623834252357483
-2.126911163330078,0.5243583917617798,1.5571942329406738,-2.5794639587402344,-0.8324174880981445,2.3980445861816406,-1.6500731706619263
-2.1257503032684326,0.5339201092720032,1.5438294410705566,-2.5681867599487305,-0.8405834436416626,2.389970064163208,-1.6763118505477905
-2.1244540214538574,0.5435981154441833,1.5307551622390747,-2.556593656539917,-0.8485403060913086,2.3817853927612305,-1.7025507688522339
-2.123028516769409,0.553389847278595,1.517977237701416,-2.544689893722534,-0.856292724609375,2.3734946250915527,-1.7287895679473877
-2.121480703353882,0.5632937550544739,1.5055023431777954,-2.532480001449585,-0.8638457655906677,2.365100860595703,-1.755028486251831
-2.119817018508911,0.5733090043067932,1.4933357238769531,-2.519967794418335,-0.871204674243927,2.3566062450408936,-1.7812671661376953
-2.1180412769317627,0.5834320187568665,1.4814800024032593,-2.507157802581787,-0.8783750534057617,2.3480148315429688,-1.8075060844421387
-2.116158962249756,0.5936625003814697,1.4699392318725586,-2.494053363800049,-0.8853632807731628,2.339327812194824,-1.8337448835372925
-2.1141724586486816,0.6039978265762329,1.4587140083312988,-2.4806580543518066,-0.8921762108802795,2.3305487632751465,-1.8599836826324463
-2.1120855808258057,0.6144368648529053,1.4478061199188232,-2.466974973678589,-0.8988204598426819,2.321678876876831,-1.8862224817276
-2.1098990440368652,0.6249770522117615,1.437214970588684,-2.4530069828033447,-0.9053029417991638,2.3127212524414062,-1.9124614000320435
-2.1076154708862305,0.6356185078620911,1.4269404411315918,-2.4387564659118652,-0.9116316437721252,2.303676128387451,-1.9387000799179077
-2.105236053466797,0.6463598608970642,1.4169820547103882,-2.4242255687713623,-0.917815089225769,2.2945451736450195,-1.9649391174316406
-2.1027607917785645,0.657200038433075,1.4073379039764404,-2.4094159603118896,-0.923861563205719,2.285329818725586,-1.9911777973175049
-2.100192070007324,0.6681398153305054,1.3980085849761963,-2.39432954788208,-0.9297798275947571,2.276029109954834,-2.0174167156219482
-2.0975284576416016,0.6791787147521973,1.388991117477417,-2.378967046737671,-0.9355785250663757,2.2666444778442383,-2.0436553955078125
-2.0947704315185547,0.6903171539306641,1.380284070968628,-2.3633296489715576,-0.9412672519683838,2.257175922393799,-2.069894313812256
-2.091919183731079,0.7015566229820251,1.3718879222869873,-2.3474173545837402,-0.9468561410903931,2.2476212978363037,-2.096133232116699
-2.0889720916748047,0.712897777557373,1.3637990951538086,-2.331230401992798,-0.9523550271987915,2.237980842590332,-2.1223721504211426
-2.085930585861206,0.7243443727493286,1.3560186624526978,-2.3147683143615723,-0.9577754139900208,2.2282516956329346,-2.148610830307007
-2.0827934741973877,0.7358978986740112,1.3485453128814697,-2.298030376434326,-0.9631272554397583,2.2184321880340576,-2.17484974861145
-2.0795600414276123,0.7475608587265015,1.3413786888122559,-2.281015396118164,-0.968421995639801,2.2085206508636475,-2.2010886669158936
-2.07623028755188,0.7593386769294739,1.3345203399658203,-2.2637219429016113,-0.9736730456352234,2.198512077331543,-2.227327346801758
-2.0728037357330322,0.7712362408638,1.32797110080719,-2.246147632598877,-0.9788923859596252,2.1884031295776367,-2.253566026687622
-2.0692784786224365,0.7832576632499695,1.3217318058013916,-2.22829008102417,-0.9840925931930542,2.178189992904663,-2.2798049449920654
-2.0656561851501465,0.7954108715057373,1.3158073425292969,-2.210146427154541,-0.9892896413803101,2.167865514755249,-2.3060436248779297
-2.0619330406188965,0.8077008128166199,1.3101983070373535,-2.1917130947113037,-0.9944955706596375,2.157426357269287,-2.332282543182373
-2.058112144470215,0.8201377391815186,1.3049126863479614,-2.1729865074157715,-0.999729573726654,2.1468632221221924,-2.3585214614868164
-2.054190158843994,0.8327303528785706,1.2999544143676758,-2.153960704803467,-1.0050058364868164,2.136168956756592,-2.3847601413726807
-2.0501673221588135,0.845488429069519,1.2953306436538696,-2.134632110595703,-1.0103437900543213,2.125335931777954,-2.410999059677124
-2.04604434967041,0.8584240674972534,1.2910516262054443,-2.1149942874908447,-1.0157628059387207,2.1143527030944824,-2.4372379779815674
-2.0418190956115723,0.8715505003929138,1.287126898765564,-2.095040798187256,-1.021283507347107,2.1032087802886963,-2.4634768962860107
-2.0374927520751953,0.8848831653594971,1.2835700511932373,-2.0747642517089844,-1.0269299745559692,2.091891050338745,-2.489715576171875
-2.0330634117126465,0.8984370827674866,1.280394196510315,-2.054157257080078,-1.0327253341674805,2.0803866386413574,-2.5159544944763184
-2.028531074523926,0.9122319221496582,1.2776176929473877,-2.0332107543945312,-1.0386995077133179,2.068678855895996,-2.5421931743621826
-2.023895740509033,0.9262880086898804,1.2752604484558105,-2.011915445327759,-1.0448806285858154,2.056751012802124,-2.568432092666626
-2.0191564559936523,0.9406288862228394,1.273345947265625,-1.990260362625122,-1.0513032674789429,2.0445821285247803,-2.5946710109710693
-2.014312982559204,0.9552820324897766,1.271902084350586,-1.9682338237762451,-1.0580055713653564,2.032149314880371,-2.6209096908569336
