-1.7146058082580566,0.8801068067550659,1.3321623802185059,-2.158041477203369,-1.05023193359375,2.0997798442840576,-2.1429786682128906
-1.7151917219161987,0.8809476494789124,1.3303790092468262,-2.1543266773223877,-1.0498167276382446,2.098928689956665,-2.123143434524536
-1.715739369392395,0.8817895650863647,1.32858145236969,-2.1505794525146484,-1.0493896007537842,2.098076105117798,-2.1033084392547607
-1.716249704360962,0.8826339244842529,1.3267709016799927,-2.1468000411987305,-1.0489517450332642,2.0972206592559814,-2.0834732055664062
-1.716722011566162,0.8834801316261292,1.324946403503418,-2.1429882049560547,-1.0485023260116577,2.0963637828826904,-2.0636379718780518
-1.7171568870544434,0.88432776927948,1.3231087923049927,-2.1391444206237793,-1.0480413436889648,2.0955045223236084,-2.0438029766082764
-1.7175543308258057,0.8851783871650696,1.3212575912475586,-2.135267734527588,-1.0475695133209229,2.0946426391601562,-2.023967742919922
-1.71791410446167,0.8860310316085815,1.3193930387496948,-2.1313588619232178,-1.047086477279663,2.0937788486480713,-2.0041325092315674
-1.7182369232177734,0.8868851065635681,1.3175150156021118,-2.127417802810669,-1.0465919971466064,2.0929131507873535,-1.9842973947525024
-1.718522548675537,0.887742817401886,1.315624475479126,-2.123444080352783,-1.0460867881774902,2.092043876647949,-1.9644622802734375
-1.718770980834961,0.8886024355888367,1.3137202262878418,-2.1194381713867188,-1.045569896697998,2.0911731719970703,-1.944627046585083
-1.718982458114624,0.8894659876823425,1.3118035793304443,-2.1153993606567383,-1.0450429916381836,2.090298652648926,-1.924791932106018
-1.7191574573516846,0.8903319835662842,1.3098739385604858,-2.111328125,-1.0445044040679932,2.0894217491149902,-1.9049568176269531
-1.719295620918274,0.8912016153335571,1.3079317808151245,-2.107224464416504,-1.0439553260803223,2.0885415077209473,-1.8851215839385986
-1.7193968296051025,0.8920746445655823,1.3059766292572021,-2.103087902069092,-1.0433952808380127,2.087658405303955,-1.8652864694595337
-1.719461441040039,0.8929506540298462,1.3040088415145874,-2.098918914794922,-1.0428242683410645,2.0867724418640137,-1.8454513549804688
-1.7194900512695312,0.8938314914703369,1.302029013633728,-2.094717025756836,-1.0422433614730835,2.0858824253082275,-1.8256161212921143
-1.719482421875,0.8947163224220276,1.300036907196045,-2.090482234954834,-1.0416514873504639,2.084988832473755,-1.8057810068130493
-1.7194385528564453,0.895604133605957,1.298032283782959,-2.086214780807495,-1.0410487651824951,2.084092140197754,-1.7859458923339844
-1.7193585634231567,0.8964973092079163,1.2960156202316284,-2.081914186477661,-1.040435791015625,2.0831916332244873,-1.7661106586456299
-1.7192429304122925,0.8973956108093262,1.2939876317977905,-2.077580451965332,-1.0398132801055908,2.0822858810424805,-1.746275544166565
-1.719091534614563,0.898298442363739,1.291947603225708,-2.073213815689087,-1.0391803979873657,2.081376791000366,-1.7264404296875
-1.7189054489135742,0.8992063403129578,1.2898966073989868,-2.0688140392303467,-1.0385372638702393,2.08046293258667,-1.7066051959991455
-1.7186824083328247,0.9001200795173645,1.2878329753875732,-2.064380645751953,-1.0378844738006592,2.07954478263855,-1.6867700815200806
-1.7184251546859741,0.9010390043258667,1.2857587337493896,-2.0599145889282227,-1.0372216701507568,2.0786218643188477,-1.666934847831726
-1.718131184577942,0.90196293592453,1.2836720943450928,-2.0554146766662598,-1.036548376083374,2.07769513130188,-1.6470997333526611
-1.7178033590316772,0.9028944969177246,1.2815755605697632,-2.0508809089660645,-1.0358667373657227,2.0767619609832764,-1.6272646188735962
-1.7174397706985474,0.9038313031196594,1.2794671058654785,-2.046313762664795,-1.03517484664917,2.07582426071167,-1.6074293851852417
-1.7170416116714478,0.9047749638557434,1.277348279953003,-2.041712999343872,-1.0344736576080322,2.0748813152313232,-1.5875942707061768
-1.7166091203689575,0.9057253003120422,1.2752189636230469,-2.037078380584717,-1.0337631702423096,2.07393217086792,-1.5677590370178223
-1.7161422967910767,0.9066839218139648,1.273079752922058,-2.03240966796875,-1.0330445766448975,2.07297682762146,-1.5479239225387573
-1.715640902519226,0.9076485633850098,1.2709294557571411,-2.027707099914551,-1.0323163270950317,2.0720162391662598,-1.5280888080596924
-1.7151048183441162,0.9086214900016785,1.2687690258026123,-2.0229697227478027,-1.0315794944763184,2.071049213409424,-1.508253574371338
-1.714534878730774,0.9096019864082336,1.2665987014770508,-2.0181984901428223,-1.0308337211608887,2.0700759887695312,-1.488418459892273
-1.7139304876327515,0.9105913639068604,1.2644184827804565,-2.013392448425293,-1.0300798416137695,2.0690958499908447,-1.468583345413208
-1.7132929563522339,0.9115887880325317,1.2622289657592773,-2.008551836013794,-1.0293179750442505,2.068108558654785,-1.4487481117248535
-1.7126212120056152,0.9125955104827881,1.2600297927856445,-2.003676652908325,-1.028548240661621,2.0671145915985107,-1.4289129972457886
-1.711916446685791,0.9136108160018921,1.2578215599060059,-1.998766303062439,-1.0277698040008545,2.066112995147705,-1.4090778827667236
-1.7111773490905762,0.914635181427002,1.255603551864624,-1.9938210248947144,-1.026983380317688,2.0651047229766846,-1.3892426490783691
-1.710405707359314,0.9156702160835266,1.2533775568008423,-1.9888403415679932,-1.0261902809143066,2.064087390899658,-1.3694075345993042
-1.7096015214920044,0.9167156219482422,1.2511435747146606,-1.983824372291565,-1.0253899097442627,2.0630619525909424,-1.3495723009109497
-1.7087631225585938,0.9177702069282532,1.2488994598388672,-1.9787726402282715,-1.0245816707611084,2.0620293617248535,-1.3297371864318848
-1.7078922986984253,0.9188362956047058,1.2466480731964111,-1.9736851453781128,-1.0237667560577393,2.0609874725341797,-1.3099020719528198
-1.70698881149292,0.919912576675415,1.244388461112976,-1.9685617685317993,-1.0229449272155762,2.0599372386932373,-1.2900669574737549
-1.7060532569885254,0.9210017323493958,1.242121696472168,-1.9634020328521729,-1.0221174955368042,2.0588772296905518,-1.2702317237854004
-1.705085039138794,0.9221007227897644,1.2398465871810913,-1.9582061767578125,-1.0212827920913696,2.0578088760375977,-1.2503966093063354
-1.7040845155715942,0.9232128262519836,1.2375645637512207,-1.952973484992981,-1.020442008972168,2.056730270385742,-1.230561375617981
-1.7030521631240845,0.9243373870849609,1.2352755069732666,-1.9477043151855469,-1.0195958614349365,2.0556421279907227,-1.210726261138916
-1.7019881010055542,0.9254745244979858,1.2329801321029663,-1.9423978328704834,-1.0187441110610962,2.0545437335968018,-1.1908910274505615
-1.700893521308899,0.9266288876533508,1.2306809425354004,-1.9370536804199219,-1.0178910493850708,2.053431510925293,-1.1710559129714966
-1.6997663974761963,0.9277942776679993,1.2283732891082764,-1.93167245388031,-1.0170300006866455,2.0523111820220947,-1.1512207984924316
-1.6986079216003418,0.9289725422859192,1.2260596752166748,-1.9262535572052002,-1.0161635875701904,2.051179885864258,-1.1313856840133667
-1.6974178552627563,0.9301647543907166,1.2237401008605957,-1.920796513557434,-1.0152921676635742,2.0500378608703613,-1.1115504503250122
-1.696197271347046,0.9313716888427734,1.2214155197143555,-1.9153013229370117,-1.0144166946411133,2.0488839149475098,-1.0917153358459473
-1.6949454545974731,0.932594895362854,1.2190861701965332,-1.9097673892974854,-1.0135383605957031,2.047717571258545,-1.0718801021575928
-1.6936631202697754,0.9338335990905762,1.216752290725708,-1.9041948318481445,-1.0126562118530273,2.046539068222046,-1.0520449876785278
-1.692349910736084,0.9350872039794922,1.2144132852554321,-1.898583173751831,-1.0117706060409546,2.0453484058380127,-1.032209873199463
-1.6910064220428467,0.9363574981689453,1.2120704650878906,-1.8929318189620972,-1.0108811855316162,2.044144630432129,-1.0123746395111084
-1.6896337270736694,0.9376451373100281,1.2097253799438477,-1.8872411251068115,-1.0099908113479614,2.042926788330078,-0.9925394654273987
-1.6882296800613403,0.9389495253562927,1.207375407218933,-1.8815102577209473,-1.0090968608856201,2.041696310043335,-0.9727044105529785
-1.6867958307266235,0.9402710199356079,1.2050225734710693,-1.8757388591766357,-1.008200764656067,2.040452003479004,-0.9528692364692688
-1.685333490371704,0.941612184047699,1.20266854763031,-1.869926929473877,-1.0073044300079346,2.0391924381256104,-0.9330340623855591
-1.6838406324386597,0.9429704546928406,1.2003110647201538,-1.8640741109848022,-1.0064060688018799,2.037919044494629,-0.9131988883018494
-1.6823185682296753,0.9443483352661133,1.1979522705078125,-1.8581794500350952,-1.0055065155029297,2.036630153656006,-0.8933637142181396
-1.6807677745819092,0.9457460045814514,1.1955926418304443,-1.8522433042526245,-1.0046076774597168,2.035325527191162,-0.8735285997390747
-1.6791877746582031,0.9471631646156311,1.1932317018508911,-1.8462649583816528,-1.003708004951477,2.034005641937256,-0.853693425655365
-1.6775784492492676,0.9486008882522583,1.1908698081970215,-1.840243935585022,-1.0028088092803955,2.03266978263855,-0.8338582515716553
-1.6759413480758667,0.9500595331192017,1.1885086297988892,-1.8341799974441528,-1.0019103288650513,2.0313167572021484,-0.8140230774879456
-1.6742753982543945,0.9515400528907776,1.186147689819336,-1.8280727863311768,-1.001013159751892,2.02994704246521,-0.7941880226135254
-1.6725807189941406,0.9530420303344727,1.1837871074676514,-1.8219215869903564,-1.0001176595687866,2.028560161590576,-0.7743527889251709
-1.6708588600158691,0.9545674920082092,1.181429147720337,-1.8157262802124023,-0.9992253184318542,2.0271544456481934,-0.754517674446106
-1.6691088676452637,0.9561156034469604,1.1790727376937866,-1.8094861507415771,-0.9983356595039368,2.025731086730957,-0.7346824407577515
-1.6673307418823242,0.957686722278595,1.1767184734344482,-1.8032008409500122,-0.9974479079246521,2.024289131164551,-0.7148473262786865
-1.6495635509490967,0.893295407295227,1.1203391551971436,-1.8191355466842651,-0.9289640784263611,2.074746608734131,-0.7462557554244995
-1.6302874088287354,0.837068498134613,1.0676110982894897,-1.8344229459762573,-0.8661687970161438,2.1179513931274414,-0.7776641249656677
-1.6095011234283447,0.7871822714805603,1.0172364711761475,-1.849075198173523,-0.8076068758964539,2.1555228233337402,-0.8090725541114807
-1.5871604681015015,0.7424308657646179,0.9683196544647217,-1.8631030321121216,-0.7523230910301208,2.1885416507720947,-0.8404809832572937
-1.5631933212280273,0.7019708752632141,0.9201931357383728,-1.8765162229537964,-0.6996517777442932,2.2177743911743164,-0.8718894124031067
-1.5375107526779175,0.6651905179023743,0.8723328113555908,-1.8893234729766846,-0.6491097807884216,2.243786573410034,-0.9032977819442749
-1.5100122690200806,0.6316303610801697,0.8243056535720825,-1.9015337228775024,-0.6003283858299255,2.267012119293213,-0.9347062110900879
-1.4805903434753418,0.6009442210197449,0.7757461071014404,-1.913153886795044,-0.5530248880386353,2.287789821624756,-0.9661146402359009
-1.4491368532180786,0.57286536693573,0.7263386845588684,-1.924190878868103,-0.5069726705551147,2.306389331817627,-0.9975230097770691
-1.4155462980270386,0.5471881628036499,0.6758078336715698,-1.9346513748168945,-0.4619874358177185,2.323030948638916,-1.0289314985275269
-1.379723072052002,0.5237572193145752,0.6239169239997864,-1.9445412158966064,-0.4179188907146454,2.3378944396972656,-1.0603398084640503
-1.341587781906128,0.5024548172950745,0.5704672932624817,-1.953865885734558,-0.37463974952697754,2.351128339767456,-1.0917482376098633
-1.3010855913162231,0.4831951856613159,0.5153014063835144,-1.962630271911621,-0.3320435583591461,2.3628573417663574,-1.1231566667556763
-1.373839259147644,0.49834147095680237,0.5908843278884888,-1.9680761098861694,-0.38538041710853577,2.354444980621338,-1.0909470319747925
-1.443466067314148,0.5165876150131226,0.6636329293251038,-1.9730114936828613,-0.43907448649406433,2.3439736366271973,-1.0587373971939087
-1.5097616910934448,0.538004457950592,0.7334563136100769,-1.9774463176727295,-0.4932408928871155,2.3312878608703613,-1.026527762413025
-1.5726252794265747,0.5627062916755676,0.8003809452056885,-1.9813905954360962,-0.5480109453201294,2.316190481185913,-0.9943181276321411
-1.6320403814315796,0.5908684134483337,0.8645377159118652,-1.9848555326461792,-0.6035411953926086,2.2984330654144287,-0.9621084928512573
-1.6880546808242798,0.6227468848228455,0.9261487722396851,-1.987851619720459,-0.6600233912467957,2.277700901031494,-0.9298988580703735
-1.7407636642456055,0.6587024331092834,0.9855230450630188,-1.9903908967971802,-0.717698335647583,2.2535898685455322,-0.8976892232894897
-1.790289282798767,0.6992380023002625,1.0430516004562378,-1.9924851655960083,-0.7768768668174744,2.2255752086639404,-0.865479588508606
-1.836761236190796,0.7450581192970276,1.0992172956466675,-1.994146466255188,-0.8379734754562378,2.192960739135742,-0.8332700133323669
-1.880303978919983,0.7971611618995667,1.1546281576156616,-1.9953877925872803,-0.9015668034553528,2.1547932624816895,-0.8010603189468384
-1.9210149049758911,0.8570114970207214,1.2100805044174194,-1.9962217807769775,-0.9685026407241821,2.1097116470336914,-0.7688507437705994
-1.9589353799819946,0.9268671274185181,1.2667008638381958,-1.9966621398925781,-1.0401029586791992,2.0556561946868896,-0.7366410493850708
-1.993992805480957,1.0105183124542236,1.3262741565704346,-1.99672269821167,-1.1186437606811523,1.98921799659729,-0.7044314742088318
-2.0107970237731934,1.0166139602661133,1.346112847328186,-2.029754638671875,-1.133166790008545,1.9855667352676392,-0.6752802133560181
-2.0265769958496094,1.02360200881958,1.3654050827026367,-2.0619053840637207,-1.147501826286316,1.9811745882034302,-0.6461290121078491
-2.041299343109131,1.031416654586792,1.3841089010238647,-2.0932157039642334,-1.1616082191467285,1.976088047027588,-0.6169777512550354
-2.054935932159424,1.039987325668335,1.4021885395050049,-2.123720645904541,-1.175445795059204,1.9703576564788818,-0.5878264904022217
-2.0674586296081543,1.0492374897003174,1.419610619544983,-2.1534509658813477,-1.188971996307373,1.9640394449234009,-0.5586752891540527
-2.0788493156433105,1.059084415435791,1.4363510608673096,-2.1824326515197754,-1.2021445035934448,1.9571964740753174,-0.529524028301239
-2.089076519012451,1.0694326162338257,1.4523794651031494,-2.210688352584839,-1.2149183750152588,1.9499000310897827,-0.5003727674484253
-2.098127603530884,1.0801821947097778,1.4676802158355713,-2.238236665725708,-1.2272484302520752,1.9422292709350586,-0.47122153639793396
-2.105987310409546,1.091221809387207,1.4822380542755127,-2.2650928497314453,-1.2390871047973633,1.9342739582061768,-0.44207027554512024
-2.112645149230957,1.1024280786514282,1.4960438013076782,-2.291269302368164,-1.2503843307495117,1.9261338710784912,-0.4129190444946289
-2.118091344833374,1.1136640310287476,1.5090909004211426,-2.316774606704712,-1.2610872983932495,1.9179229736328125,-0.3837677836418152
-2.122321605682373,1.1247769594192505,1.521378755569458,-2.34161639213562,-1.2711392641067505,1.9097702503204346,-0.35461655259132385
-2.1253340244293213,1.135603427886963,1.532912254333496,-2.3657984733581543,-1.2804837226867676,1.9018146991729736,-0.32546529173851013
-2.127129316329956,1.1459680795669556,1.5437018871307373,-2.389321804046631,-1.2890609502792358,1.8942081928253174,-0.2963140606880188
-2.127711296081543,1.1556838750839233,1.5537649393081665,-2.4121861457824707,-1.2968116998672485,1.8871139287948608,-0.2671627998352051
-2.1270861625671387,1.1645599603652954,1.563125491142273,-2.43438720703125,-1.303676724433899,1.8807004690170288,-0.23801156878471375
-2.1252617835998535,1.172398328781128,1.5718140602111816,-2.4559202194213867,-1.3096001148223877,1.875144124031067,-0.2088603377342224
-2.1222479343414307,1.1790080070495605,1.579870343208313,-2.4767768383026123,-1.3145291805267334,1.8706157207489014,-0.1797090768814087
-2.118053913116455,1.1842041015625,1.5873395204544067,-2.4969468116760254,-1.3184181451797485,1.8672823905944824,-0.15055784583091736
-2.1126902103424072,1.1878232955932617,1.5942753553390503,-2.51641845703125,-1.321231484413147,1.8652931451797485,-0.12140661478042603
-2.1061649322509766,1.1897251605987549,1.600736141204834,-2.535176992416382,-1.3229446411132812,1.8647767305374146,-0.09225534647703171
-2.098484992980957,1.1898021697998047,1.6067849397659302,-2.553206205368042,-1.3235455751419067,1.8658332824707031,-0.06310411542654037
-2.0896553993225098,1.1879819631576538,1.6124873161315918,-2.5704879760742188,-1.3230364322662354,1.8685312271118164,-0.03395284339785576
-2.0796775817871094,1.1842339038848877,1.6179076433181763,-2.5870022773742676,-1.3214325904846191,1.8729009628295898,-0.004801615606993437
-2.0685505867004395,1.17857027053833,1.6231088638305664,-2.6027276515960693,-1.3187665939331055,1.8789335489273071,0.024349605664610863
-2.0562691688537598,1.1710420846939087,1.6281464099884033,-2.6176400184631348,-1.315079927444458,1.8865842819213867,0.05350087583065033
-2.0428266525268555,1.1617376804351807,1.6330687999725342,-2.6317152976989746,-1.310427188873291,1.895772933959961,0.08265210688114166
-2.028937816619873,1.1779944896697998,1.6387321949005127,-2.645411968231201,-1.3187305927276611,1.8825857639312744,0.11282126605510712
-2.0136399269104004,1.1925537586212158,1.6437798738479614,-2.658308506011963,-1.3259222507476807,1.8707808256149292,0.14299042522907257
-1.996966004371643,1.2052297592163086,1.6482770442962646,-2.670379638671875,-1.3319792747497559,1.860536813735962,0.17315958440303802
-1.9789468050003052,1.2158679962158203,1.6522876024246216,-2.6815989017486572,-1.3368918895721436,1.8520033359527588,0.20332874357700348
-1.959608793258667,1.2243707180023193,1.6558704376220703,-2.6919384002685547,-1.340671420097351,1.8452779054641724,0.23349791765213013
-1.9389739036560059,1.2306944131851196,1.6590790748596191,-2.7013704776763916,-1.3433477878570557,1.840409278869629,0.2636670768260956
-1.9170598983764648,1.2348641157150269,1.6619571447372437,-2.709866762161255,-1.3449742794036865,1.8373818397521973,0.29383623600006104
-1.8938795328140259,1.236966848373413,1.664536714553833,-2.7173986434936523,-1.3456259965896606,1.8361223936080933,0.3240053951740265
-1.8694419860839844,1.2371509075164795,1.6668369770050049,-2.723938465118408,-1.3453973531723022,1.8365004062652588,0.35417455434799194
-1.8437529802322388,1.2356277704238892,1.6688648462295532,-2.7294583320617676,-1.3444042205810547,1.8383252620697021,0.3843437433242798
-1.8168163299560547,1.2326514720916748,1.6706117391586304,-2.7339322566986084,-1.342776894569397,1.841367483139038,0.41451287269592285
-1.788637399673462,1.2285072803497314,1.672059416770935,-2.737335205078125,-1.3406540155410767,1.845367193222046,0.4446820318698883
-1.7592203617095947,1.2235159873962402,1.6731774806976318,-2.7396442890167236,-1.3381879329681396,1.8500317335128784,0.47485119104385376
-1.7584787607192993,1.0766546726226807,1.6745448112487793,-2.7236087322235107,-1.2656199932098389,1.9784259796142578,0.44597214460372925
-1.753313422203064,0.963465690612793,1.6724427938461304,-2.707315444946289,-1.2020235061645508,2.0744667053222656,0.41709306836128235
-1.7444840669631958,0.870974600315094,1.6671500205993652,-2.6907436847686768,-1.1433098316192627,2.1503570079803467,0.38821402192115784
-1.732231855392456,0.7927990555763245,1.6587120294570923,-2.67387318611145,-1.0876425504684448,2.212144374847412,0.3593349754810333
-1.716575026512146,0.7251940965652466,1.6470446586608887,-2.6566829681396484,-1.03402578830719,2.2634027004241943,0.3304558992385864
-1.6974024772644043,0.6657459139823914,1.6319726705551147,-2.6391522884368896,-0.9818602800369263,2.3064517974853516,0.3015768527984619
-1.674503207206726,0.6127965450286865,1.6132385730743408,-2.621260166168213,-0.9307569861412048,2.3429017066955566,0.2726978063583374
-1.647574782371521,0.5651605725288391,1.590501308441162,-2.6029858589172363,-0.8804474472999573,2.373919725418091,0.2438187450170517
-1.6162230968475342,0.5219746828079224,1.5633330345153809,-2.584307909011841,-0.8307409882545471,2.4003751277923584,0.214939683675766
-1.5799585580825806,0.48260319232940674,1.5312119722366333,-2.5652053356170654,-0.7814965844154358,2.4229321479797363,0.18606062233448029
-1.5381791591644287,0.4465796947479248,1.4935050010681152,-2.545656681060791,-0.732605516910553,2.442110300064087,0.15718157589435577
-1.4901721477508545,0.4135757088661194,1.4494677782058716,-2.5256404876708984,-0.6839826703071594,2.458317279815674,0.12830251455307007
-1.4351060390472412,0.383378803730011,1.3982360363006592,-2.5051348209381104,-0.635557234287262,2.4718785285949707,0.09942347556352615
-1.3720426559448242,0.3558773994445801,1.3388395309448242,-2.4841184616088867,-0.5872708559036255,2.483055591583252,0.07054440677165985
-1.2999812364578247,0.3310622274875641,1.27024245262146,-2.462568521499634,-0.5390717387199402,2.492056369781494,0.041665367782115936
-1.2179440259933472,0.3090158998966217,1.1914304494857788,-2.440463066101074,-0.4909127950668335,2.49904727935791,0.012786297127604485
-1.1251180171966553,0.2899135947227478,1.101552128791809,-2.417778730392456,-0.44274961948394775,2.504162311553955,-0.016092738136649132
-1.021109700202942,0.27401235699653625,1.0001729726791382,-2.3944921493530273,-0.39453765749931335,2.507504463195801,-0.044971808791160583
-0.9495501518249512,0.24991688132286072,0.9308995008468628,-2.394317388534546,-0.3460717797279358,2.5168676376342773,-0.07717634737491608
-0.865674614906311,0.2279871702194214,0.8495373725891113,-2.393733024597168,-0.29777631163597107,2.5246872901916504,-0.10938088595867157
-0.7671944499015808,0.20844857394695282,0.7537477016448975,-2.3927347660064697,-0.24961476027965546,2.531047821044922,-0.14158542454242706
-0.6519736051559448,0.19164645671844482,0.6413465142250061,-2.3913164138793945,-0.201555073261261,2.536018133163452,-0.17378996312618256
-0.5187499523162842,0.1780422031879425,0.5110257863998413,-2.389475107192993,-0.15356875956058502,2.539649486541748,-0.20599450170993805
-0.3681916296482086,0.16817326843738556,0.36340829730033875,-2.3872058391571045,-0.10562854260206223,2.541980743408203,-0.23819904029369354
-0.20402169227600098,0.16256053745746613,0.202173113822937,-2.3845064640045166,-0.057709645479917526,2.543037176132202,-0.27040359377861023
-0.03325868397951126,0.1615738868713379,0.034294672310352325,-2.3813748359680176,-0.009786855429410934,2.542832851409912,-0.3026081323623657
0.13517798483371735,0.1652972400188446,-0.13135181367397308,-2.3778088092803955,0.03816471993923187,2.541368007659912,-0.3348126709461212
0.2930923104286194,0.17350617051124573,-0.28661513328552246,-2.3738083839416504,0.08617082983255386,2.538633346557617,-0.3670172095298767
0.43515118956565857,0.18574760854244232,-0.4262092709541321,-2.369372844696045,0.13425962626934052,2.5346059799194336,-0.3992217183113098
0.5593515634536743,0.20149239897727966,-0.5481749773025513,-2.3645029067993164,0.18246062099933624,2.529252052307129,-0.4314262568950653
0.6661991477012634,0.22024360299110413,-0.6530702710151672,-2.3591995239257812,0.230807825922966,2.522522449493408,-0.4636307954788208
0.7242987155914307,0.22530095279216766,-0.6753829121589661,-2.3575727939605713,0.24241386353969574,2.520604133605957,-0.43734994530677795
0.7775896787643433,0.23171262443065643,-0.6931847929954529,-2.353719711303711,0.25396987795829773,2.517887592315674,-0.4110691249370575
0.8259281516075134,0.23939217627048492,-0.7064492702484131,-2.3476500511169434,0.2653653919696808,2.5143840312957764,-0.38478827476501465
0.8693693280220032,0.24825578927993774,-0.7153434157371521,-2.339378833770752,0.2764972746372223,2.510101556777954,-0.3585074245929718
0.9080848097801208,0.25823426246643066,-0.7201447486877441,-2.3289222717285156,0.28726649284362793,2.5050508975982666,-0.33222657442092896
0.9423502087593079,0.2692652940750122,-0.7212265729904175,-2.316300392150879,0.2975830137729645,2.499239921569824,-0.3059457540512085
0.9724891781806946,0.28129690885543823,-0.7190003991127014,-2.3015332221984863,0.3073665499687195,2.4926774501800537,-0.27966490387916565
0.9988523125648499,0.2942863702774048,-0.7138946056365967,-2.2846426963806152,0.31654584407806396,2.485370397567749,-0.2533840537071228
1.0217885971069336,0.30820029973983765,-0.7063251733779907,-2.265648365020752,0.3250594139099121,2.4773244857788086,-0.22710320353507996
1.0416362285614014,0.3230119049549103,-0.6966858506202698,-2.244568347930908,0.332858145236969,2.468543529510498,-0.2008223831653595
1.058705449104309,0.33870065212249756,-0.6853322982788086,-2.221418619155884,0.3398999571800232,2.4590301513671875,-0.17454153299331665
1.0732834339141846,0.35525399446487427,-0.6725858449935913,-2.19620943069458,0.34615495800971985,2.4487829208374023,-0.1482606828212738
1.0856246948242188,0.37266358733177185,-0.6587262153625488,-2.168945789337158,0.3516017496585846,2.437798023223877,-0.12197984009981155
1.095953106880188,0.3909302353858948,-0.6439926624298096,-2.139624834060669,0.3562276363372803,2.426068067550659,-0.0956990122795105
1.1044645309448242,0.4100589454174042,-0.6285905241966248,-2.1082353591918945,0.36002740263938904,2.413580894470215,-0.06941813975572586
1.1113319396972656,0.43006470799446106,-0.6126909852027893,-2.074754238128662,0.36300548911094666,2.4003183841705322,-0.0431373193860054
1.1167021989822388,0.4509682059288025,-0.5964374542236328,-2.03914737701416,0.3651692271232605,2.3862574100494385,-0.01685648411512375
1.1207046508789062,0.4728021025657654,-0.5799508690834045,-2.0013632774353027,0.36653581261634827,2.371366024017334,0.009424378164112568
1.1234499216079712,0.4956090748310089,-0.5633296370506287,-1.961333155632019,0.36712631583213806,2.3556041717529297,0.035705212503671646
1.1250345706939697,0.5194458365440369,-0.5466565489768982,-1.9189659357070923,0.3669683337211609,2.338921546936035,0.06198602914810181
1.125543236732483,0.544384777545929,-0.5300034284591675,-1.8741432428359985,0.366095632314682,2.321253776550293,0.08826690912246704
1.1250509023666382,0.5705171823501587,-0.5134339332580566,-1.8267134428024292,0.3645493984222412,2.302520513534546,0.1145477294921875
1.1236226558685303,0.5979601740837097,-0.4970070719718933,-1.776482343673706,0.3623785972595215,2.2826216220855713,0.14082860946655273
1.1213171482086182,0.6268612742424011,-0.4807843565940857,-1.7232016324996948,0.35964271426200867,2.2614307403564453,0.167109414935112
1.1181871891021729,0.6574084162712097,-0.46483516693115234,-1.6665514707565308,0.3564192056655884,2.2387871742248535,0.19339025020599365
1.1142802238464355,0.6898461580276489,-0.44924524426460266,-1.6061136722564697,0.3528066575527191,2.2144832611083984,0.2196711152791977
1.1096382141113281,0.7244967818260193,-0.4341302514076233,-1.5413339138031006,0.3489380478858948,2.1882472038269043,0.24595195055007935
1.1365019083023071,0.7169345617294312,-0.46126312017440796,-1.5648531913757324,0.3685300648212433,2.194340229034424,0.21899671852588654
1.1636288166046143,0.7100175023078918,-0.4883836507797241,-1.5878334045410156,0.3879395127296448,2.199970006942749,0.19204148650169373
1.1910041570663452,0.7037351131439209,-0.5154977440834045,-1.610304355621338,0.40718960762023926,2.2051491737365723,0.16508625447750092
1.2186123132705688,0.6980764269828796,-0.5426079630851746,-1.632295846939087,0.42630141973495483,2.2098894119262695,0.1381310224533081
1.2464370727539062,0.69303297996521,-0.5697147846221924,-1.6538338661193848,0.4452930986881256,2.2141990661621094,0.11117580533027649
1.2744593620300293,0.6885997653007507,-0.5968140959739685,-1.6749414205551147,0.46418213844299316,2.218085527420044,0.08422057330608368
1.3026597499847412,0.6847712397575378,-0.6238999962806702,-1.6956400871276855,0.4829848110675812,2.221555471420288,0.057265330106019974
1.3310167789459229,0.6815447807312012,-0.6509637832641602,-1.715949535369873,0.5017145276069641,2.224612236022949,0.030310094356536865
1.3595097064971924,0.6789186000823975,-0.6779957413673401,-1.7358877658843994,0.520386815071106,2.2272591590881348,0.003354861633852124
1.3881139755249023,0.6768928170204163,-0.7049824595451355,-1.7554713487625122,0.5390129089355469,2.2294974327087402,-0.023600338026881218
1.4168071746826172,0.6754683256149292,-0.7319106459617615,-1.7747154235839844,0.557607114315033,2.2313265800476074,-0.05055559054017067
1.4455647468566895,0.6746475696563721,-0.7587658762931824,-1.793634057044983,0.5761812925338745,2.2327446937561035,-0.07751080393791199
1.474359154701233,0.6744333505630493,-0.7855282425880432,-1.8122406005859375,0.5947449803352356,2.233750820159912,-0.1044660434126854
1.503167748451233,0.674830973148346,-0.8121842741966248,-1.830546498298645,0.6133105158805847,2.2343380451202393,-0.13142129778862
1.5319627523422241,0.6758458614349365,-0.8387133479118347,-1.84856379032135,0.6318894028663635,2.2345025539398193,-0.1583765149116516
1.560717225074768,0.6774853467941284,-0.8650964498519897,-1.866302728652954,0.6504906415939331,2.234236240386963,-0.18533176183700562
1.5894043445587158,0.679757833480835,-0.8913135528564453,-1.883772611618042,0.6691257357597351,2.2335314750671387,-0.21228697896003723
1.6179999113082886,0.6826730370521545,-0.9173480868339539,-1.9009835720062256,0.6878052353858948,2.2323765754699707,-0.23924222588539124
1.6464749574661255,0.6862417459487915,-0.9431774020195007,-1.9179434776306152,0.7065390944480896,2.2307608127593994,-0.26619741320610046
1.674805760383606,0.6904778480529785,-0.9687851071357727,-1.93466055393219,0.7253397107124329,2.2286691665649414,-0.2931526303291321
1.7029649019241333,0.6953952312469482,-0.9941502809524536,-1.9511425495147705,0.7442163825035095,2.2260870933532715,-0.32010790705680847
1.7309284210205078,0.7010111808776855,-1.0192561149597168,-1.96739661693573,0.7631810903549194,2.222996234893799,-0.3470631241798401
1.7586723566055298,0.707345187664032,-1.04408597946167,-1.9834294319152832,0.7822473645210266,2.2193753719329834,-0.3740183413028717
1.7861729860305786,0.7144180536270142,-1.0686231851577759,-1.9992471933364868,0.801426112651825,2.2152023315429688,-0.4009735584259033
1.813408374786377,0.7222546339035034,-1.0928534269332886,-2.0148558616638184,0.8207308053970337,2.2104506492614746,-0.4279288351535797
1.8403563499450684,0.7308822870254517,-1.116762638092041,-2.030261516571045,0.8401758670806885,2.205091953277588,-0.45488402247428894
1.8669955730438232,0.740333080291748,-1.1403378248214722,-2.045469284057617,0.8597769737243652,2.1990931034088135,-0.48183926939964294
1.8933089971542358,0.7506428956985474,-1.1635715961456299,-2.060483932495117,0.8795507550239563,2.192415952682495,-0.5087945461273193
1.919275164604187,0.7618517875671387,-1.1864523887634277,-2.0753109455108643,0.8995139002799988,2.1850202083587646,-0.5357497930526733
1.9448779821395874,0.7740071415901184,-1.208974838256836,-2.0899546146392822,0.9196884632110596,2.1768574714660645,-0.5627049803733826
1.9700989723205566,0.7871618270874023,-1.2311339378356934,-2.104418992996216,0.9400959610939026,2.167874813079834,-0.5896601676940918
1.9949246644973755,0.801379382610321,-1.2529287338256836,-2.118708610534668,0.9607634544372559,2.1580088138580322,-0.6166154742240906
2.019336462020874,0.8167273998260498,-1.2743561267852783,-2.1328275203704834,0.9817163348197937,2.14719295501709,-0.6435706615447998
2.043321132659912,0.8332914113998413,-1.2954227924346924,-2.1467790603637695,1.0029903650283813,2.135343074798584,-0.6705259084701538
2.066863536834717,0.8511670827865601,-1.3161332607269287,-2.160566806793213,1.0246224403381348,2.1223669052124023,-0.697481095790863
2.089948892593384,0.8704679012298584,-1.336498498916626,-2.1741943359375,1.0466585159301758,2.1081550121307373,-0.7244364023208618
2.1125612258911133,0.8913275003433228,-1.356532096862793,-2.1876654624938965,1.0691497325897217,2.0925798416137695,-0.751391589641571
2.1118459701538086,0.8881258368492126,-1.3560688495635986,-2.1898202896118164,1.0670039653778076,2.0952086448669434,-0.7742794752120972
2.1111271381378174,0.8849389553070068,-1.3556174039840698,-2.1919682025909424,1.0648670196533203,2.0978240966796875,-0.7971674203872681
2.1104037761688232,0.8817652463912964,-1.3551770448684692,-2.1941099166870117,1.0627379417419434,2.1004271507263184,-0.8200553059577942
2.1096768379211426,0.8786064982414246,-1.3547488451004028,-2.196244716644287,1.0606169700622559,2.1030163764953613,-0.8429432511329651
2.1089468002319336,0.8754624724388123,-1.3543325662612915,-2.1983728408813477,1.0585048198699951,2.1055920124053955,-0.8658311367034912
2.1082117557525635,0.8723307251930237,-1.353926181793213,-2.2004942893981934,1.0563983917236328,2.108156204223633,-0.8887190818786621
2.107473373413086,0.8692134618759155,-1.353531837463379,-2.2026093006134033,1.0543007850646973,2.1107070446014404,-0.9116069674491882
2.1067309379577637,0.8661086559295654,-1.3531477451324463,-2.2047176361083984,1.052209496498108,2.113245964050293,-0.9344948530197144
2.105984687805176,0.863017737865448,-1.3527750968933105,-2.2068192958831787,1.0501258373260498,2.115772247314453,-0.9573827981948853
2.105234384536743,0.8599401116371155,-1.352412462234497,-2.208914279937744,1.0480492115020752,2.118286371231079,-0.9802706837654114
2.1044812202453613,0.8568762540817261,-1.3520621061325073,-2.2110025882720947,1.0459797382354736,2.1207871437072754,-1.0031585693359375
2.1037232875823975,0.853824257850647,-1.3517208099365234,-2.2130842208862305,1.0439164638519287,2.123277187347412,-1.0260465145111084
2.102962017059326,0.8507854342460632,-1.3513908386230469,-2.2151594161987305,1.0418606996536255,2.1257548332214355,-1.0489344596862793
2.102196216583252,0.8477585911750793,-1.3510704040527344,-2.2172279357910156,1.0398108959197998,2.128221273422241,-1.0718222856521606
2.1014270782470703,0.8447450399398804,-1.3507606983184814,-2.219289541244507,1.037766933441162,2.1306753158569336,-1.0947102308273315
2.100654125213623,0.8417439460754395,-1.3504611253738403,-2.2213447093963623,1.035730242729187,2.133117914199829,-1.1175981760025024
2.099877119064331,0.8387541174888611,-1.3501710891723633,-2.223393440246582,1.0336990356445312,2.135549545288086,-1.1404861211776733
2.0990967750549316,0.8357782959938049,-1.349892258644104,-2.225435256958008,1.0316747426986694,2.137968063354492,-1.1633739471435547
2.0983142852783203,0.832817554473877,-1.3496249914169312,-2.2274701595306396,1.0296587944030762,2.1403732299804688,-1.1862618923187256
2.097524881362915,0.8298632502555847,-1.3493634462356567,-2.229498863220215,1.027644395828247,2.1427717208862305,-1.209149718284607
2.0967330932617188,0.8269222974777222,-1.3491134643554688,-2.231520891189575,1.0256367921829224,2.1451575756073,-1.2320377826690674
2.0959370136260986,0.8239919543266296,-1.3488720655441284,-2.2335362434387207,1.0236339569091797,2.1475331783294678,-1.2549256086349487
2.095137357711792,0.8210740685462952,-1.3486407995224,-2.2355451583862305,1.021637201309204,2.1498970985412598,-1.2778135538101196
2.0943329334259033,0.8181665539741516,-1.3484177589416504,-2.2375473976135254,1.0196444988250732,2.152251720428467,-1.3007014989852905
2.0935261249542236,0.8152714967727661,-1.348205327987671,-2.2395429611206055,1.0176584720611572,2.1545939445495605,-1.3235893249511719
2.0927140712738037,0.8123871684074402,-1.3480008840560913,-2.24153208732605,1.015676498413086,2.1569266319274902,-1.3464772701263428
2.0918989181518555,0.8095141649246216,-1.3478062152862549,-2.2435145378112793,1.013700008392334,2.1592483520507812,-1.3693650960922241
2.0910804271698,0.8066529631614685,-1.347620964050293,-2.245490074157715,1.0117287635803223,2.1615588665008545,-1.392253041267395
2.090257167816162,0.803801953792572,-1.3474440574645996,-2.2474589347839355,1.009761929512024,2.1638598442077637,-1.415140986442566
2.089430809020996,0.8009625673294067,-1.3472764492034912,-2.2494215965270996,1.0078002214431763,2.166149854660034,-1.4380289316177368
2.0886008739471436,0.7981339693069458,-1.3471179008483887,-2.2513771057128906,1.0058434009552002,2.168428897857666,-1.4609167575836182
2.087766170501709,0.7953157424926758,-1.346967101097107,-2.253326416015625,1.003889799118042,2.170699119567871,-1.483804702758789
2.0869274139404297,0.7925077080726624,-1.3468246459960938,-2.2552690505981445,1.001941204071045,2.172959327697754,-1.50669264793396
2.0860860347747803,0.7897114157676697,-1.3466918468475342,-2.25720477104187,0.9999975562095642,2.17520809173584,-1.5295805931091309
2.085239887237549,0.7869246006011963,-1.346566915512085,-2.259133815765381,0.9980571866035461,2.177448034286499,-1.5524684190750122
2.084390163421631,0.784148097038269,-1.3464502096176147,-2.261056661605835,0.9961209893226624,2.179678201675415,-1.575356364250183
2.083536386489868,0.781382143497467,-1.346341609954834,-2.262972831726074,0.9941892027854919,2.1818981170654297,-1.598244309425354
2.08267879486084,0.7786267995834351,-1.3462417125701904,-2.2648820877075195,0.9922615885734558,2.184108018875122,-1.6211321353912354
2.081817626953125,0.7758815884590149,-1.3461501598358154,-2.26678466796875,0.9903375506401062,2.1863081455230713,-1.6440200805664062
2.080951690673828,0.7731451392173767,-1.3460652828216553,-2.2686808109283447,0.988416314125061,2.188500165939331,-1.6669079065322876
2.080083131790161,0.7704201936721802,-1.3459898233413696,-2.2705702781677246,0.9865003824234009,2.190680503845215,-1.689795970916748
2.079209804534912,0.7677043676376343,-1.3459217548370361,-2.2724528312683105,0.984587550163269,2.19285249710083,-1.712683916091919
2.0783324241638184,0.7649979591369629,-1.3458607196807861,-2.2743289470672607,0.9826773405075073,2.1950156688690186,-1.7355717420578003
2.077451229095459,0.7623021006584167,-1.3458081483840942,-2.276198387145996,0.9807711243629456,2.1971685886383057,-1.7584596872329712
2.076566219329834,0.7596160173416138,-1.3457632064819336,-2.2780611515045166,0.9788686633110046,2.1993119716644287,-1.7813475131988525
2.0756771564483643,0.7569385170936584,-1.3457252979278564,-2.2799174785614014,0.9769684672355652,2.2014472484588623,-1.804235577583313
2.074784278869629,0.7542717456817627,-1.3456958532333374,-2.281766653060913,0.9750726819038391,2.2035720348358154,-1.8271234035491943
2.0738883018493652,0.7516141533851624,-1.3456741571426392,-2.283609628677368,0.9731801152229309,2.2056877613067627,-1.8500113487243652
2.072986364364624,0.7489643692970276,-1.3456577062606812,-2.2854459285736084,0.9712889194488525,2.207796096801758,-1.8728991746902466
2.072082042694092,0.7463257312774658,-1.3456504344940186,-2.2872753143310547,0.9694021344184875,2.2098937034606934,-1.8957871198654175
2.0711727142333984,0.7436957359313965,-1.3456493616104126,-2.289098024368286,0.9675173163414001,2.2119834423065186,-1.9186750650405884
2.0702600479125977,0.7410752177238464,-1.345656156539917,-2.2909140586853027,0.9656363725662231,2.2140634059906006,-1.9415628910064697
2.0693435668945312,0.7384637594223022,-1.3456701040267944,-2.2927236557006836,0.9637578725814819,2.216134786605835,-1.9644508361816406
2.0684220790863037,0.7358606457710266,-1.3456900119781494,-2.2945263385772705,0.9618816375732422,2.218197822570801,-1.987338662147522
2.067497968673706,0.7332677841186523,-1.345718264579773,-2.2963223457336426,0.9600085616111755,2.2202510833740234,-2.0102264881134033
2.0665693283081055,0.7306838631629944,-1.3457534313201904,-2.2981116771698,0.9581379890441895,2.2222957611083984,-2.0331146717071533
2.065636157989502,0.7281081676483154,-1.345794439315796,-2.2998945713043213,0.9562697410583496,2.224332332611084,-2.056002378463745
2.064699172973633,0.7255415916442871,-1.345842719078064,-2.301670551300049,0.9544040560722351,2.2263600826263428,-2.078890323638916
2.063758373260498,0.7229838371276855,-1.3458977937698364,-2.3034396171569824,0.9525404572486877,2.228379249572754,-2.101778268814087
2.0628137588500977,0.7204350233078003,-1.345960021018982,-2.3052022457122803,0.9506798386573792,2.23038911819458,-2.124666213989258
2.061863422393799,0.7178944945335388,-1.34602689743042,-2.3069581985473633,0.9488211274147034,2.2323920726776123,-2.1475541591644287
2.060910701751709,0.7153627872467041,-1.3461021184921265,-2.3087072372436523,0.9469639658927917,2.2343854904174805,-2.1704418659210205
2.059952735900879,0.7128399014472961,-1.3461828231811523,-2.3104496002197266,0.9451097846031189,2.236370801925659,-2.1933298110961914
2.0589919090270996,0.7103258371353149,-1.3462709188461304,-2.312185287475586,0.9432574510574341,2.238347291946411,-2.2162177562713623
2.05802583694458,0.7078195810317993,-1.3463642597198486,-2.3139142990112305,0.9414070844650269,2.2403159141540527,-2.239105701446533
2.0570552349090576,0.7053214907646179,-1.3464633226394653,-2.31563663482666,0.9395585060119629,2.242276906967163,-2.261993646621704
2.0560812950134277,0.7028325796127319,-1.3465698957443237,-2.317352056503296,0.9377120733261108,2.2442286014556885,-2.284881591796875
