1.1234318017959595,0.30916932225227356,-0.2633287310600281,-2.1720826625823975,0.12719124555587769,2.4672768115997314,-1.5837000608444214
1.118182897567749,0.316630095243454,-0.2613641619682312,-2.1604552268981934,0.12852443754673004,2.4629602432250977,-1.563361644744873
1.113182544708252,0.32412955164909363,-0.25963449478149414,-2.1487512588500977,0.12991687655448914,2.4585883617401123,-1.5430232286453247
1.1084173917770386,0.33166754245758057,-0.2581271231174469,-2.136969566345215,0.13136881589889526,2.4541609287261963,-1.5226848125457764
1.103872537612915,0.33924487233161926,-0.2568293511867523,-2.1251091957092285,0.13288001716136932,2.4496772289276123,-1.502346396446228
1.0995383262634277,0.3468623459339142,-0.25573307275772095,-2.1131677627563477,0.13445161283016205,2.445136070251465,-1.4820080995559692
1.0954015254974365,0.35452136397361755,-0.2548259496688843,-2.101144313812256,0.1360834687948227,2.440537214279175,-1.461669683456421
1.091452956199646,0.36222267150878906,-0.2541009485721588,-2.0890369415283203,0.1377759873867035,2.435879945755005,-1.4413312673568726
1.0876820087432861,0.369966596364975,-0.2535487413406372,-2.0768442153930664,0.13952913880348206,2.4311633110046387,-1.4209928512573242
1.084080457687378,0.3777562379837036,-0.2531626224517822,-2.0645647048950195,0.14134393632411957,2.426387310028076,-1.4006544351577759
1.0806398391723633,0.38559114933013916,-0.2529364228248596,-2.0521955490112305,0.14322130382061005,2.4215500354766846,-1.3803160190582275
1.0773528814315796,0.3934723734855652,-0.25286465883255005,-2.039735794067383,0.1451610028743744,2.4166510105133057,-1.3599776029586792
1.074211835861206,0.4014028310775757,-0.2529398202896118,-2.0271830558776855,0.14716504514217377,2.411689043045044,-1.3396391868591309
1.0712101459503174,0.40938231348991394,-0.25315818190574646,-2.014535427093506,0.14923249185085297,2.4066638946533203,-1.3193007707595825
1.0683413743972778,0.4174138605594635,-0.253515362739563,-2.0017905235290527,0.15136580169200897,2.401573896408081,-1.2989623546600342
1.0656009912490845,0.4254974126815796,-0.2540081739425659,-1.9889463186264038,0.15356525778770447,2.3964178562164307,-1.2786240577697754
1.062981128692627,0.43363600969314575,-0.2546312212944031,-1.9760000705718994,0.15583160519599915,2.3911943435668945,-1.258285641670227
1.0604790449142456,0.44183075428009033,-0.25538334250450134,-1.9629501104354858,0.15816617012023926,2.3859031200408936,-1.2379472255706787
1.0580881834030151,0.4500829875469208,-0.25626033544540405,-1.9497928619384766,0.16057048738002777,2.3805418014526367,-1.2176088094711304
1.0558048486709595,0.45839595794677734,-0.2572607398033142,-1.9365261793136597,0.1630454659461975,2.375109910964966,-1.197270393371582
1.0536198616027832,0.46677008271217346,-0.2583773732185364,-1.923147201538086,0.16558921337127686,2.369605541229248,-1.1769319772720337
1.0515377521514893,0.4752085208892822,-0.2596170902252197,-1.909652829170227,0.16820937395095825,2.3640270233154297,-1.1565935611724854
1.0495514869689941,0.4837130010128021,-0.26097598671913147,-1.8960398435592651,0.1709052175283432,2.358372449874878,-1.1362552642822266
1.0476551055908203,0.49228623509407043,-0.2624499797821045,-1.8823052644729614,0.17367762327194214,2.3526406288146973,-1.1159167289733887
1.0458471775054932,0.5009301900863647,-0.2640403211116791,-1.8684453964233398,0.176528662443161,2.346829414367676,-1.0955783128738403
1.0441243648529053,0.5096474885940552,-0.26574695110321045,-1.8544570207595825,0.17946135997772217,2.3409371376037598,-1.0752400159835815
1.0424835681915283,0.5184415578842163,-0.2675693929195404,-1.840335726737976,0.18247707188129425,2.3349616527557373,-1.0549015998840332
1.0409204959869385,0.527314305305481,-0.26950642466545105,-1.8260778188705444,0.1855783462524414,2.3289005756378174,-1.0345631837844849
1.0394349098205566,0.5362682342529297,-0.2715614438056946,-1.811679482460022,0.18876773118972778,2.322751522064209,-1.0142247676849365
1.0380213260650635,0.5453077554702759,-0.2737317681312561,-1.797135591506958,0.19204771518707275,2.3165125846862793,-0.9938863515853882
1.0366792678833008,0.554435670375824,-0.27602124214172363,-1.7824418544769287,0.19542187452316284,2.3101806640625,-0.9735479354858398
1.0354048013687134,0.5636550784111023,-0.2784290909767151,-1.767593502998352,0.19889262318611145,2.3037538528442383,-0.9532095193862915
1.034197211265564,0.5729707479476929,-0.28095924854278564,-1.7525845766067505,0.20246456563472748,2.297227621078491,-0.9328711628913879
1.0330541133880615,0.5823848247528076,-0.2836135923862457,-1.737410068511963,0.20614118874073029,2.290599822998047,-0.9125327467918396
1.0319719314575195,0.5919031500816345,-0.2863931655883789,-1.7220640182495117,0.2099255472421646,2.283867835998535,-0.892194390296936
1.0309498310089111,0.6015291810035706,-0.28930187225341797,-1.7065402269363403,0.21382319927215576,2.277027130126953,-0.8718559145927429
1.0299853086471558,0.6112678050994873,-0.2923429608345032,-1.6908316612243652,0.2178380787372589,2.2700741291046143,-0.8515175580978394
1.0290772914886475,0.6211240887641907,-0.29552069306373596,-1.674931526184082,0.2219759225845337,2.263004779815674,-0.831179141998291
1.028222680091858,0.6311030983924866,-0.29883816838264465,-1.6588325500488281,0.22624196112155914,2.2558155059814453,-0.8108407258987427
1.0274207592010498,0.6412113904953003,-0.3023014962673187,-1.6425259113311768,0.23064246773719788,2.2485008239746094,-0.7905023694038391
1.0266697406768799,0.6514540910720825,-0.3059159517288208,-1.626003384590149,0.23518431186676025,2.241055488586426,-0.7701639533042908
1.0259678363800049,0.661837637424469,-0.30968746542930603,-1.6092560291290283,0.2398749738931656,2.2334752082824707,-0.7498255372047424
1.025312900543213,0.6723700165748596,-0.31362223625183105,-1.592273235321045,0.2447211891412735,2.2257540225982666,-0.7294871211051941
1.0247045755386353,0.6830577850341797,-0.317729115486145,-1.575044870376587,0.24973346292972565,2.2178845405578613,-0.7091487050056458
1.0241409540176392,0.6939097046852112,-0.32201647758483887,-1.5575587749481201,0.25492048263549805,2.2098612785339355,-0.6888103485107422
1.0236198902130127,0.7049343585968018,-0.3264927566051483,-1.5398030281066895,0.2602931559085846,2.201676368713379,-0.6684719324111938
0.9776161313056946,0.663323163986206,-0.28114885091781616,-1.5997815132141113,0.21820636093616486,2.232105255126953,-0.6473880410194397
0.9284471273422241,0.6249297857284546,-0.2361665964126587,-1.6559257507324219,0.17827065289020538,2.2597084045410156,-0.6263040900230408
0.8758091330528259,0.5894151926040649,-0.19067716598510742,-1.7086800336837769,0.13985803723335266,2.28481388092041,-0.6052201986312866
0.8193706274032593,0.5565521717071533,-0.14393870532512665,-1.7583825588226318,0.10249818861484528,2.3076634407043457,-0.5841363072395325
0.7587786912918091,0.5261984467506409,-0.09529194235801697,-1.8052951097488403,0.06582947075366974,2.3284382820129395,-0.5630524158477783
0.693670392036438,0.4982813596725464,-0.04413878172636032,-1.8496201038360596,0.029564179480075836,2.3472740650177,-0.5419685244560242
0.6236945390701294,0.4727845788002014,0.010056545957922935,-1.891517996788025,-0.006529151927679777,2.3642711639404297,-0.5208845734596252
0.5485380291938782,0.4497431814670563,0.06775717437267303,-1.93111252784729,-0.04264388978481293,2.379502773284912,-0.4998006820678711
0.467965692281723,0.42923611402511597,0.12932227551937103,-1.9685009717941284,-0.07894128561019897,2.393017292022705,-0.47871676087379456
0.3818731904029846,0.4113820195198059,0.19496504962444305,-2.0037572383880615,-0.115557961165905,2.4048452377319336,-0.4576328694820404
0.29034507274627686,0.39632871747016907,0.26469385623931885,-2.0369372367858887,-0.15261247754096985,2.4149985313415527,-0.43654894828796387
0.19371458888053894,0.3842456638813019,0.33826354146003723,-2.068081855773926,-0.1902066022157669,2.4234724044799805,-0.4154650568962097
0.09261427819728851,0.37531140446662903,0.4151287376880646,-2.0972185134887695,-0.22842954099178314,2.4302473068237305,-0.39438116550445557
-0.012012972496449947,0.36969730257987976,0.49443113803863525,-2.1243646144866943,-0.2673591375350952,2.4352867603302,-0.37329724431037903
-0.11893324553966522,0.36755484342575073,0.5750247836112976,-2.149528980255127,-0.3070627450942993,2.438539981842041,-0.3522133529186249
-0.22671698033809662,0.3690035045146942,0.6555736660957336,-2.1727123260498047,-0.34760117530822754,2.4399378299713135,-0.33112943172454834
-0.33385783433914185,0.3741248846054077,0.7346731424331665,-2.193911075592041,-0.38902878761291504,2.439392566680908,-0.3100455403327942
-0.4389149844646454,0.3829653859138489,0.8109943270683289,-2.2131166458129883,-0.4313944876194,2.4367971420288086,-0.28896161913871765
-0.5406535267829895,0.3955468237400055,0.8834272623062134,-2.230316400527954,-0.4747464954853058,2.432016372680664,-0.2678777277469635
-0.638114869594574,0.41188451647758484,0.9511495232582092,-2.245496988296509,-0.5191332101821899,2.4248898029327393,-0.24679380655288696
-0.730659008026123,0.4320073127746582,1.0136795043945312,-2.25864315032959,-0.5646051168441772,2.41522216796875,-0.2257099151611328
-0.8179510235786438,0.4559842646121979,1.0708591938018799,-2.269740581512451,-0.6112253665924072,2.4027743339538574,-0.20462599396705627
-0.8999055624008179,0.4839463233947754,1.1228059530258179,-2.2787744998931885,-0.6590690016746521,2.3872554302215576,-0.18354210257530212
-0.9766347408294678,0.516111433506012,1.1698634624481201,-2.2857327461242676,-0.7082378268241882,2.3683063983917236,-0.16245818138122559
-1.0483782291412354,0.5528150796890259,1.2125415802001953,-2.290604829788208,-0.7588704824447632,2.3454790115356445,-0.14137428998947144
-1.1154522895812988,0.5945456027984619,1.2514762878417969,-2.2933835983276367,-0.8111613988876343,2.3182053565979004,-0.1202903762459755
-1.2318164110183716,0.6816405653953552,1.3297983407974243,-2.312061309814453,-0.9144977331161499,2.2591397762298584,-0.12170075625181198
-1.335296392440796,0.7962934970855713,1.3995357751846313,-2.3260738849639893,-1.0271449089050293,2.1749863624572754,-0.12311112880706787
-1.4267125129699707,0.9555412530899048,1.4665732383728027,-2.335397720336914,-1.1559393405914307,2.0497517585754395,-0.12452150881290436
-1.430687665939331,0.9523323178291321,1.4688451290130615,-2.34183931350708,-1.1548563241958618,2.052751302719116,-0.1455516815185547
-1.4346764087677002,0.9491573572158813,1.4711616039276123,-2.348264217376709,-1.153792381286621,2.0557262897491455,-0.16658185422420502
-1.4386790990829468,0.9460161924362183,1.473522424697876,-2.354672908782959,-1.1527466773986816,2.0586776733398438,-0.18761202692985535
-1.4426960945129395,0.9429090619087219,1.475927710533142,-2.361065626144409,-1.151718258857727,2.0616049766540527,-0.20864219963550568
-1.4467273950576782,0.939835786819458,1.4783772230148315,-2.3674421310424805,-1.1507078409194946,2.0645084381103516,-0.229672372341156
-1.4507728815078735,0.9367958903312683,1.480870008468628,-2.3738033771514893,-1.149713397026062,2.0673892498016357,-0.25070253014564514
-1.4548320770263672,0.9337884783744812,1.4834060668945312,-2.3801486492156982,-1.1487351655960083,2.070247173309326,-0.27173271775245667
-1.4589062929153442,0.9308140277862549,1.4859856367111206,-2.3864784240722656,-1.1477727890014648,2.073082447052002,-0.2927629053592682
-1.462995171546936,0.9278729557991028,1.4886083602905273,-2.3927931785583496,-1.1468255519866943,2.075895071029663,-0.3137930631637573
-1.4670979976654053,0.9249637126922607,1.4912736415863037,-2.399092435836792,-1.1458925008773804,2.078685760498047,-0.33482322096824646
-1.4712156057357788,0.9220868349075317,1.4939812421798706,-2.40537691116333,-1.1449737548828125,2.0814547538757324,-0.3558533787727356
-1.4753481149673462,0.9192428588867188,1.4967314004898071,-2.411646604537964,-1.144068717956543,2.0842018127441406,-0.3768835663795471
-1.4794957637786865,0.9164295792579651,1.4995238780975342,-2.4179019927978516,-1.1431761980056763,2.086928606033325,-0.39791372418403625
-1.4836575984954834,0.9136485457420349,1.502358078956604,-2.424142360687256,-1.142296314239502,2.0896337032318115,-0.4189439117908478
-1.487835168838501,0.9108996987342834,1.505234718322754,-2.430368423461914,-1.1414289474487305,2.0923171043395996,-0.4399740695953369
-1.4920272827148438,0.9081829190254211,1.508152723312378,-2.436580181121826,-1.1405737400054932,2.094980001449585,-0.4610042870044708
-1.49623441696167,0.9054980278015137,1.5111124515533447,-2.4427778720855713,-1.139729619026184,2.0976216793060303,-0.4820344150066376
-1.5004570484161377,0.9028432965278625,1.5141135454177856,-2.4489619731903076,-1.1388962268829346,2.1002440452575684,-0.5030645728111267
-1.5046948194503784,0.9002216458320618,1.5171561241149902,-2.455132007598877,-1.1380740404129028,2.102844715118408,-0.5240947604179382
-1.5089471340179443,0.8976296782493591,1.5202393531799316,-2.4612882137298584,-1.1372601985931396,2.105426788330078,-0.5451249480247498
-1.51321542263031,0.8950707912445068,1.5233639478683472,-2.46743106842041,-1.1364576816558838,2.107987403869629,-0.5661550760269165
-1.5174987316131592,0.8925429582595825,1.5265294313430786,-2.473560333251953,-1.1356638669967651,2.1105284690856934,-0.587185263633728
-1.5217970609664917,0.8900460600852966,1.5297353267669678,-2.4796762466430664,-1.1348788738250732,2.1130499839782715,-0.6082154512405396
-1.5261114835739136,0.8875813484191895,1.5329827070236206,-2.48577880859375,-1.1341025829315186,2.115551233291626,-0.6292456388473511
-1.5304406881332397,0.8851471543312073,1.536270022392273,-2.491868495941162,-1.1333342790603638,2.1180334091186523,-0.6502757668495178
-1.534785270690918,0.8827444911003113,1.539597511291504,-2.497945547103882,-1.1325732469558716,2.1204962730407715,-0.6713059544563293
-1.539145588874817,0.8803735971450806,1.5429658889770508,-2.504009485244751,-1.1318199634552002,2.122939348220825,-0.6923360824584961
-1.5435206890106201,0.8780328035354614,1.546373724937439,-2.5100607872009277,-1.1310725212097168,2.1253645420074463,-0.7133663296699524
-1.547911524772644,0.8757246136665344,1.549822211265564,-2.516099452972412,-1.1303327083587646,2.1277692317962646,-0.7343964576721191
-1.5523180961608887,0.8734481334686279,1.553310751914978,-2.522125720977783,-1.1295989751815796,2.130154609680176,-0.7554266452789307
-1.556740164756775,0.871203601360321,1.5568395853042603,-2.528139591217041,-1.128871202468872,2.1325206756591797,-0.7764567732810974
-1.5611764192581177,0.8689889907836914,1.5604069232940674,-2.5341410636901855,-1.128148078918457,2.1348695755004883,-0.7974870800971985
-1.5656291246414185,0.8668078184127808,1.5640150308609009,-2.540130615234375,-1.12743079662323,2.137197732925415,-0.8185172080993652
-1.570096731185913,0.8646588325500488,1.5676624774932861,-2.546107769012451,-1.126718282699585,2.1395070552825928,-0.839547336101532
-1.5745799541473389,0.8625401258468628,1.5713496208190918,-2.5520734786987305,-1.1260091066360474,2.141798496246338,-0.8605774641036987
-1.5790777206420898,0.8604536652565002,1.5750757455825806,-2.5580270290374756,-1.1253046989440918,2.144071102142334,-0.881607711315155
-1.5835907459259033,0.8584006428718567,1.5788410902023315,-2.5639686584472656,-1.1246042251586914,2.1463241577148438,-0.9026378393173218
-1.588119626045227,0.8563792109489441,1.5826462507247925,-2.569899082183838,-1.1239070892333984,2.1485586166381836,-0.9236680269241333
-1.5926626920700073,0.8543896079063416,1.5864901542663574,-2.575817584991455,-1.1232116222381592,2.1507749557495117,-0.9446982145309448
-1.59722101688385,0.8524335622787476,1.590372920036316,-2.5817251205444336,-1.1225204467773438,2.1529719829559326,-0.9657284021377563
-1.601793646812439,0.8505092263221741,1.5942941904067993,-2.587620735168457,-1.1218303442001343,2.155150890350342,-0.9867585301399231
-1.6063822507858276,0.8486188650131226,1.5982552766799927,-2.593505620956421,-1.1211426258087158,2.1573102474212646,-1.0077886581420898
-1.6109838485717773,0.8467603921890259,1.6022536754608154,-2.599379062652588,-1.1204559803009033,2.159451961517334,-1.0288188457489014
-1.6156013011932373,0.8449353575706482,1.6062917709350586,-2.605241537094116,-1.1197707653045654,2.161574363708496,-1.049849033355713
-1.6202330589294434,0.8431446552276611,1.6103683710098267,-2.6110928058624268,-1.1190869808197021,2.163677215576172,-1.070879340171814
-1.6248782873153687,0.8413867354393005,1.6144821643829346,-2.6169333457946777,-1.1184035539627075,2.1657626628875732,-1.091909408569336
-1.6295381784439087,0.839662492275238,1.618634819984436,-2.622763156890869,-1.1177196502685547,2.1678290367126465,-1.1129395961761475
-1.634211540222168,0.8379724025726318,1.622825264930725,-2.6285817623138428,-1.11703622341156,2.1698760986328125,-1.1339696645736694
-1.6388992071151733,0.8363166451454163,1.6270538568496704,-2.634390115737915,-1.1163520812988281,2.1719045639038086,-1.154999852180481
-1.6436010599136353,0.8346955180168152,1.6313209533691406,-2.6401877403259277,-1.1156668663024902,2.1739134788513184,-1.1760300397872925
-1.6483157873153687,0.833104133605957,1.6356250047683716,-2.6459755897521973,-1.1149777173995972,2.175907850265503,-1.197060227394104
-1.653043508529663,0.831552267074585,1.639966368675232,-2.651752471923828,-1.1142898797988892,2.177879571914673,-1.2180904150009155
-1.6577842235565186,0.8300360441207886,1.6443451642990112,-2.6575186252593994,-1.113600492477417,2.1798315048217773,-1.239120602607727
-1.6625378131866455,0.8285546898841858,1.6487611532211304,-2.6632747650146484,-1.1129088401794434,2.181764841079712,-1.260150671005249
-1.6673039197921753,0.8271086812019348,1.6532142162322998,-2.669020891189575,-1.1122140884399414,2.1836791038513184,-1.28118097782135
-1.672082781791687,0.8256990909576416,1.6577043533325195,-2.6747567653656006,-1.1115164756774902,2.1855738162994385,-1.302211046218872
-1.6768735647201538,0.8243246078491211,1.662231206893921,-2.6804823875427246,-1.110815405845642,2.1874496936798096,-1.3232412338256836
-1.6816763877868652,0.8229880332946777,1.666794776916504,-2.6861982345581055,-1.1101107597351074,2.189305067062378,-1.3442714214324951
-1.686490535736084,0.8216856718063354,1.6713947057724,-2.6919045448303223,-1.1094011068344116,2.191143035888672,-1.3653016090393066
-1.6913158893585205,0.8204224705696106,1.6760305166244507,-2.6976003646850586,-1.108688473701477,2.1929593086242676,-1.3863317966461182
-1.7255452871322632,0.8222256898880005,1.681024432182312,-2.7040374279022217,-1.1101406812667847,2.1923792362213135,-1.4166181087493896
-1.75888991355896,0.8248234987258911,1.685232400894165,-2.709596633911133,-1.1120938062667847,2.1910297870635986,-1.4469043016433716
-1.7913025617599487,0.8281064033508301,1.6886461973190308,-2.7142767906188965,-1.114478349685669,2.1889936923980713,-1.477190613746643
-1.8227438926696777,0.8319661021232605,1.6912692785263062,-2.718078136444092,-1.1172258853912354,2.186354160308838,-1.507476806640625
-1.8531808853149414,0.8362972736358643,1.6931135654449463,-2.7210023403167725,-1.1202661991119385,2.183194637298584,-1.5377631187438965
-1.8825877904891968,0.8409942388534546,1.6942002773284912,-2.723052740097046,-1.1235296726226807,2.179600477218628,-1.5680493116378784
-1.9109456539154053,0.8459524512290955,1.6945581436157227,-2.724233627319336,-1.1269456148147583,2.175657033920288,-1.59833562374115
-1.938239336013794,0.8510692715644836,1.6942198276519775,-2.7245519161224365,-1.130444884300232,2.1714513301849365,-1.6286219358444214
-1.9644581079483032,0.8562451601028442,1.6932220458984375,-2.724015474319458,-1.1339598894119263,2.1670689582824707,-1.6589081287384033
-1.9895955324172974,0.8613836765289307,1.6916006803512573,-2.7226336002349854,-1.1374238729476929,2.1625945568084717,-1.6891943216323853
-2.01364803314209,0.8663862943649292,1.6893960237503052,-2.7204174995422363,-1.140770673751831,2.1581146717071533,-1.7194806337356567
-2.0366125106811523,0.8711632490158081,1.6866443157196045,-2.717378616333008,-1.1439383029937744,2.1537110805511475,-1.7497669458389282
-2.05849027633667,0.8756267428398132,1.6833826303482056,-2.7135305404663086,-1.1468653678894043,2.149463176727295,-1.7800531387329102
-2.064945936203003,0.8040839433670044,1.6896226406097412,-2.7122766971588135,-1.0972955226898193,2.2084028720855713,-1.8122388124465942
-2.070751667022705,0.7412891387939453,1.6959881782531738,-2.7108500003814697,-1.0496697425842285,2.258828639984131,-1.8444244861602783
-2.0760154724121094,0.6853528618812561,1.7024401426315308,-2.709240436553955,-1.003462791442871,2.3025076389312744,-1.8766101598739624
-2.080806016921997,0.6349318623542786,1.7089424133300781,-2.7074391841888428,-0.9583202004432678,2.3406944274902344,-1.9087958335876465
-2.0851683616638184,0.5890364050865173,1.715463638305664,-2.7054367065429688,-0.9139953255653381,2.3743107318878174,-1.9409815073013306
-2.0891292095184326,0.5469049215316772,1.7219700813293457,-2.703223466873169,-0.8703071475028992,2.4040629863739014,-1.973167061805725
-2.0927071571350098,0.5079430341720581,1.7284308671951294,-2.700791358947754,-0.8271210789680481,2.4304983615875244,-2.005352735519409
-2.095906972885132,0.4716719686985016,1.7348097562789917,-2.6981310844421387,-0.784335196018219,2.454054355621338,-2.037538528442383
-2.098727226257324,0.4377018213272095,1.7410688400268555,-2.6952342987060547,-0.7418707609176636,2.475083351135254,-2.0697240829467773
-2.1011605262756348,0.4057089388370514,1.7471685409545898,-2.6920924186706543,-0.6996660232543945,2.4938724040985107,-2.101909875869751
-2.103189706802368,0.37542179226875305,1.7530629634857178,-2.6886978149414062,-0.6576728820800781,2.5106589794158936,-2.1340954303741455
-2.1047890186309814,0.3466086983680725,1.7586970329284668,-2.685042381286621,-0.6158521175384521,2.525641918182373,-2.16628098487854
-2.1059231758117676,0.31907057762145996,1.7640103101730347,-2.681118965148926,-0.5741722583770752,2.5389862060546875,-2.1984667778015137
