1.1358871459960938,0.8507198095321655,-0.38040387630462646,-1.3004817962646484,0.3273904323577881,2.090444803237915,-1.645207166671753
1.1523391008377075,0.8471135497093201,-0.39363566040992737,-1.3114776611328125,0.3380982279777527,2.093393325805664,-1.6232295036315918
1.1688737869262695,0.8437818884849548,-0.40689441561698914,-1.322160243988037,0.34881481528282166,2.0961313247680664,-1.6012518405914307
1.1854870319366455,0.8407208919525146,-0.42018020153045654,-1.332540512084961,0.35954397916793823,2.098663330078125,-1.57927405834198
1.202176809310913,0.8379275798797607,-0.43349698185920715,-1.3426272869110107,0.370292067527771,2.1009910106658936,-1.5572963953018188
1.2189379930496216,0.8353989124298096,-0.4468439817428589,-1.352428913116455,0.38106203079223633,2.1031179428100586,-1.5353187322616577
1.2357680797576904,0.8331335783004761,-0.46022364497184753,-1.361952543258667,0.3918594419956207,2.1050450801849365,-1.5133410692214966
1.2526620626449585,0.8311291933059692,-0.47363531589508057,-1.3712060451507568,0.40268662571907043,2.106776237487793,-1.4913634061813354
1.2696168422698975,0.829383909702301,-0.4870803654193878,-1.3801965713500977,0.4135492742061615,2.1083106994628906,-1.4693856239318848
1.2866283655166626,0.8278979659080505,-0.5005601048469543,-1.3889291286468506,0.42445090413093567,2.109649658203125,-1.4474079608917236
1.30369234085083,0.8266695737838745,-0.5140737295150757,-1.3974103927612305,0.43539512157440186,2.110795021057129,-1.4254302978515625
1.3208037614822388,0.8256977796554565,-0.5276203751564026,-1.4056458473205566,0.4463849365711212,2.1117475032806396,-1.4034525156021118
1.3379602432250977,0.8249836564064026,-0.5412030816078186,-1.4136395454406738,0.4574258029460907,2.11250638961792,-1.3814749717712402
1.35515558719635,0.8245264291763306,-0.5548190474510193,-1.4213972091674805,0.46852031350135803,2.1130716800689697,-1.3594971895217896
1.37238609790802,0.8243270516395569,-0.5684696435928345,-1.428922414779663,0.4796721041202545,2.113443613052368,-1.3375195264816284
1.389648199081421,0.8243855834007263,-0.5821552872657776,-1.4362196922302246,0.49088597297668457,2.1136207580566406,-1.3155418634414673
1.4069359302520752,0.8247036933898926,-0.5958749651908875,-1.4432923793792725,0.5021651983261108,2.113603115081787,-1.2935640811920166
1.4242454767227173,0.8252813816070557,-0.6096288561820984,-1.4501452445983887,0.5135136842727661,2.113389730453491,-1.2715864181518555
1.4415717124938965,0.8261215090751648,-0.6234166026115417,-1.456779956817627,0.5249340534210205,2.112978458404541,-1.2496087551116943
1.4589109420776367,0.8272247314453125,-0.637239396572113,-1.4632010459899902,0.536432147026062,2.112368106842041,-1.2276310920715332
1.4762574434280396,0.8285936713218689,-0.6510961055755615,-1.4694104194641113,0.5480113625526428,2.1115570068359375,-1.205653429031372
1.493607521057129,0.8302302360534668,-0.6649881601333618,-1.4754114151000977,0.5596758127212524,2.1105422973632812,-1.183675765991211
1.510952115058899,0.8321346640586853,-0.678909182548523,-1.4812071323394775,0.5714241862297058,2.1093244552612305,-1.1616979837417603
1.528294324874878,0.8343139290809631,-0.6928712725639343,-1.4867990016937256,0.5832712650299072,2.107896327972412,-1.1397203207015991
1.5456247329711914,0.836769163608551,-0.7068690657615662,-1.492189884185791,0.5952161550521851,2.106257677078247,-1.117742657661438
1.5454840660095215,0.8257429003715515,-0.7028167247772217,-1.5085797309875488,0.5887165665626526,2.114863872528076,-1.0965993404388428
1.5453312397003174,0.8149074912071228,-0.6990238428115845,-1.5247211456298828,0.5824509859085083,2.123298406600952,-1.075455904006958
1.5451674461364746,0.8042510747909546,-0.6954747438430786,-1.5406255722045898,0.5764032602310181,2.131570339202881,-1.0543125867843628
1.5449930429458618,0.7937657833099365,-0.6921547055244446,-1.556302547454834,0.5705567598342896,2.1396875381469727,-1.0331692695617676
1.5448083877563477,0.7834421396255493,-0.6890501379966736,-1.5717618465423584,0.564896821975708,2.1476571559906006,-1.0120258331298828
1.5446140766143799,0.7732716202735901,-0.6861490607261658,-1.5870120525360107,0.5594106912612915,2.1554858684539795,-0.9908825159072876
1.544411063194275,0.7632465958595276,-0.6834410429000854,-1.6020612716674805,0.5540858507156372,2.1631805896759033,-0.9697391390800476
1.5441993474960327,0.7533603310585022,-0.6809157729148865,-1.6169178485870361,0.5489106178283691,2.1707468032836914,-0.9485958218574524
1.5439794063568115,0.7436060905456543,-0.6785642504692078,-1.6315882205963135,0.5438754558563232,2.178189992904663,-0.9274524450302124
1.5437521934509277,0.7339780926704407,-0.6763789653778076,-1.646079421043396,0.5389715433120728,2.1855146884918213,-0.9063090682029724
1.5435173511505127,0.7244709134101868,-0.6743506193161011,-1.6603975296020508,0.5341877341270447,2.1927266120910645,-0.8851657509803772
1.5432757139205933,0.7150782942771912,-0.6724737286567688,-1.674548864364624,0.529517650604248,2.199829578399658,-0.8640223741531372
1.5430288314819336,0.7057965397834778,-0.6707431674003601,-1.6885385513305664,0.5249547958374023,2.20682692527771,-0.8428789973258972
1.5427757501602173,0.696620523929596,-0.6691511273384094,-1.7023721933364868,0.520490288734436,2.2137231826782227,-0.8217356204986572
1.5425186157226562,0.6875454783439636,-0.6676945090293884,-1.7160545587539673,0.5161188244819641,2.2205209732055664,-0.800592303276062
1.542256236076355,0.6785688400268555,-0.6663669943809509,-1.7295899391174316,0.5118341445922852,2.227224588394165,-0.779448926448822
1.5419907569885254,0.6696852445602417,-0.665165364742279,-1.742983341217041,0.507630467414856,2.2338366508483887,-0.7583056092262268
1.541721224784851,0.6608921885490417,-0.6640844941139221,-1.756238579750061,0.503502368927002,2.2403600215911865,-0.7371622323989868
1.541450023651123,0.6521857380867004,-0.6631225347518921,-1.7693597078323364,0.4994455575942993,2.2467973232269287,-0.7160188555717468
1.5411767959594727,0.6435621380805969,-0.6622750163078308,-1.782350778579712,0.49545425176620483,2.2531514167785645,-0.6948755383491516
1.540902018547058,0.6350201368331909,-0.6615391969680786,-1.7952147722244263,0.49152523279190063,2.2594242095947266,-0.6737321615219116
1.540626883506775,0.6265556216239929,-0.6609125733375549,-1.8079555034637451,0.4876541495323181,2.2656185626983643,-0.6525887846946716
1.5403517484664917,0.6181666254997253,-0.6603928208351135,-1.8205758333206177,0.4838368892669678,2.2717361450195312,-0.6314454078674316
1.540076732635498,0.6098495125770569,-0.6599770188331604,-1.8330793380737305,0.4800688326358795,2.2777795791625977,-0.6103020906448364
1.5398050546646118,0.6016033887863159,-0.6596654653549194,-1.8454681634902954,0.4763488173484802,2.2837493419647217,-0.5891587734222412
1.5395338535308838,0.5934246778488159,-0.6594525575637817,-1.857745885848999,0.47267022728919983,2.289649486541748,-0.5680153369903564
1.539267659187317,0.5853120684623718,-0.6593415141105652,-1.8699145317077637,0.4690330922603607,2.2954792976379395,-0.5468720197677612
1.5390046834945679,0.577263355255127,-0.6593273878097534,-1.881976842880249,0.4654321074485779,2.301241874694824,-0.5257286429405212
1.5387481451034546,0.5692762732505798,-0.6594119071960449,-1.893935203552246,0.46186667680740356,2.3069381713867188,-0.504585325717926
1.538496494293213,0.5613492131233215,-0.6595914363861084,-1.9057917594909668,0.45833173394203186,2.312570095062256,-0.48344191908836365
1.5382530689239502,0.5534803867340088,-0.6598675847053528,-1.9175488948822021,0.4548266530036926,2.3181381225585938,-0.46229857206344604
1.5380178689956665,0.5456680059432983,-0.6602388620376587,-1.9292086362838745,0.4513472318649292,2.3236441612243652,-0.44115525484085083
1.5377923250198364,0.5379103422164917,-0.6607049107551575,-1.9407732486724854,0.4478919804096222,2.329089641571045,-0.42001184821128845
1.5375776290893555,0.5302063822746277,-0.6612660884857178,-1.9522440433502197,0.44445866346359253,2.334475040435791,-0.39886853098869324
1.5373733043670654,0.522554337978363,-0.6619195342063904,-1.9636231660842896,0.44104427099227905,2.3398022651672363,-0.37772518396377563
1.537184238433838,0.5149527192115784,-0.6626703143119812,-1.974912166595459,0.43764790892601013,2.34507155418396,-0.35658174753189087
1.537009358406067,0.507400393486023,-0.663515031337738,-1.98611319065094,0.4342666268348694,2.3502843379974365,-0.33543840050697327
1.5368499755859375,0.4998965561389923,-0.6644548177719116,-1.9972273111343384,0.4308989942073822,2.3554418087005615,-0.31429508328437805
1.5367097854614258,0.49243876338005066,-0.6654918789863586,-2.008255958557129,0.42754241824150085,2.360543727874756,-0.29315173625946045
1.5365880727767944,0.48502734303474426,-0.6666247248649597,-2.0192012786865234,0.42419496178627014,2.3655922412872314,-0.27200838923454285
1.5364875793457031,0.4776601791381836,-0.6678552627563477,-2.030064582824707,0.4208559989929199,2.3705878257751465,-0.25086498260498047
1.5364108085632324,0.47033607959747314,-0.6691856384277344,-2.040846347808838,0.4175229072570801,2.375530242919922,-0.22972163558006287
1.5363584756851196,0.4630548059940338,-0.6706150770187378,-2.0515482425689697,0.41419321298599243,2.3804216384887695,-0.20857828855514526
1.5363346338272095,0.45581528544425964,-0.672147810459137,-2.0621719360351562,0.4108675718307495,2.385261297225952,-0.18743494153022766
1.536338210105896,0.4486159384250641,-0.6737817525863647,-2.0727181434631348,0.40754184126853943,2.3900513648986816,-0.16629162430763245
1.5363749265670776,0.4414568841457367,-0.6755223870277405,-2.083188533782959,0.4042161703109741,2.3947908878326416,-0.14514818787574768
1.5364446640014648,0.4343361258506775,-0.6773689389228821,-2.093583345413208,0.4008878469467163,2.399481773376465,-0.12400484830141068
1.5365527868270874,0.4272541105747223,-0.6793263554573059,-2.1039040088653564,0.3975566327571869,2.404123067855835,-0.10286151617765427
1.536698818206787,0.42020946741104126,-0.6813938617706299,-2.1141517162323,0.39421969652175903,2.408717155456543,-0.08171816915273666
1.536887764930725,0.4132016599178314,-0.6835759878158569,-2.1243271827697754,0.39087679982185364,2.4132630825042725,-0.060574840754270554
1.5371224880218506,0.40622979402542114,-0.6858755350112915,-2.1344313621520996,0.38752609491348267,2.4177615642547607,-0.039431411772966385
1.5374068021774292,0.39929309487342834,-0.6882960200309753,-2.1444649696350098,0.38416510820388794,2.422213554382324,-0.01828806847333908
1.5377435684204102,0.39239126443862915,-0.6908383965492249,-2.154428720474243,0.38079437613487244,2.4266185760498047,0.0028552766889333725
1.5381357669830322,0.38552412390708923,-0.6935086250305176,-2.1643238067626953,0.37741169333457947,2.430978298187256,0.023998606950044632
1.5385903120040894,0.3786901831626892,-0.6963122487068176,-2.1741507053375244,0.374015748500824,2.435291290283203,0.045141953974962234
1.5391075611114502,0.3718898296356201,-0.6992490887641907,-2.1839098930358887,0.3706049621105194,2.4395594596862793,0.0662853792309761
1.5396965742111206,0.36512187123298645,-0.7023286819458008,-2.1936025619506836,0.36717870831489563,2.443781852722168,0.08742872625589371
1.5403573513031006,0.3583871126174927,-0.7055504322052002,-2.2032289505004883,0.3637350797653198,2.447960376739502,0.10857203602790833
1.5410999059677124,0.3516837954521179,-0.7089248895645142,-2.21278977394104,0.3602733612060547,2.4520931243896484,0.12971538305282593
1.541926622390747,0.34501218795776367,-0.7124539017677307,-2.222285747528076,0.35679104924201965,2.4561824798583984,0.1508588194847107
1.5428444147109985,0.3383718729019165,-0.7161451578140259,-2.231717109680176,0.35328879952430725,2.4602272510528564,0.1720021665096283
1.5438597202301025,0.33176273107528687,-0.7200045585632324,-2.241084575653076,0.3497640788555145,2.464228391647339,0.1931454837322235
1.544980764389038,0.3251843750476837,-0.7240407466888428,-2.2503883838653564,0.34621644020080566,2.4681854248046875,0.2142888307571411
1.5462125539779663,0.3186362683773041,-0.7282590270042419,-2.259629249572754,0.3426440954208374,2.4720993041992188,0.23543217778205872
1.547566533088684,0.31211861968040466,-0.7326708436012268,-2.2688076496124268,0.339046448469162,2.475968837738037,0.2565755844116211
1.549048662185669,0.30563145875930786,-0.7372820377349854,-2.277923822402954,0.3354220688343048,2.479795455932617,0.2777189314365387
1.550668478012085,0.29917410016059875,-0.7421029806137085,-2.286978006362915,0.33176979422569275,2.483579158782959,0.2988622784614563
1.452317237854004,0.3007650375366211,-0.6485251188278198,-2.258758068084717,0.29543980956077576,2.479749917984009,0.32953089475631714
1.3552404642105103,0.3049975037574768,-0.5556595325469971,-2.229951858520508,0.2590332329273224,2.474869728088379,0.360199511051178
1.2606863975524902,0.3118053674697876,-0.4647245407104492,-2.200533866882324,0.22250069677829742,2.4689416885375977,0.3908681273460388
1.1696667671203613,0.32109901309013367,-0.37669637799263,-2.1704764366149902,0.18578633666038513,2.4619626998901367,0.42153674364089966
1.0829232931137085,0.33276885747909546,-0.29227542877197266,-2.13974928855896,0.14883257448673248,2.4539194107055664,0.4522053599357605
1.0009102821350098,0.34670326113700867,-0.211867555975914,-2.10831880569458,0.11157175898551941,2.444789409637451,0.48287397623062134
0.9238302707672119,0.3627941608428955,-0.1356182098388672,-2.076148509979248,0.07393158227205276,2.434541702270508,0.5135425925254822
0.8516800999641418,0.3809521198272705,-0.06345801800489426,-2.0431971549987793,0.03582846000790596,2.4231362342834473,0.544211208820343
0.7843080759048462,0.40110570192337036,0.004843897186219692,-2.0094199180603027,-0.0028326986357569695,2.4105191230773926,0.5748798251152039
0.7214623689651489,0.42321228981018066,0.06963223218917847,-1.974765419960022,-0.042160533368587494,2.3966264724731445,0.6055484414100647
0.6628338694572449,0.4472583532333374,0.13132640719413757,-1.939177393913269,-0.08228261768817902,2.381380558013916,0.6362170577049255
0.6080874800682068,0.47326338291168213,0.19039463996887207,-1.9025912284851074,-0.12334725260734558,2.3646836280822754,0.6668856739997864
0.5568839907646179,0.5012826919555664,0.2473364919424057,-1.8649340867996216,-0.16553393006324768,2.3464202880859375,0.6975542902946472
0.6013112664222717,0.49906304478645325,0.19388273358345032,-1.8605083227157593,-0.1296457052230835,2.3474504947662354,0.6657193303108215
0.6460536122322083,0.4982196092605591,0.14008007943630219,-1.855762243270874,-0.09369879961013794,2.347662925720215,0.6338844299316406
0.690931499004364,0.4987561106681824,0.086075060069561,-1.8506931066513062,-0.05766262859106064,2.3470611572265625,0.6020494699478149
0.7357635498046875,0.50067538022995,0.03201514109969139,-1.8452972173690796,-0.02150583267211914,2.3456411361694336,0.5702145099639893
0.7803698778152466,0.503982663154602,-0.021954286843538284,-1.839571237564087,0.014804529957473278,2.3433969020843506,0.5383796095848083
0.8245784640312195,0.5086821913719177,-0.07569793611764908,-1.8335117101669312,0.05130273848772049,2.3403167724609375,0.5065446496009827
0.8682280778884888,0.5147814154624939,-0.12909285724163055,-1.8271150588989258,0.08802447468042374,2.3363852500915527,0.474709689617157
0.9111701846122742,0.522287905216217,-0.1820303499698639,-1.8203773498535156,0.12500889599323273,2.3315796852111816,0.4428747594356537
0.9532740712165833,0.5312134623527527,-0.23442323505878448,-1.8132957220077515,0.16229721903800964,2.3258743286132812,0.4110398292541504
0.994425892829895,0.5415745973587036,-0.28620457649230957,-1.8058655261993408,0.1999351978302002,2.319237470626831,0.3792048990726471
1.0345299243927002,0.5533909201622009,-0.33732905983924866,-1.7980830669403076,0.2379721701145172,2.311628818511963,0.3473699390888214
1.0735111236572266,0.5666916370391846,-0.38777780532836914,-1.7899442911148071,0.27646446228027344,2.3030028343200684,0.3155350089073181
1.1113104820251465,0.5815125703811646,-0.437553733587265,-1.781444787979126,0.31547456979751587,2.293304681777954,0.2837000787258148
1.1478873491287231,0.5979005098342896,-0.48668527603149414,-1.7725801467895508,0.3550730347633362,2.2824695110321045,0.25186511874198914
1.1832163333892822,0.6159161925315857,-0.5352261662483215,-1.763345718383789,0.395340234041214,2.270421266555786,0.22003018856048584
1.2172843217849731,0.6356346607208252,-0.5832525491714478,-1.7537364959716797,0.4363696277141571,2.257070779800415,0.18819522857666016
1.250091791152954,0.6571511626243591,-0.6308690905570984,-1.7437474727630615,0.4782700538635254,2.2423107624053955,0.15636032819747925
1.2816472053527832,0.680584728717804,-0.6782056093215942,-1.7333734035491943,0.5211691856384277,2.226015567779541,0.12452536076307297
1.3119659423828125,0.7060838937759399,-0.7254209518432617,-1.7226080894470215,0.5652199387550354,2.208033561706543,0.09269044548273087
1.3410710096359253,0.7338361740112305,-0.7727121114730835,-1.7114455699920654,0.6106082201004028,2.1881792545318604,0.06085548177361488
1.3689854145050049,0.7640765905380249,-0.8203140497207642,-1.6998794078826904,0.6575609445571899,2.1662278175354004,0.029020564630627632
1.3957350254058838,0.7971069812774658,-0.8685178160667419,-1.6879026889801025,0.7063647508621216,2.1418964862823486,-0.002814398379996419
1.4213428497314453,0.833318829536438,-0.9176860451698303,-1.675507664680481,0.7573865652084351,2.1148247718811035,-0.034649305045604706
1.4458262920379639,0.8732303977012634,-0.968281090259552,-1.6626865863800049,0.8111099600791931,2.084545373916626,-0.06648427248001099
1.4691976308822632,0.9175527691841125,-1.0209252834320068,-1.6494303941726685,0.8682007789611816,2.050420045852661,-0.09831919521093369
1.491446614265442,0.9672946929931641,-1.076474666595459,-1.6357301473617554,0.9296016693115234,2.0115575790405273,-0.13015414774417877
1.4907578229904175,0.9429023265838623,-1.0662574768066406,-1.6645065546035767,0.9121704697608948,2.031360149383545,-0.11065828055143356
1.4899057149887085,0.9194997549057007,-1.0573687553405762,-1.6924996376037598,0.895963191986084,2.0502893924713135,-0.09116241335868835
1.488893985748291,0.8969711065292358,-1.0496433973312378,-1.7197558879852295,0.880797803401947,2.0684425830841064,-0.07166654616594315
1.4877240657806396,0.875220537185669,-1.0429445505142212,-1.746315598487854,0.8665251731872559,2.0859007835388184,-0.052170682698488235
1.4863983392715454,0.8541703224182129,-1.0371625423431396,-1.7722158432006836,0.8530214428901672,2.1027297973632812,-0.03267481178045273
1.4849183559417725,0.833753228187561,-1.032204031944275,-1.7974880933761597,0.8401822447776794,2.118985652923584,-0.013178945519030094
1.4832851886749268,0.8139134645462036,-1.027991771697998,-1.8221611976623535,0.8279185891151428,2.1347150802612305,0.006316919345408678
1.4814989566802979,0.7946023344993591,-1.0244581699371338,-1.8462603092193604,0.8161531686782837,2.149959087371826,0.02581278420984745
1.479560136795044,0.77577805519104,-1.021547555923462,-1.869808554649353,0.8048215508460999,2.164752244949341,0.04530864953994751
1.416221261024475,0.7361571788787842,-0.9517795443534851,-1.8564021587371826,0.7380408644676208,2.1927168369293213,0.07703849673271179
1.3498365879058838,0.7026325464248657,-0.880304217338562,-1.8422057628631592,0.6730875968933105,2.215695381164551,0.10876833647489548
1.2805371284484863,0.6745051145553589,-0.806847870349884,-1.8271901607513428,0.6094954609870911,2.2344017028808594,0.14049817621707916
1.2085140943527222,0.6512866020202637,-0.7312817573547363,-1.8113237619400024,0.5469049215316772,2.2493627071380615,0.17222802340984344
1.1340360641479492,0.6326335668563843,-0.6536104679107666,-1.7945750951766968,0.48502403497695923,2.260969638824463,0.20395787060260773
1.0574536323547363,0.6183075904846191,-0.573954701423645,-1.7769091129302979,0.42360720038414,2.2695136070251465,0.235687717795372
0.979197084903717,0.6081409454345703,-0.4925353229045868,-1.758290410041809,0.3624352812767029,2.2752091884613037,0.2674175500869751
0.8997610211372375,0.6020210981369019,-0.40964794158935547,-1.7386800050735474,0.30130088329315186,2.2782094478607178,0.2991473972797394
0.8196921944618225,0.5998757481575012,-0.32564234733581543,-1.7180354595184326,0.24000531435012817,2.278613328933716,0.3308772146701813
0.7395622730255127,0.6016620397567749,-0.24088691174983978,-1.6963119506835938,0.17834194004535675,2.2764735221862793,0.36260709166526794
0.6599380373954773,0.6073649525642395,-0.15573173761367798,-1.6734591722488403,0.11609232425689697,2.2717995643615723,0.39433690905570984
0.5813567042350769,0.6169989109039307,-0.07047541439533234,-1.6494206190109253,0.053016312420368195,2.2645559310913086,0.4260667860507965
0.5043004751205444,0.6306090950965881,0.014671697281301022,-1.6241352558135986,-0.011160704307258129,2.254662275314331,0.4577966034412384
0.5013444423675537,0.6260513663291931,0.013259182684123516,-1.6319700479507446,-0.010050411336123943,2.2579548358917236,0.43347975611686707
0.49834340810775757,0.6215521097183228,0.01188865676522255,-1.6396989822387695,-0.008979471400380135,2.261197566986084,0.4091629385948181
0.495297908782959,0.6171110272407532,0.010558683425188065,-1.647323727607727,-0.007946528494358063,2.264392852783203,0.38484612107276917
0.4922065734863281,0.6127267479896545,0.009270439855754375,-1.65484619140625,-0.006951916962862015,2.267540454864502,0.3605292737483978
0.4890693128108978,0.6083986163139343,0.008023232221603394,-1.6622670888900757,-0.005995723884552717,2.270641565322876,0.3362124562263489
0.48588621616363525,0.6041257381439209,0.006816538982093334,-1.669588327407837,-0.0050754849798977375,2.2736968994140625,0.31189560890197754
0.48265746235847473,0.5999076962471008,0.005649481434375048,-1.6768110990524292,-0.004191637970507145,2.2767069339752197,0.2875787913799286
0.47938159108161926,0.5957434177398682,0.0045230998657643795,-1.6839364767074585,-0.0033439574763178825,2.279672622680664,0.26326194405555725
0.47606009244918823,0.591632604598999,0.00343541637994349,-1.690966010093689,-0.002530973870307207,2.2825942039489746,0.2389451116323471
0.47269096970558167,0.5875738263130188,0.002388049615547061,-1.6979011297225952,-0.0017531788907945156,2.285472869873047,0.21462829411029816
0.4692753553390503,0.5835678577423096,0.0013791861711069942,-1.7047417163848877,-0.0010092806769534945,2.28830885887146,0.190311461687088
0.4658121168613434,0.5796130299568176,0.00040990259731188416,-1.7114896774291992,-0.00029931438621133566,2.291102886199951,0.16599462926387787
0.46230170130729675,0.5757089257240295,-0.0005208507063798606,-1.7181463241577148,0.00037748334580101073,2.2938551902770996,0.14167781174182892
0.45874297618865967,0.5718554258346558,-0.001412253244780004,-1.7247118949890137,0.00102113070897758,2.2965664863586426,0.11736097931861877
0.4551372230052948,0.5680521130561829,-0.0022660112008452415,-1.7311878204345703,0.0016331225633621216,2.2992379665374756,0.09304411709308624
0.4514833390712738,0.5642973780632019,-0.003081150818616152,-1.7375752925872803,0.0022128275595605373,2.3018691539764404,0.0687272846698761
0.4477808475494385,0.5605920553207397,-0.0038575392682105303,-1.7438740730285645,0.0027605448849499226,2.3044610023498535,0.044410452246665955
0.4440303444862366,0.5569354891777039,-0.0045964778400957584,-1.750085711479187,0.0032780366018414497,2.307013511657715,0.02009361982345581
0.44023045897483826,0.553326427936554,-0.005296197719871998,-1.7562111616134644,0.003763667307794094,2.30952787399292,-0.004223182797431946
0.43638256192207336,0.5497657656669617,-0.005958750378340483,-1.7622509002685547,0.004219640512019396,2.312004327774048,-0.02854001522064209
0.4324858784675598,0.546251654624939,-0.006583602633327246,-1.7682057619094849,0.004645711742341518,2.3144426345825195,-0.052856847643852234
0.42853957414627075,0.542785108089447,-0.007170079275965691,-1.774075984954834,0.00504212686792016,2.3168435096740723,-0.07717368006706238
0.4245445728302002,0.539365291595459,-0.00771915540099144,-1.779862880706787,0.005409457720816135,2.3192076683044434,-0.10149051249027252
0.42049992084503174,0.5359917879104614,-0.008230474777519703,-1.785566806793213,0.005747647490352392,2.321535348892212,-0.12580734491348267
0.41640645265579224,0.5326641798019409,-0.008704607374966145,-1.7911882400512695,0.006057603284716606,2.323826789855957,-0.15012414753437042
0.4122634828090668,0.5293825268745422,-0.009141338057816029,-1.7967283725738525,0.006339801475405693,2.326082468032837,-0.17444097995758057
0.4080705940723419,0.5261461734771729,-0.009540131315588951,-1.8021869659423828,0.006593312602490187,2.3283023834228516,-0.1987578123807907
0.40382856130599976,0.5229551792144775,-0.009902206249535084,-1.8075650930404663,0.006820138543844223,2.3304874897003174,-0.22307464480400085
0.39953649044036865,0.5198095440864563,-0.01022674422711134,-1.812862753868103,0.007019530050456524,2.332637071609497,-0.247391477227211
0.3951951861381531,0.5167080163955688,-0.01051444374024868,-1.818081259727478,0.007192029617726803,2.334752321243286,-0.2717083692550659
0.39080390334129333,0.5136513710021973,-0.010763250291347504,-1.8232202529907227,0.0073384931311011314,2.3368332386016846,-0.29602521657943726
0.3863629996776581,0.5106390118598938,-0.010976720601320267,-1.8282808065414429,0.0074587613344192505,2.3388800621032715,-0.3203420341014862
0.3818722367286682,0.5076711773872375,-0.011153233237564564,-1.8332628011703491,0.007553162053227425,2.340893268585205,-0.34465888142585754
0.37733182311058044,0.5047473907470703,-0.011292894370853901,-1.8381673097610474,0.007622019853442907,2.3428730964660645,-0.3689756989479065
0.3727424144744873,0.5018670558929443,-0.011396626010537148,-1.8429944515228271,0.00766659714281559,2.3448193073272705,-0.39329254627227783
0.36810266971588135,0.49903127551078796,-0.011463004164397717,-1.8477437496185303,0.0076859015971422195,2.3467323780059814,-0.4176093637943268
0.3634137213230133,0.4962384104728699,-0.011493207886815071,-1.8524173498153687,0.007680797483772039,2.3486132621765137,-0.44192615151405334
0.358675092458725,0.4934895634651184,-0.011486726813018322,-1.8570140600204468,0.00765110831707716,2.35046124458313,-0.4662429690361023
0.3538868725299835,0.4907832741737366,-0.011443788185715675,-1.8615353107452393,0.007597877644002438,2.3522768020629883,-0.49055978655815125
0.34904977679252625,0.4881207346916199,-0.01136511005461216,-1.8659803867340088,0.007521427236497402,2.354059934616089,-0.5148766040802002
0.3441631495952606,0.4855012595653534,-0.01125000137835741,-1.8703503608703613,0.007421652786433697,2.355811595916748,-0.5391934514045715
0.3392280638217926,0.48292508721351624,-0.011099306866526604,-1.8746451139450073,0.007298689801245928,2.3575313091278076,-0.5635102987289429
0.33424413204193115,0.48039135336875916,-0.010913114063441753,-1.8788655996322632,0.007153741084039211,2.359219551086426,-0.5878271460533142
0.3292112946510315,0.4779009222984314,-0.010690835304558277,-1.8830111026763916,0.006986335385590792,2.3608763217926025,-0.6121439337730408
0.32413050532341003,0.47545284032821655,-0.010433638468384743,-1.8870829343795776,0.006796997506171465,2.362502098083496,-0.6364607810974121
0.31900137662887573,0.47304797172546387,-0.010141025297343731,-1.8910802602767944,0.006586079951375723,2.3640964031219482,-0.6607776284217834
0.3138241171836853,0.47068583965301514,-0.009813141077756882,-1.8950040340423584,0.0063539971597492695,2.3656599521636963,-0.6850944757461548
0.3085997402667999,0.46836578845977783,-0.009450948797166348,-1.8988542556762695,0.006100959610193968,2.3671927452087402,-0.7094112634658813
0.3033277690410614,0.4660886824131012,-0.009053895249962807,-1.902631402015686,0.005827448796480894,2.3686952590942383,-0.7337281107902527
0.29800885915756226,0.46385446190834045,-0.008622485212981701,-1.9063351154327393,0.005533515475690365,2.3701670169830322,-0.7580448985099792
0.2926436960697174,0.46166250109672546,-0.008157453499734402,-1.9099664688110352,0.005219698417931795,2.3716087341308594,-0.7823618054389954
0.2872322201728821,0.45951297879219055,-0.007658465299755335,-1.913524866104126,0.004886428825557232,2.3730201721191406,-0.8066785335540771
0.2817744016647339,0.457406222820282,-0.007125406991690397,-1.91701078414917,0.004533460363745689,2.374401807785034,-0.8309954404830933
0.27627137303352356,0.4553418755531311,-0.006559386383742094,-1.9204243421554565,0.004161693621426821,2.375753402709961,-0.8553122282028198
0.2707241475582123,0.45331981778144836,-0.005961320828646421,-1.9237655401229858,0.0037717409431934357,2.3770744800567627,-0.8796291351318359
0.2651313245296478,0.45134028792381287,-0.00532945292070508,-1.9270350933074951,0.003362714545801282,2.3783669471740723,-0.9039458632469177
0.25949448347091675,0.4494035840034485,-0.00466541200876236,-1.9302328824996948,0.002935875905677676,2.3796300888061523,-0.9282627701759338
0.2538142502307892,0.4475092589855194,-0.003969606012105942,-1.9333584308624268,0.0024913738016039133,2.3808631896972656,-0.9525795578956604
0.24809160828590393,0.44565698504447937,-0.003242906415835023,-1.936413049697876,0.0020298301242291927,2.3820667266845703,-0.9768964648246765
0.24232615530490875,0.44384750723838806,-0.0024846838787198067,-1.9393959045410156,0.001551482011564076,2.383241653442383,-1.0012133121490479
0.2365187704563141,0.44208088517189026,-0.0016957102343440056,-1.942307472229004,0.0010560587979853153,2.384387254714966,-1.0255300998687744
0.23067045211791992,0.4403562843799591,-0.0008766933460719883,-1.94514799118042,0.000544592272490263,2.3855037689208984,-1.0498470067977905
0.22478175163269043,0.43867430090904236,-2.808228600770235e-05,-1.947917103767395,1.742102722346317e-05,2.3865914344787598,-1.074163794517517
0.21885350346565247,0.43703532218933105,0.0008494060020893812,-1.9506151676177979,-0.000525232928339392,2.3876500129699707,-1.0984807014465332
0.2128852903842926,0.4354386329650879,0.0017565898597240448,-1.9532426595687866,-0.0010835088323801756,2.3886804580688477,-1.1227974891662598
0.2068791389465332,0.43388473987579346,0.0026914707850664854,-1.9557992219924927,-0.0016564202960580587,2.389681816101074,-1.1471143960952759
0.2008351981639862,0.4323728680610657,0.0036542799789458513,-1.9582854509353638,-0.0022442899644374847,2.3906545639038086,-1.171431064605713
0.19475801289081573,0.4309045970439911,0.0046403552405536175,-1.9607008695602417,-0.002843428635969758,2.391599178314209,-1.195747971534729
0.18864022195339203,0.4294784963130951,0.005657769739627838,-1.9630457162857056,-0.0034596342593431473,2.392514944076538,-1.2200647592544556
0.1824878454208374,0.4280954897403717,0.006700434256345034,-1.9653199911117554,-0.004088591784238815,2.393402576446533,-1.2443816661834717
0.17630065977573395,0.4267549514770508,0.0077689518220722675,-1.9675239324569702,-0.0047311014495790005,2.394261598587036,-1.2686984539031982
0.17007985711097717,0.42545709013938904,0.008862216956913471,-1.96965754032135,-0.005386346951127052,2.395092487335205,-1.2930153608322144
0.16382691264152527,0.4242022931575775,0.009979110211133957,-1.9717212915420532,-0.006053698714822531,2.395895481109619,-1.317332148551941
0.15754184126853943,0.4229902923107147,0.01111980713903904,-1.9737143516540527,-0.006733078509569168,2.39667010307312,-1.3416489362716675
0.1512264907360077,0.42182132601737976,0.01228280272334814,-1.975637674331665,-0.007423995062708855,2.397416830062866,-1.365965723991394
0.14488129317760468,0.4206950068473816,0.013467852026224136,-1.9774906635284424,-0.008126174099743366,2.3981354236602783,-1.3902825117111206
0.13850834965705872,0.4196125268936157,0.014673056080937386,-1.9792734384536743,-0.008838406763970852,2.3988261222839355,-1.4145994186401367
0.1321067214012146,0.41857168078422546,0.015899887308478355,-1.9809869527816772,-0.009562098421156406,2.399488925933838,-1.4389162063598633
0.12567858397960663,0.41757485270500183,0.01714618317782879,-1.9826302528381348,-0.010295513086020947,2.4001240730285645,-1.4632331132888794
0.11922469735145569,0.41662144660949707,0.018411604687571526,-1.9842032194137573,-0.011038812808692455,2.400731325149536,-1.487549901008606
0.1127471774816513,0.4157102406024933,0.019694259390234947,-1.9857066869735718,-0.011790902353823185,2.401310443878174,-1.511866807937622
0.10624529421329498,0.41484254598617554,0.0209952499717474,-1.987140417098999,-0.012552735395729542,2.401862382888794,-1.536183476448059
0.09972210973501205,0.41401803493499756,0.022311724722385406,-1.988504409790039,-0.0133224381133914,2.4023866653442383,-1.5605003833770752
0.09317714720964432,0.4132368266582489,0.023644492030143738,-1.9897985458374023,-0.014100652188062668,2.4028830528259277,-1.5848171710968018
0.08661244809627533,0.41249868273735046,0.0249918382614851,-1.9910229444503784,-0.014886640943586826,2.4033515453338623,-1.6091340780258179
0.0800289437174797,0.4118039906024933,0.0263531357049942,-1.992177963256836,-0.015680033713579178,2.4037928581237793,-1.6334508657455444
0.07342866063117981,0.41115260124206543,0.027726592496037483,-1.9932630062103271,-0.016480041667819023,2.404207229614258,-1.6577677726745605
0.06681153923273087,0.4105439782142639,0.029112670570611954,-1.9942786693572998,-0.017286881804466248,2.404592990875244,-1.682084560394287
0.0601789727807045,0.40997907519340515,0.030510276556015015,-1.9952245950698853,-0.01810029149055481,2.404951810836792,-1.7064014673233032
0.05353303253650665,0.4094572067260742,0.031917646527290344,-1.9961012601852417,-0.018919242545962334,2.4052834510803223,-1.7307181358337402
0.046874038875103,0.40897929668426514,0.03333478420972824,-1.9969077110290527,-0.01974382810294628,2.4055871963500977,-1.7550350427627563
0.040204331278800964,0.40854400396347046,0.03475964069366455,-1.9976449012756348,-0.02057315781712532,2.4058632850646973,-1.779351830482483
0.03352484107017517,0.40815281867980957,0.03619164973497391,-1.9983129501342773,-0.021407054737210274,2.4061129093170166,-1.803668737411499
0.02683614380657673,0.40780502557754517,0.037630561739206314,-1.998910903930664,-0.022245410829782486,2.406334638595581,-1.8279855251312256
0.020139848813414574,0.4074999690055847,0.0390750914812088,-1.9994398355484009,-0.02308773063123226,2.406529426574707,-1.8523024320602417
0.013437775894999504,0.4072386622428894,0.040523748844861984,-1.99989914894104,-0.023933349177241325,2.4066965579986572,-1.8766192197799683
0.006730859633535147,0.4070206880569458,0.04197593405842781,-2.000288963317871,-0.024781962856650352,2.40683650970459,-1.9009360074996948
2.0339173715910874e-05,0.4068458676338196,0.043430741876363754,-2.0006093978881836,-0.025633322075009346,2.406949043273926,-1.9252527952194214
-0.006691796705126762,0.4067148268222809,0.04488649591803551,-2.0008604526519775,-0.02648662030696869,2.4070346355438232,-1.9495697021484375
-0.01340567972511053,0.40662679076194763,0.046343736350536346,-2.001041889190674,-0.02734227292239666,2.407092571258545,-1.9738863706588745
-0.020118102431297302,0.40658238530158997,0.0477994941174984,-2.0011539459228516,-0.028198786079883575,2.407123565673828,-1.9982032775878906
-0.02682906948029995,0.4065811336040497,0.049254193902015686,-2.0011963844299316,-0.029056590050458908,2.4071271419525146,-2.022520065307617
-0.033536285161972046,0.4066234827041626,0.05070580169558525,-2.0011696815490723,-0.029914604499936104,2.4071035385131836,-2.046837091445923
-0.04024028405547142,0.40670910477638245,0.05215529724955559,-2.0010735988616943,-0.030773647129535675,2.407052993774414,-2.0711536407470703
-0.04693741351366043,0.4068377614021301,0.053599242120981216,-2.0009078979492188,-0.03163181617856026,2.4069745540618896,-2.095470666885376
-0.05362778156995773,0.4070098400115967,0.055038176476955414,-2.0006728172302246,-0.032489676028490067,2.406869888305664,-2.1197874546051025
-0.06030915677547455,0.40722543001174927,0.05647015944123268,-2.000368118286133,-0.033346161246299744,2.4067368507385254,-2.144104480743408
-0.06698207557201385,0.4074842035770416,0.05789610743522644,-1.999994158744812,-0.03420206531882286,2.4065773487091064,-2.1684210300445557
-0.07364285737276077,0.4077856242656708,0.0593126080930233,-1.9995508193969727,-0.035055480897426605,2.406390428543091,-2.1927380561828613
-0.08029177039861679,0.40813103318214417,0.06072032451629639,-1.9990379810333252,-0.03590700775384903,2.4061765670776367,-2.217054843902588
-0.08692728728055954,0.40851908922195435,0.0621180459856987,-1.9984556436538696,-0.0367559976875782,2.4059348106384277,-2.2413716316223145
-0.09354785084724426,0.40895020961761475,0.06350453943014145,-1.997804045677185,-0.037602007389068604,2.4056668281555176,-2.265688419342041
-0.10015235841274261,0.40942496061325073,0.06487906724214554,-1.9970823526382446,-0.03844468668103218,2.4053707122802734,-2.2900052070617676
-0.10673899948596954,0.4099418520927429,0.06624005734920502,-1.9962918758392334,-0.03928317502140999,2.40504789352417,-2.3143222332000732
-0.11330768465995789,0.4105023145675659,0.06758787482976913,-1.9954314231872559,-0.04011791944503784,2.4046971797943115,-2.3386390209198
-0.11985664814710617,0.41110530495643616,0.06892099231481552,-1.994502067565918,-0.040948040783405304,2.404320001602173,-2.3629558086395264
-0.1263846457004547,0.4117518663406372,0.07023852318525314,-1.9935026168823242,-0.04177328199148178,2.4039151668548584,-2.387272596359253
