-1.023775577545166,1.1070663928985596,1.0685826539993286,-1.3413116931915283,-0.9732625484466553,1.8938847780227661,-2.259942054748535
-1.018925666809082,1.0807085037231445,1.0388174057006836,-1.357391357421875,-0.9404391646385193,1.915259838104248,-2.2416982650756836
-1.0139720439910889,1.0559797286987305,1.0111401081085205,-1.3731787204742432,-0.9098979830741882,1.9352284669876099,-2.223454475402832
-1.0089240074157715,1.0326441526412964,0.9852263927459717,-1.3886892795562744,-0.8812904953956604,1.9539926052093506,-2.2052104473114014
-1.003783941268921,1.0105171203613281,0.9608184099197388,-1.4039363861083984,-0.8543453812599182,1.9717097282409668,-2.18696665763855
-0.9985679388046265,0.9894505739212036,0.9377240538597107,-1.4189329147338867,-0.8288478851318359,1.988504409790039,-2.1687228679656982
-0.9932730197906494,0.9693287014961243,0.9157748818397522,-1.4336891174316406,-0.8046238422393799,2.0044777393341064,-2.1504790782928467
-0.9879035949707031,0.9500505924224854,0.8948343992233276,-1.4482181072235107,-0.7815271019935608,2.0197150707244873,-2.132235288619995
-0.9824607968330383,0.9315361976623535,0.8747901916503906,-1.4625275135040283,-0.7594389319419861,2.034285068511963,-2.1139914989471436
-0.9769476056098938,0.9137158393859863,0.8555466532707214,-1.4766278266906738,-0.7382580041885376,2.048248291015625,-2.095747470855713
-0.9713640809059143,0.8965293765068054,0.8370200395584106,-1.4905273914337158,-0.7178954482078552,2.0616557598114014,-2.0775036811828613
-0.965711772441864,0.8799263834953308,0.8191409111022949,-1.5042333602905273,-0.6982788443565369,2.0745503902435303,-2.0592598915100098
-0.9599912762641907,0.8638608455657959,0.8018462657928467,-1.517754316329956,-0.6793408393859863,2.0869719982147217,-2.041016101837158
-0.9542020559310913,0.8482944965362549,0.7850816249847412,-1.5310969352722168,-0.6610256433486938,2.098954200744629,-2.0227723121643066
-0.9483447074890137,0.8331929445266724,0.7687998414039612,-1.544267177581787,-0.6432842016220093,2.1105260848999023,-2.004528284072876
-0.9424189925193787,0.8185247778892517,0.7529577016830444,-1.557271957397461,-0.6260713934898376,2.1217143535614014,-1.986284613609314
-0.9364233613014221,0.8042629957199097,0.7375158667564392,-1.5701160430908203,-0.609347939491272,2.1325435638427734,-1.9680407047271729
-0.9303581714630127,0.7903822660446167,0.722440779209137,-1.582805871963501,-0.59307861328125,2.1430346965789795,-1.9497969150543213
-0.924221932888031,0.7768611907958984,0.7077010869979858,-1.5953457355499268,-0.5772321224212646,2.1532065868377686,-1.9315531253814697
-0.9180150628089905,0.7636788487434387,0.6932693719863892,-1.607741117477417,-0.5617806911468506,2.163076877593994,-1.9133092164993286
-0.9117350578308105,0.7508175373077393,0.6791186332702637,-1.619996428489685,-0.5466974973678589,2.172661542892456,-1.895065426826477
-0.9053806066513062,0.7382597923278809,0.6652244925498962,-1.6321163177490234,-0.5319592356681824,2.181976318359375,-1.8768216371536255
-0.8989512324333191,0.7259911894798279,0.6515668630599976,-1.644104242324829,-0.5175450444221497,2.1910324096679688,-1.8585777282714844
-0.8924453258514404,0.7139974236488342,0.6381251215934753,-1.655964732170105,-0.5034359097480774,2.199843168258667,-1.8403339385986328
-0.8858603239059448,0.7022660374641418,0.624879777431488,-1.6677007675170898,-0.48961400985717773,2.2084197998046875,-1.8220900297164917
-0.8791952729225159,0.6907848119735718,0.6118139028549194,-1.6793162822723389,-0.4760625660419464,2.2167725563049316,-1.8038462400436401
-0.872448742389679,0.6795421838760376,0.5989115834236145,-1.690814733505249,-0.46276652812957764,2.2249109745025635,-1.7856024503707886
-0.8656173944473267,0.6685287952423096,0.5861560702323914,-1.7021992206573486,-0.44971245527267456,2.232844829559326,-1.7673585414886475
-0.8587002754211426,0.6577355265617371,0.5735345482826233,-1.713472843170166,-0.4368879199028015,2.2405810356140137,-1.749114751815796
-0.8516950607299805,0.647152304649353,0.561032772064209,-1.72463858127594,-0.42427992820739746,2.248128890991211,-1.7308709621429443
-0.8445993661880493,0.636772632598877,0.5486384034156799,-1.7356985807418823,-0.4118790328502655,2.2554941177368164,-1.7126270532608032
-0.8374103307723999,0.6265882253646851,0.5363380312919617,-1.7466564178466797,-0.39967426657676697,2.2626850605010986,-1.6943832635879517
-0.830125629901886,0.6165915131568909,0.5241203308105469,-1.757514238357544,-0.387655645608902,2.269707202911377,-1.6761394739151
-0.8227430582046509,0.6067764163017273,0.5119747519493103,-1.7682745456695557,-0.3758150339126587,2.276566505432129,-1.657895565032959
-0.8152592182159424,0.5971366167068481,0.499889612197876,-1.7789390087127686,-0.364143967628479,2.283268451690674,-1.6396517753601074
-0.8076716661453247,0.5876666307449341,0.4878551959991455,-1.7895108461380005,-0.3526345491409302,2.28981876373291,-1.6214079856872559
-0.7999776005744934,0.5783605575561523,0.47586172819137573,-1.7999917268753052,-0.34128010272979736,2.29622220993042,-1.6031640768051147
-0.7921725511550903,0.5692138075828552,0.46389782428741455,-1.810383915901184,-0.3300732970237732,2.3024840354919434,-1.5849202871322632
-0.7842544913291931,0.5602208971977234,0.4519555866718292,-1.820689082145691,-0.319007933139801,2.308607578277588,-1.566676378250122
-0.7762202024459839,0.5513778924942017,0.44002565741539,-1.8309093713760376,-0.3080782890319824,2.3145978450775146,-1.5484325885772705
-0.7680646777153015,0.5426801443099976,0.4280977249145508,-1.8410465717315674,-0.2972775399684906,2.3204588890075684,-1.530188798904419
-0.7597857117652893,0.5341246128082275,0.41616448760032654,-1.851102352142334,-0.2866019606590271,2.3261940479278564,-1.5119450092315674
-0.7513790726661682,0.52570641040802,0.4042166769504547,-1.8610788583755493,-0.2760457992553711,2.3318071365356445,-1.4937011003494263
-0.7428401708602905,0.5174230933189392,0.39224517345428467,-1.8709769248962402,-0.26560452580451965,2.337301731109619,-1.4754573106765747
-0.7341651320457458,0.5092703700065613,0.3802415132522583,-1.8807989358901978,-0.2552732825279236,2.3426809310913086,-1.4572134017944336
-0.7253500819206238,0.50124591588974,0.3681979775428772,-1.8905458450317383,-0.24504832923412323,2.347947597503662,-1.438969612121582
-0.7163898944854736,0.4933473467826843,0.3561052978038788,-1.9002190828323364,-0.23492537438869476,2.353105306625366,-1.420725703239441
-0.7072800397872925,0.48557040095329285,0.3439551889896393,-1.9098206758499146,-0.22490042448043823,2.358156204223633,-1.402482032775879
-0.698016881942749,0.4779137372970581,0.33174067735671997,-1.9193516969680786,-0.21497051417827606,2.3631033897399902,-1.3842381238937378
-0.6885939836502075,0.47037503123283386,0.3194516599178314,-1.9288133382797241,-0.20513172447681427,2.3679492473602295,-1.3659942150115967
-0.6790065765380859,0.4629514217376709,0.30708038806915283,-1.938206672668457,-0.1953808069229126,2.3726959228515625,-1.3477504253387451
-0.6692497134208679,0.45564112067222595,0.2946188449859619,-1.9475337266921997,-0.18571476638317108,2.3773465156555176,-1.3295066356658936
-0.6593173146247864,0.4484422504901886,0.28205788135528564,-1.9567950963974,-0.17613059282302856,2.3819026947021484,-1.311262845993042
-0.6492050290107727,0.44135361909866333,0.2693905830383301,-1.965991735458374,-0.16662660241127014,2.386366128921509,-1.2930189371109009
-0.6389051079750061,0.4343729317188263,0.2566063106060028,-1.9751254320144653,-0.15719814598560333,2.390740394592285,-1.2747751474380493
-0.6284127831459045,0.42749884724617004,0.2436978965997696,-1.9841971397399902,-0.14784425497055054,2.395026206970215,-1.2565312385559082
-0.6177209615707397,0.4207303524017334,0.23065578937530518,-1.9932072162628174,-0.13856127858161926,2.3992257118225098,-1.2382874488830566
-0.6068240404129028,0.4140658974647522,0.21747207641601562,-2.002157688140869,-0.12934815883636475,2.4033405780792236,-1.220043659210205
-0.5957154631614685,0.4075047969818115,0.20413798093795776,-2.0110487937927246,-0.12020246684551239,2.4073731899261475,-1.201799750328064
-0.584386944770813,0.4010458290576935,0.1906431019306183,-2.0198817253112793,-0.1111215129494667,2.4113247394561768,-1.1835559606552124
-0.5728380680084229,0.39468756318092346,0.17698507010936737,-2.028657913208008,-0.1021064892411232,2.415195941925049,-1.1653121709823608
-0.5610511302947998,0.38843053579330444,0.1631433516740799,-2.0373778343200684,-0.093149833381176,2.418990135192871,-1.1470683813095093
-0.5490240454673767,0.38227319717407227,0.14911547303199768,-2.046041965484619,-0.08425283432006836,2.422708034515381,-1.1288244724273682
-0.5367488861083984,0.376215398311615,0.1348908692598343,-2.054651975631714,-0.07541337609291077,2.4263505935668945,-1.1105806827545166
-0.5242180824279785,0.3702569305896759,0.12046044319868088,-2.0632083415985107,-0.06662963330745697,2.429919719696045,-1.0923367738723755
-0.5114234089851379,0.3643968999385834,0.10581421852111816,-2.071711540222168,-0.05790041759610176,2.4334163665771484,-1.0740928649902344
-0.4983568489551544,0.358635812997818,0.09094244986772537,-2.0801632404327393,-0.04922403022646904,2.4368419647216797,-1.0558491945266724
-0.4850100874900818,0.35297349095344543,0.07583536207675934,-2.0885634422302246,-0.040598489344120026,2.440197467803955,-1.0376052856445312
-0.4713749289512634,0.3474094569683075,0.06048336625099182,-2.0969133377075195,-0.03202278912067413,2.4434847831726074,-1.0193614959716797
-0.45744356513023376,0.34194543957710266,0.044877178966999054,-2.105213165283203,-0.023496070876717567,2.446704387664795,-1.0011175870895386
-0.44320687651634216,0.3365800082683563,0.029006170108914375,-2.11346435546875,-0.015016552060842514,2.449857473373413,-0.9828738570213318
-0.42865654826164246,0.33131423592567444,0.012860866263508797,-2.12166690826416,-0.006582636386156082,2.4529449939727783,-0.9646299481391907
-0.4137832522392273,0.32614922523498535,-0.003569535445421934,-2.12982177734375,0.0018063259776681662,2.455967903137207,-0.9463860988616943
-0.3985799252986908,0.32108578085899353,-0.02029312029480934,-2.137929677963257,0.010151450522243977,2.458928346633911,-0.9281423091888428
-0.3830374777317047,0.31612318754196167,-0.03732077032327652,-2.145991325378418,0.018454063683748245,2.461825370788574,-0.9098984599113464
-0.36714649200439453,0.31126344203948975,-0.05466224625706673,-2.1540074348449707,0.026715174317359924,2.464661121368408,-0.8916546702384949
-0.3509001135826111,0.30650776624679565,-0.07232605665922165,-2.161978244781494,0.03493601828813553,2.4674360752105713,-0.8734108209609985
-0.3342898488044739,0.30185702443122864,-0.09032153338193893,-2.1699047088623047,0.04311705008149147,2.470151424407959,-0.8551669716835022
-0.3173070549964905,0.2973123788833618,-0.10865839570760727,-2.1777873039245605,0.05125999078154564,2.4728071689605713,-0.8369231820106506
-0.2999463677406311,0.29287487268447876,-0.12734319269657135,-2.18562650680542,0.05936480313539505,2.475405216217041,-0.8186793327331543
-0.2821984589099884,0.28854578733444214,-0.14638616144657135,-2.19342303276062,0.0674329325556755,2.477944850921631,-0.800435483455658
-0.26405805349349976,0.2843282222747803,-0.16579346358776093,-2.2011771202087402,0.07546526193618774,2.4804282188415527,-0.7821916341781616
-0.24551938474178314,0.2802215814590454,-0.18557199835777283,-2.2088897228240967,0.08346186578273773,2.4828548431396484,-0.7639478445053101
-0.22657674551010132,0.27622926235198975,-0.205728217959404,-2.2165613174438477,0.09142440557479858,2.485227108001709,-0.745703935623169
-0.20722518861293793,0.27235326170921326,-0.2262679785490036,-2.2241921424865723,0.09935326874256134,2.4875433444976807,-0.7274602055549622
-0.18746323883533478,0.26859408617019653,-0.24719366431236267,-2.231782913208008,0.10724879056215286,2.4898061752319336,-0.709216296672821
-0.16728447377681732,0.2649541199207306,-0.2685123682022095,-2.2393341064453125,0.1151122897863388,2.4920148849487305,-0.6909725666046143
-0.146691232919693,0.26143646240234375,-0.2902228534221649,-2.2468461990356445,0.12294404953718185,2.494170665740967,-0.6727286577224731
-0.16212573647499084,0.2646637260913849,-0.28174957633018494,-2.241147756576538,0.1205858439207077,2.492323398590088,-0.6530643105506897
-0.1772610992193222,0.26797571778297424,-0.2735308110713959,-2.2353458404541016,0.11828286945819855,2.4904274940490723,-0.6333999037742615
-0.19209861755371094,0.27137187123298645,-0.2655651867389679,-2.229440689086914,0.11603553593158722,2.4884836673736572,-0.613735556602478
-0.2066386491060257,0.27485013008117676,-0.257852166891098,-2.2234325408935547,0.1138443648815155,2.4864909648895264,-0.5940712094306946
-0.22088323533535004,0.27841028571128845,-0.2503896653652191,-2.2173211574554443,0.11171001940965652,2.484449863433838,-0.5744068622589111
-0.23483578860759735,0.28204935789108276,-0.24317416548728943,-2.211106777191162,0.10963204503059387,2.4823598861694336,-0.5547424554824829
-0.24849708378314972,0.2857680916786194,-0.23620478808879852,-2.204789161682129,0.10761105269193649,2.4802207946777344,-0.5350781083106995
-0.26187026500701904,0.2895641624927521,-0.22947844862937927,-2.1983683109283447,0.10564818978309631,2.478032350540161,-0.515413761138916
-0.2749607563018799,0.293437123298645,-0.2229897826910019,-2.1918444633483887,0.10374227166175842,2.475795030593872,-0.4957493841648102
-0.2877708673477173,0.29738619923591614,-0.2167363166809082,-2.1852176189422607,0.1018940806388855,2.473508596420288,-0.47608500719070435
-0.3003044128417969,0.30141016840934753,-0.21071457862854004,-2.1784873008728027,0.10010389238595963,2.471173048019409,-0.4564206600189209
-0.312563955783844,0.30550798773765564,-0.2049219012260437,-2.1716532707214355,0.09837301820516586,2.46878719329834,-0.43675628304481506
-0.3245564103126526,0.3096788227558136,-0.19935160875320435,-2.1647160053253174,0.09669960290193558,2.4663522243499756,-0.4170919358730316
-0.33628419041633606,0.31392186880111694,-0.1940014660358429,-2.157675266265869,0.09508533030748367,2.4638671875,-0.3974275588989258
-0.3477533757686615,0.31823647022247314,-0.18886569142341614,-2.1505305767059326,0.09352929145097733,2.461332082748413,-0.37776321172714233
-0.35896533727645874,0.3226214647293091,-0.18394285440444946,-2.143281936645508,0.09203362464904785,2.458746910095215,-0.3580988347530365
-0.3699263334274292,0.3270770013332367,-0.1792270988225937,-2.1359286308288574,0.0905969887971878,2.456110715866089,-0.33843448758125305
-0.3806416094303131,0.33160144090652466,-0.17471368610858917,-2.1284708976745605,0.08922002464532852,2.4534244537353516,-0.31877008080482483
-0.3911150097846985,0.3361952006816864,-0.1703988015651703,-2.120908260345459,0.08790234476327896,2.4506866931915283,-0.2991057336330414
-0.4013509452342987,0.3408566415309906,-0.1662781536579132,-2.1132407188415527,0.08664558082818985,2.4478976726531982,-0.27944138646125793
-0.4113558530807495,0.3455861210823059,-0.16234630346298218,-2.1054673194885254,0.08544747531414032,2.4450576305389404,-0.2597770094871521
-0.4211318790912628,0.35038241744041443,-0.15860103070735931,-2.097588062286377,0.08431056141853333,2.4421658515930176,-0.24011264741420746
-0.4306846261024475,0.3552464544773102,-0.15503735840320587,-2.08960223197937,0.08323406428098679,2.4392218589782715,-0.220448300242424
-0.4400192201137543,0.36017662286758423,-0.1516505628824234,-2.081509590148926,0.0822177529335022,2.436225414276123,-0.20078393816947937
-0.44914016127586365,0.3651731610298157,-0.14843669533729553,-2.0733094215393066,0.08126287907361984,2.433176279067993,-0.18111957609653473
-0.4580508768558502,0.37023499608039856,-0.1453927457332611,-2.0650014877319336,0.08036857098340988,2.4300737380981445,-0.1614551991224289
-0.4667571187019348,0.37536340951919556,-0.1425134390592575,-2.0565848350524902,0.07953549176454544,2.4269185066223145,-0.14179085195064545
-0.4752618074417114,0.3805569112300873,-0.1397964209318161,-2.0480589866638184,0.07876364886760712,2.423708915710449,-0.1221264898777008
-0.48357078433036804,0.3858162760734558,-0.1372365653514862,-2.0394234657287598,0.07805335521697998,2.420444965362549,-0.10246212035417557
-0.4916873574256897,0.3911411762237549,-0.13483105599880219,-2.03067684173584,0.07740502059459686,2.4171268939971924,-0.08279777318239212
-0.499615877866745,0.396531343460083,-0.1325768381357193,-2.0218191146850586,0.07681868970394135,2.413753032684326,-0.06313340365886688
-0.5073608160018921,0.4019872844219208,-0.13046902418136597,-2.0128488540649414,0.07629430294036865,2.4103240966796875,-0.04346903786063194
-0.5149245262145996,0.4075084328651428,-0.1285066157579422,-2.00376558303833,0.07583300024271011,2.4068384170532227,-0.023804686963558197
-0.5223121643066406,0.4130961000919342,-0.12668494880199432,-1.9945682287216187,0.07543392479419708,2.40329647064209,-0.004140320234000683
-0.5295285582542419,0.41874969005584717,-0.1250002533197403,-1.9852553606033325,0.07509809732437134,2.3996970653533936,0.015524045564234257
-0.536577045917511,0.4244696795940399,-0.12344959378242493,-1.975826382637024,0.07482483983039856,2.3960397243499756,0.0351884663105011
-0.5434594750404358,0.43025651574134827,-0.12203238904476166,-1.9662799835205078,0.07461575418710709,2.3923237323760986,0.054852817207574844
-0.5501811504364014,0.43610990047454834,-0.12074408680200577,-1.9566148519515991,0.07447028905153275,2.3885488510131836,0.07451718300580978
-0.5567447543144226,0.4420311152935028,-0.11958277225494385,-1.946829915046692,0.07438915967941284,2.384713649749756,0.09418155252933502
-0.5631548166275024,0.4480206370353699,-0.11854500323534012,-1.9369237422943115,0.074372798204422,2.3808183670043945,0.11384589970111847
-0.5694138407707214,0.4540786147117615,-0.11762925237417221,-1.9268946647644043,0.07442107051610947,2.376861095428467,0.1335102617740631
-0.5755245685577393,0.46020612120628357,-0.11683367192745209,-1.9167413711547852,0.0745350793004036,2.3728418350219727,0.15317463874816895
-0.5814910531044006,0.4664033353328705,-0.11615553498268127,-1.9064619541168213,0.07471505552530289,2.3687584400177,0.1728389859199524
-0.5873163342475891,0.4726713299751282,-0.11559262126684189,-1.8960554599761963,0.07496120035648346,2.364612102508545,0.19250334799289703
-0.5930032730102539,0.4790116548538208,-0.1151432991027832,-1.885519027709961,0.07527457922697067,2.360400438308716,0.21216771006584167
-0.5985551476478577,0.4854239821434021,-0.11480564624071121,-1.8748517036437988,0.07565460354089737,2.3561229705810547,0.23183207213878632
-0.6039744019508362,0.4919102191925049,-0.11457826942205429,-1.8640506267547607,0.07610342651605606,2.351778030395508,0.25149643421173096
-0.5526098608970642,0.49166449904441833,-0.1768927425146103,-1.8706045150756836,0.11729986220598221,2.352304220199585,0.21974527835845947
-0.5015428066253662,0.4932551980018616,-0.2388276755809784,-1.876705288887024,0.1583704650402069,2.3517508506774902,0.187994122505188
-0.451052725315094,0.49667567014694214,-0.3001542389392853,-1.8823591470718384,0.19936159253120422,2.3501124382019043,0.1562429666519165
-0.4014063775539398,0.5019221901893616,-0.3606555163860321,-1.8875714540481567,0.24031993746757507,2.347376823425293,0.12449181079864502
-0.352847695350647,0.508991539478302,-0.4201374053955078,-1.892348051071167,0.2812909483909607,2.34352445602417,0.09274065494537354
-0.3055897355079651,0.5178848505020142,-0.4784371554851532,-1.896694540977478,0.32232430577278137,2.3385252952575684,0.06098949909210205
-0.2598133385181427,0.5286092162132263,-0.5354266166687012,-1.9006162881851196,0.36346951127052307,2.332340955734253,0.029238324612379074
-0.2156674712896347,0.5411797165870667,-0.5910114049911499,-1.9041186571121216,0.40477973222732544,2.3249239921569824,-0.002512815408408642
-0.17326249182224274,0.5556211471557617,-0.6451390981674194,-1.9072072505950928,0.44631361961364746,2.316213846206665,-0.0342639721930027
-0.13267725706100464,0.5719736218452454,-0.6977939009666443,-1.9098870754241943,0.4881346523761749,2.3061370849609375,-0.06601512432098389
-0.09396348148584366,0.59029221534729,-0.7489928603172302,-1.912163257598877,0.5303131341934204,2.294607162475586,-0.09776628017425537
-0.05714116245508194,0.6106541156768799,-0.7987927198410034,-1.9140408039093018,0.5729315280914307,2.2815160751342773,-0.12951743602752686
-0.022212103009223938,0.6331615447998047,-0.8472784161567688,-1.9155254364013672,0.6160821914672852,2.2667369842529297,-0.16126859188079834
0.010841780342161655,0.6579499840736389,-0.8945686221122742,-1.9166218042373657,0.6598759889602661,2.2501134872436523,-0.1930197775363922
0.042052801698446274,0.6851931810379028,-0.9408133029937744,-1.9173351526260376,0.7044435739517212,2.231456756591797,-0.2247709035873413
0.07146019488573074,0.7151170969009399,-0.9861937761306763,-1.9176702499389648,0.7499451041221619,2.2105345726013184,-0.2565220594406128
0.09911047667264938,0.7480149269104004,-1.030930757522583,-1.9176322221755981,0.7965806126594543,2.18705677986145,-0.2882732152938843
0.12504972517490387,0.7842680811882019,-1.075289011001587,-1.917225956916809,0.8446019887924194,2.160656690597534,-0.32002437114715576
0.14932094514369965,0.8243811726570129,-1.1195950508117676,-1.916456699371338,0.8943395614624023,2.1308608055114746,-0.35177552700042725
0.17195893824100494,0.8690430521965027,-1.1642667055130005,-1.9153285026550293,0.9462434649467468,2.097033977508545,-0.38352668285369873
0.1929784119129181,0.9192154407501221,-1.209853172302246,-1.913846731185913,1.0009431838989258,2.0583043098449707,-0.4152778387069702
0.21236585080623627,0.9763128757476807,-1.2571346759796143,-1.9120157957077026,1.0593771934509277,2.0134007930755615,-0.4470289945602417
0.23005427420139313,1.0425667762756348,-1.3073140382766724,-1.9098405838012695,1.1230511665344238,1.9603389501571655,-0.4787801504135132
0.245846226811409,1.1218972206115723,-1.3624787330627441,-1.9073257446289062,1.1946744918823242,1.8956568241119385,-0.5105313062667847
0.25924283266067505,1.222604751586914,-1.427093505859375,-1.9044758081436157,1.2801291942596436,1.812070608139038,-0.5422824621200562
0.2684048116207123,1.3715590238571167,-1.5159145593643188,-1.9012951850891113,1.3990564346313477,1.6861395835876465,-0.5740336179733276
0.3096608817577362,1.1859211921691895,-1.4228571653366089,-1.9643384218215942,1.2600992918014526,1.8443368673324585,-0.5607644319534302
0.3504859209060669,1.0686936378479004,-1.375388503074646,-2.023953437805176,1.176112174987793,1.9430603981018066,-0.5474952459335327
0.39379504323005676,0.9793961048126221,-1.3480935096740723,-2.080416679382324,1.1146856546401978,2.017550230026245,-0.5342260599136353
0.4404579997062683,0.9070923924446106,-1.333845853805542,-2.1339378356933594,1.066889762878418,2.0774152278900146,-0.5209568738937378
0.49088260531425476,0.8469085097312927,-1.32933509349823,-2.184675931930542,1.0286853313446045,2.126995801925659,-0.5076876878738403
0.5452708005905151,0.7962018847465515,-1.332639455795288,-2.2327489852905273,0.9978481531143188,2.168691873550415,-0.49441853165626526
0.6036680936813354,0.7533748745918274,-1.3424445390701294,-2.2782413959503174,0.9730132818222046,2.203989028930664,-0.4811493456363678
0.6659658551216125,0.7173964381217957,-1.3577057123184204,-2.3212080001831055,0.95328289270401,2.2338738441467285,-0.46788015961647034
0.7319027781486511,0.6875643730163574,-1.3774842023849487,-2.361680030822754,0.9380361437797546,2.259033203125,-0.45461100339889526
0.8010579943656921,0.6633794903755188,-1.400855541229248,-2.3996682167053223,0.9268261194229126,2.279958486557007,-0.4413418173789978
0.8728578686714172,0.6444643139839172,-1.4268672466278076,-2.435164451599121,0.9193189740180969,2.2970094680786133,-0.42807263135910034
0.9465932250022888,0.630513608455658,-1.4545273780822754,-2.468146800994873,0.9152535200119019,2.310454845428467,-0.4148034453392029
1.021458387374878,0.6212626099586487,-1.4828271865844727,-2.49858021736145,0.9144130945205688,2.3204922676086426,-0.4015342593193054
1.0965908765792847,0.6164618730545044,-1.5107715129852295,-2.5264201164245605,0.9166080355644226,2.327272891998291,-0.38826507329940796
1.1711313724517822,0.6158696413040161,-1.5374321937561035,-2.55161452293396,0.9216611385345459,2.3309097290039062,-0.3749959170818329
1.2442706823349,0.619243323802948,-1.5619930028915405,-2.574108123779297,0.9293933510780334,2.331490993499756,-0.3617267310619354
1.3152918815612793,0.6263390779495239,-1.583789348602295,-2.593844175338745,0.9396191835403442,2.3290889263153076,-0.34845754504203796
1.3836064338684082,0.6369211077690125,-1.602341651916504,-2.6107685565948486,0.9521405696868896,2.3237621784210205,-0.3351883590221405
1.4487569332122803,0.6507576107978821,-1.6173572540283203,-2.6248323917388916,0.9667413234710693,2.3155696392059326,-0.32191917300224304
1.5104225873947144,0.6676284074783325,-1.6287305355072021,-2.635995626449585,0.9831897616386414,2.3045716285705566,-0.3086499869823456
1.568408489227295,0.6873279213905334,-1.6365256309509277,-2.644230365753174,1.0012402534484863,2.2908360958099365,-0.2953808307647705
1.6226240396499634,0.7096607089042664,-1.640947699546814,-2.649521827697754,1.0206340551376343,2.2744452953338623,-0.28211164474487305
1.6730661392211914,0.7344430088996887,-1.6423180103302002,-2.6518712043762207,1.0411100387573242,2.2554969787597656,-0.2688424587249756
1.7197937965393066,0.7614951133728027,-1.641034722328186,-2.6512959003448486,1.0624101161956787,2.23411226272583,-0.2555732727050781
1.7629125118255615,0.7906354069709778,-1.637548804283142,-2.6478304862976074,1.0842832326889038,2.2104363441467285,-0.24230410158634186
1.8025540113449097,0.8216782808303833,-1.6323314905166626,-2.64152455329895,1.1064995527267456,2.184638738632202,-0.2290349155664444
1.7923593521118164,0.7858603596687317,-1.6248548030853271,-2.6320765018463135,1.0793437957763672,2.212250232696533,-0.19966065883636475
1.7812657356262207,0.7525550127029419,-1.6165120601654053,-2.6225430965423584,1.0527013540267944,2.237386465072632,-0.1702864170074463
1.7692599296569824,0.7214570641517639,-1.607278823852539,-2.6129209995269775,1.0264934301376343,2.2603414058685303,-0.14091217517852783
1.7563234567642212,0.6923165321350098,-1.5971271991729736,-2.603208303451538,1.0006577968597412,2.281357526779175,-0.11153791099786758
1.7424302101135254,0.6649240851402283,-1.5860236883163452,-2.59340238571167,0.9751413464546204,2.3006396293640137,-0.08216366916894913
1.7275516986846924,0.6391080617904663,-1.5739328861236572,-2.5835001468658447,0.949904203414917,2.318356990814209,-0.05278941988945007
1.7116533517837524,0.6147192120552063,-1.560814619064331,-2.573499917984009,0.9249088168144226,2.334658145904541,-0.023415174335241318
1.6946957111358643,0.5916349291801453,-1.5466240644454956,-2.5633983612060547,0.9001275897026062,2.3496673107147217,0.005959090311080217
1.6766357421875,0.5697473287582397,-1.5313137769699097,-2.5531930923461914,0.8755335211753845,2.363494396209717,0.03533331677317619
1.6574256420135498,0.5489662885665894,-1.5148305892944336,-2.542881965637207,0.8511054515838623,2.376235008239746,0.06470758467912674
1.6370142698287964,0.5292147994041443,-1.4971200227737427,-2.532461643218994,0.8268247842788696,2.3879706859588623,0.094081811606884
1.6153441667556763,0.5104259848594666,-1.4781198501586914,-2.5219297409057617,0.8026735186576843,2.3987767696380615,0.12345607578754425
1.5923572778701782,0.49254539608955383,-1.457768201828003,-2.5112838745117188,0.7786378264427185,2.4087164402008057,0.1528303176164627
1.5679891109466553,0.4755253791809082,-1.435996651649475,-2.500520706176758,0.754704475402832,2.4178476333618164,0.18220457434654236
1.5421746969223022,0.4593278765678406,-1.412736415863037,-2.489638328552246,0.7308610081672668,2.4262208938598633,0.21157881617546082
1.5148448944091797,0.44392138719558716,-1.3879144191741943,-2.4786336421966553,0.7070973515510559,2.4338817596435547,0.24095310270786285
1.4859294891357422,0.42928192019462585,-1.3614565134048462,-2.467503786087036,0.6834037899971008,2.4408700466156006,0.27032729983329773
1.4553579092025757,0.4153905510902405,-1.3332879543304443,-2.4562461376190186,0.6597708463668823,2.4472227096557617,0.2997015416622162
1.4230620861053467,0.40223538875579834,-1.3033370971679688,-2.444857597351074,0.6361907124519348,2.4529712200164795,0.32907578349113464
1.3889744281768799,0.389808714389801,-1.271531105041504,-2.433335781097412,0.6126548647880554,2.4581451416015625,0.3584500849246979
1.3530349731445312,0.37810981273651123,-1.2378078699111938,-2.421677589416504,0.5891565084457397,2.4627695083618164,0.38782429695129395
1.3151910305023193,0.3671402633190155,-1.2021089792251587,-2.4098799228668213,0.5656870603561401,2.4668686389923096,0.4171985387802124
1.27540123462677,0.356908917427063,-1.1643893718719482,-2.397939682006836,0.5422419905662537,2.4704620838165283,0.44657281041145325
1.233637809753418,0.34742608666419983,-1.1246166229248047,-2.3858542442321777,0.5188125967979431,2.473568916320801,0.4759470522403717
1.189896583557129,0.3387078642845154,-1.0827815532684326,-2.3736205101013184,0.4953937530517578,2.4762051105499268,0.5053212642669678
1.144192099571228,0.33077165484428406,-1.0388941764831543,-2.361234664916992,0.4719778299331665,2.4783849716186523,0.534695565700531
1.0965698957443237,0.32363808155059814,-0.9929948449134827,-2.348694324493408,0.44855907559394836,2.4801220893859863,0.5640698075294495
1.047104835510254,0.3173299729824066,-0.9451532959938049,-2.33599591255188,0.4251311421394348,2.48142671585083,0.5934440493583679
1.054006814956665,0.31662148237228394,-0.9358074069023132,-2.3331682682037354,0.42107337713241577,2.4814014434814453,0.622430145740509
1.059945821762085,0.3161557912826538,-0.9256282448768616,-2.329835891723633,0.4169526994228363,2.481207847595215,0.6514161825180054
1.0649217367172241,0.3159310221672058,-0.9146221280097961,-2.3260016441345215,0.4127557873725891,2.4808480739593506,0.6804022789001465
1.0689337253570557,0.31594693660736084,-0.9027944803237915,-2.321667194366455,0.40847042202949524,2.4803245067596436,0.7093883156776428
1.0719883441925049,0.31620410084724426,-0.8901580572128296,-2.3168344497680664,0.4040839672088623,2.479637622833252,0.7383744120597839
1.0740973949432373,0.31670382618904114,-0.8767302632331848,-2.3115053176879883,0.3995855450630188,2.4787886142730713,0.767360508441925
1.075270175933838,0.3174472153186798,-0.8625258207321167,-2.3056817054748535,0.3949626684188843,2.4777798652648926,0.7963466048240662
1.0755317211151123,0.31843701004981995,-0.8475738167762756,-2.299365997314453,0.39020541310310364,2.476609706878662,0.8253326416015625
1.074898600578308,0.3196759521961212,-0.8318954706192017,-2.29256010055542,0.38530248403549194,2.475280523300171,0.8543187379837036
1.0733978748321533,0.3211677372455597,-0.8155214190483093,-2.2852654457092285,0.3802448511123657,2.473790407180786,0.8833047747612
1.071058750152588,0.3229166865348816,-0.798484206199646,-2.2774834632873535,0.3750220537185669,2.472139358520508,0.9122908711433411
1.0679130554199219,0.3249262571334839,-0.7808176279067993,-2.269216775894165,0.3696255683898926,2.4703266620635986,0.9412769079208374
1.063994288444519,0.32720237970352173,-0.762557327747345,-2.2604658603668213,0.3640464246273041,2.468350648880005,0.9702630043029785
1.0593377351760864,0.32974913716316223,-0.7437402606010437,-2.251232147216797,0.3582761883735657,2.4662108421325684,0.9992491006851196
1.053985834121704,0.33257225155830383,-0.7244092226028442,-2.2415170669555664,0.3523067235946655,2.4639036655426025,1.0282351970672607
1.0479761362075806,0.3356773257255554,-0.704602062702179,-2.231321096420288,0.3461311459541321,2.461428165435791,1.0572211742401123
1.0413494110107422,0.339070588350296,-0.6843593120574951,-2.220644474029541,0.3397411108016968,2.4587810039520264,1.0862072706222534
1.0341473817825317,0.34275737404823303,-0.6637210249900818,-2.2094876766204834,0.33313044905662537,2.455960273742676,1.1151933670043945
1.026414155960083,0.34674394130706787,-0.6427298188209534,-2.1978507041931152,0.3262919485569,2.4529616832733154,1.1441794633865356
1.0181903839111328,0.35103639960289,-0.6214243769645691,-2.185732364654541,0.3192196488380432,2.449781894683838,1.1731655597686768
1.0095173120498657,0.3556400537490845,-0.5998423099517822,-2.1731324195861816,0.3119044005870819,2.4464166164398193,1.2021515369415283
1.0004420280456543,0.3605635464191437,-0.5780274271965027,-2.1600492000579834,0.3043456971645355,2.442861795425415,1.2311376333236694
0.9910011291503906,0.36581218242645264,-0.5560118556022644,-2.1464803218841553,0.2965344488620758,2.4391119480133057,1.2601237297058105
0.9812347292900085,0.37139198184013367,-0.5338305830955505,-2.1324238777160645,0.28846415877342224,2.43516206741333,1.2891098260879517
0.9711793065071106,0.37731045484542847,-0.5115147829055786,-2.1178765296936035,0.2801291048526764,2.431006908416748,1.3180959224700928
0.9608739018440247,0.3835735023021698,-0.4890967309474945,-2.102835178375244,0.2715243101119995,2.4266397953033447,1.3470818996429443
0.9503509998321533,0.39018839597702026,-0.4666019678115845,-2.087294340133667,0.2626417577266693,2.422053813934326,1.376068115234375
0.9396430253982544,0.39716413617134094,-0.4440563917160034,-2.071249485015869,0.253476619720459,2.4172427654266357,1.4050542116165161
0.9287809729576111,0.4045058488845825,-0.4214795231819153,-2.0546951293945312,0.24402116239070892,2.412198305130005,1.4340401887893677
0.9177933931350708,0.41222310066223145,-0.39889204502105713,-2.037623405456543,0.23426929116249084,2.406912088394165,1.4630262851715088
0.9067071676254272,0.4203236997127533,-0.3763100206851959,-2.0200276374816895,0.22421373426914215,2.4013752937316895,1.4920122623443604
0.8955448269844055,0.4288165271282196,-0.35374531149864197,-2.0018982887268066,0.21384502947330475,2.395577907562256,1.5209983587265015
0.8843297958374023,0.4377119243144989,-0.33120858669281006,-1.9832252264022827,0.20315617322921753,2.389510154724121,1.5499844551086426
0.873080849647522,0.44701945781707764,-0.3087051808834076,-1.963997721672058,0.1921371966600418,2.38316011428833,1.5789705514907837
0.8618162870407104,0.4567515552043915,-0.2862392067909241,-1.9442025423049927,0.18077772855758667,2.376516580581665,1.6079566478729248
0.8505528569221497,0.4669191241264343,-0.2638111114501953,-1.923825740814209,0.16906720399856567,2.36956524848938,1.636942744255066
0.8393029570579529,0.47753646969795227,-0.24141603708267212,-1.9028514623641968,0.15699149668216705,2.362292528152466,1.665928840637207
0.8280801773071289,0.48861759901046753,-0.21904851496219635,-1.881261944770813,0.1445377916097641,2.354682445526123,1.6949148178100586
0.8168956637382507,0.5001797080039978,-0.19669859111309052,-1.859037160873413,0.13169094920158386,2.3467183113098145,1.7239007949829102
0.8057575821876526,0.5122405290603638,-0.17435160279273987,-1.8361546993255615,0.11843111366033554,2.33838152885437,1.7528870105743408
0.7946745157241821,0.5248196125030518,-0.15199053287506104,-1.8125897645950317,0.10474004596471786,2.3296515941619873,1.781873106956482
0.7836527228355408,0.5379403829574585,-0.12959332764148712,-1.7883143424987793,0.09059388190507889,2.320507287979126,1.8108590841293335
0.772696852684021,0.5516272187232971,-0.10713286697864532,-1.7632968425750732,0.07596629112958908,2.310922622680664,1.8398452997207642
0.7618133425712585,0.5659083724021912,-0.08458036929368973,-1.7375025749206543,0.06082800403237343,2.3008711338043213,1.8688312768936157
0.7510055899620056,0.5808163285255432,-0.06189966946840286,-1.710890531539917,0.04514535516500473,2.2903220653533936,1.8978173732757568
0.7402755618095398,0.5963864326477051,-0.03904685378074646,-1.6834155321121216,0.028876928612589836,2.2792415618896484,1.9268033504486084
0.7296252846717834,0.61266028881073,-0.015972258523106575,-1.6550266742706299,0.01197608932852745,2.2675914764404297,1.9557894468307495
0.7190577983856201,0.6296846866607666,0.007380905095487833,-1.6256649494171143,-0.005610613152384758,2.25532865524292,1.9847755432128906
0.708572506904602,0.647513747215271,0.031082456931471825,-1.595262050628662,-0.023949021473526955,2.242403507232666,2.0137617588043213
0.698172926902771,0.666210949420929,0.05521020665764809,-1.5637400150299072,-0.04311421513557434,2.2287607192993164,2.042747735977173
0.7521037459373474,0.6629713773727417,-0.012842227704823017,-1.5681853294372559,0.010007256641983986,2.2310924530029297,2.010481357574463
0.8061752915382385,0.662195086479187,-0.08082649856805801,-1.572112798690796,0.06292732059955597,2.231762409210205,1.9782147407531738
0.8601627945899963,0.663878321647644,-0.148638516664505,-1.575526237487793,0.11576452106237411,2.2307753562927246,1.9459482431411743
0.9138457775115967,0.6680295467376709,-0.2161778211593628,-1.5784316062927246,0.1686401218175888,2.228118419647217,1.9136817455291748
0.9670085906982422,0.6746728420257568,-0.2833503186702728,-1.5808346271514893,0.22167299687862396,2.2237589359283447,1.8814152479171753
1.019446611404419,0.6838475465774536,-0.3500763177871704,-1.5827398300170898,0.27498793601989746,2.217646598815918,1.8491488695144653
1.0709774494171143,0.6956143379211426,-0.41630852222442627,-1.5841529369354248,0.3287229537963867,2.2097063064575195,1.8168822526931763
1.121431827545166,0.7100557088851929,-0.48202240467071533,-1.5850787162780762,0.38302332162857056,2.1998403072357178,1.7846158742904663
1.170669436454773,0.7272855043411255,-0.5472408533096313,-1.5855228900909424,0.4380588233470917,2.1879189014434814,1.7523493766784668
1.2185678482055664,0.7474542856216431,-0.6120275259017944,-1.5854907035827637,0.4940214455127716,2.173778533935547,1.7200827598571777
1.2650296688079834,0.7707645297050476,-0.6765046119689941,-1.5849874019622803,0.5511425733566284,2.157207727432251,1.6878163814544678
1.309977650642395,0.7974840402603149,-0.7408605217933655,-1.5840184688568115,0.6097051501274109,2.1379363536834717,1.6555498838424683
1.3533520698547363,0.827969491481781,-0.8053649663925171,-1.582589864730835,0.6700613498687744,2.1156165599823,1.6232833862304688
1.3511338233947754,0.8191245794296265,-0.7952022552490234,-1.5892488956451416,0.6591265201568604,2.122335195541382,1.604819416999817
1.3488925695419312,0.8104612231254578,-0.785187304019928,-1.595837116241455,0.6483843922615051,2.128896474838257,1.586355447769165
1.3466289043426514,0.8019726872444153,-0.775312602519989,-1.6023564338684082,0.6378266215324402,2.1353063583374023,1.5678914785385132
1.3443421125411987,0.7936537265777588,-0.765570342540741,-1.6088066101074219,0.6274452805519104,2.141569137573242,1.5494275093078613
1.3420315980911255,0.7854965329170227,-0.7559514045715332,-1.6151896715164185,0.6172317266464233,2.1476926803588867,1.53096342086792
1.3396984338760376,0.7774969339370728,-0.7464510202407837,-1.6215062141418457,0.6071805357933044,2.153679609298706,1.512499451637268
1.3373408317565918,0.7696486115455627,-0.7370602488517761,-1.6277573108673096,0.5972826480865479,2.159536361694336,1.4940354824066162
1.334960699081421,0.7619475722312927,-0.7277752161026001,-1.6339441537857056,0.5875343084335327,2.1652660369873047,1.4755715131759644
1.3325562477111816,0.7543888688087463,-0.7185890674591064,-1.6400671005249023,0.5779274106025696,2.1708731651306152,1.4571075439453125
1.3301271200180054,0.7469674944877625,-0.7094952464103699,-1.6461272239685059,0.5684580206871033,2.1763620376586914,1.4386435747146606
1.3276745080947876,0.7396809458732605,-0.7004908919334412,-1.6521247625350952,0.5591209530830383,2.181735038757324,1.4201796054840088
1.3251971006393433,0.7325237393379211,-0.6915693879127502,-1.6580613851547241,0.5499098300933838,2.1869969367980957,1.401715636253357
1.322695016860962,0.7254931926727295,-0.682726263999939,-1.6639374494552612,0.5408218502998352,2.192150592803955,1.383251667022705
1.3201675415039062,0.7185850739479065,-0.6739572286605835,-1.6697534322738647,0.5318509340286255,2.1971993446350098,1.3647875785827637
1.317615032196045,0.7117966413497925,-0.6652579307556152,-1.6755105257034302,0.5229937434196472,2.202146053314209,1.3463236093521118
1.315036654472351,0.7051241993904114,-0.6566237211227417,-1.6812093257904053,0.5142456293106079,2.206993818283081,1.32785964012146
1.3124332427978516,0.6985653638839722,-0.6480526328086853,-1.6868501901626587,0.5056041479110718,2.2117443084716797,1.309395670890808
1.3098031282424927,0.692116916179657,-0.6395384669303894,-1.6924340724945068,0.497064471244812,2.2164015769958496,1.2909317016601562
1.3071472644805908,0.6857758164405823,-0.6310797333717346,-1.6979615688323975,0.48862382769584656,2.2209672927856445,1.2724677324295044
1.304463505744934,0.6795403957366943,-0.6226708292961121,-1.7034330368041992,0.48027846217155457,2.2254443168640137,1.2540037631988525
1.301753282546997,0.6734076142311096,-0.6143105626106262,-1.7088494300842285,0.4720262289047241,2.2298340797424316,1.2355397939682007
1.2990162372589111,0.6673750877380371,-0.6059954762458801,-1.714211344718933,0.463862806558609,2.2341389656066895,1.2170758247375488
1.2962515354156494,0.6614411473274231,-0.597722053527832,-1.7195186614990234,0.45578715205192566,2.2383615970611572,1.1986117362976074
1.2934585809707642,0.6556031107902527,-0.5894871354103088,-1.7247726917266846,0.4477945566177368,2.2425036430358887,1.1801477670669556
1.2906415462493896,0.6498606204986572,-0.5812932848930359,-1.729973554611206,0.439888060092926,2.2465660572052,1.1616837978363037
1.287792682647705,0.6442087888717651,-0.5731289982795715,-1.7351219654083252,0.4320574104785919,2.250552177429199,1.1432198286056519
1.284914493560791,0.6386469602584839,-0.5649949908256531,-1.7402184009552002,0.4243026375770569,2.2544631958007812,1.124755859375
1.282008171081543,0.6331738829612732,-0.556890606880188,-1.7452633380889893,0.41662365198135376,2.25830078125,1.1062918901443481
1.2790721654891968,0.6277874708175659,-0.5488120317459106,-1.7502574920654297,0.40901634097099304,2.2620668411254883,1.0878279209136963
1.2761057615280151,0.6224865913391113,-0.5407564640045166,-1.7552005052566528,0.40147948265075684,2.2657623291015625,1.0693639516830444
1.2731103897094727,0.6172691583633423,-0.5327238440513611,-1.7600936889648438,0.3940112590789795,2.2693889141082764,1.0508999824523926
1.2700843811035156,0.6121339201927185,-0.524710476398468,-1.7649366855621338,0.38660964369773865,2.2729480266571045,1.0324358940124512
1.2670278549194336,0.607079029083252,-0.5167147517204285,-1.7697309255599976,0.3792719841003418,2.2764410972595215,1.0139719247817993
1.2639403343200684,0.6021040081977844,-0.5087345242500305,-1.7744759321212769,0.3719979524612427,2.279869794845581,0.9955079555511475
1.26082181930542,0.597206711769104,-0.5007679462432861,-1.7791725397109985,0.3647851347923279,2.2832353115081787,0.9770439863204956
1.25767183303833,0.5923863053321838,-0.4928134083747864,-1.7838209867477417,0.3576316833496094,2.2865383625030518,0.9585800170898438
1.2544898986816406,0.5876414775848389,-0.484868586063385,-1.788421630859375,0.3505359888076782,2.289780378341675,0.9401159882545471
1.2512766122817993,0.5829707384109497,-0.4769328236579895,-1.7929750680923462,0.3434979021549225,2.2929625511169434,0.9216520190238953
1.2480297088623047,0.5783737897872925,-0.46900248527526855,-1.7974814176559448,0.3365139961242676,2.2960867881774902,0.9031880497932434
1.2447516918182373,0.5738487839698792,-0.4610784649848938,-1.8019410371780396,0.3295843005180359,2.2991526126861572,0.8847240209579468
1.2414401769638062,0.5693954825401306,-0.453157901763916,-1.806354284286499,0.3227069079875946,2.302161931991577,0.8662601113319397
1.238095760345459,0.5650114417076111,-0.4452391266822815,-1.810721755027771,0.315879762172699,2.3051161766052246,0.8477961421012878
1.2347182035446167,0.5606978535652161,-0.43732133507728577,-1.8150432109832764,0.30910372734069824,2.3080155849456787,0.8293321132659912
1.2313072681427002,0.5564520359039307,-0.42940279841423035,-1.8193196058273315,0.3023756146430969,2.310861587524414,0.8108681440353394
1.2278622388839722,0.552273690700531,-0.4214821457862854,-1.823550820350647,0.2956947386264801,2.3136544227600098,0.7924041748046875
1.2243834733963013,0.5481629967689514,-0.41355833411216736,-1.8277369737625122,0.2890608310699463,2.3163957595825195,0.7739401459693909
1.2208702564239502,0.5441175103187561,-0.4056295156478882,-1.8318790197372437,0.2824718654155731,2.3190863132476807,0.755476176738739
1.2173237800598145,0.5401368737220764,-0.3976963758468628,-1.8359766006469727,0.27592718601226807,2.321726083755493,0.7370122075080872
1.2137420177459717,0.5362210273742676,-0.3897549510002136,-1.8400304317474365,0.26942527294158936,2.32431697845459,0.7185481786727905
1.2101256847381592,0.5323691368103027,-0.38180625438690186,-1.8440403938293457,0.26296544075012207,2.326859474182129,0.7000842690467834
1.206475019454956,0.5285799503326416,-0.37384867668151855,-1.8480072021484375,0.2565470337867737,2.3293540477752686,0.6816202998161316
1.2027897834777832,0.5248530507087708,-0.36588165163993835,-1.851930856704712,0.25016921758651733,2.331801176071167,0.663156270980835
1.1990689039230347,0.5211886167526245,-0.3579029142856598,-1.855811357498169,0.24383050203323364,2.334202289581299,0.6446923017501831
1.195312738418579,0.5175849199295044,-0.34991201758384705,-1.8596491813659668,0.23752939701080322,2.336557388305664,0.6262283325195312
1.1915223598480225,0.5140414834022522,-0.3419094383716583,-1.863444447517395,0.23126713931560516,2.338867664337158,0.6077643036842346
1.187696099281311,0.5105586647987366,-0.33389267325401306,-1.8671979904174805,0.2250409573316574,2.3411340713500977,0.5893003344535828
1.1838352680206299,0.5071352124214172,-0.3258623480796814,-1.8709092140197754,0.2188510149717331,2.343355894088745,0.5708363056182861
1.1799383163452148,0.5037708282470703,-0.31781601905822754,-1.874578595161438,0.21269547939300537,2.3455355167388916,0.5523723363876343
1.176006555557251,0.5004643797874451,-0.3097541034221649,-1.878206729888916,0.20657512545585632,2.3476719856262207,0.5339084267616272
1.1720399856567383,0.49721673130989075,-0.3016766607761383,-1.8817932605743408,0.2004886418581009,2.349766492843628,0.5154444575309753
1.1680386066436768,0.49402597546577454,-0.29358214139938354,-1.885338544845581,0.19443461298942566,2.3518195152282715,0.4969804286956787
1.1640015840530396,0.49089303612709045,-0.28546977043151855,-1.8888429403305054,0.18841300904750824,2.3538317680358887,0.47851645946502686
1.1599295139312744,0.4878169000148773,-0.2773389220237732,-1.8923066854476929,0.18242260813713074,2.355803966522217,0.4600524604320526
1.155822515487671,0.48479679226875305,-0.26918962597846985,-1.895729899406433,0.17646336555480957,2.357736587524414,0.44158849120140076
1.1516811847686768,0.4818325638771057,-0.26102158427238464,-1.8991127014160156,0.17053444683551788,2.3596293926239014,0.4231244921684265
1.1475056409835815,0.478924423456192,-0.25283458828926086,-1.9024549722671509,0.16463521122932434,2.361483097076416,0.40466049313545227
1.1432963609695435,0.47607138752937317,-0.2446284294128418,-1.905757188796997,0.15876534581184387,2.3632986545562744,0.386196494102478
1.1390515565872192,0.47327324748039246,-0.2364005148410797,-1.9090198278427124,0.15292271971702576,2.365077018737793,0.36773258447647095
1.1347737312316895,0.47052982449531555,-0.2281532734632492,-1.9122426509857178,0.14710868895053864,2.366816759109497,0.3492686152458191
1.1304616928100586,0.4678404629230499,-0.2198847085237503,-1.9154257774353027,0.14132139086723328,2.3685202598571777,0.33080458641052246
1.12611722946167,0.4652053713798523,-0.21159625053405762,-1.918569564819336,0.13556112349033356,2.3701868057250977,0.3123406171798706
1.121739149093628,0.46262404322624207,-0.20328576862812042,-1.921674132347107,0.1298264116048813,2.3718175888061523,0.29387661814689636
1.1526663303375244,0.47033506631851196,-0.23429830372333527,-1.9134881496429443,0.15099962055683136,2.367003917694092,0.26676803827285767
1.1829571723937988,0.47852185368537903,-0.2648613452911377,-1.905172348022461,0.1722961813211441,2.3618783950805664,0.23965947329998016
1.2126076221466064,0.487185537815094,-0.2949804365634918,-1.8967249393463135,0.19372738897800446,2.3564326763153076,0.21255090832710266
1.2416164875030518,0.49632740020751953,-0.3246660828590393,-1.8881454467773438,0.2153044044971466,2.350658416748047,0.18544234335422516
1.2699848413467407,0.5059517025947571,-0.35393092036247253,-1.879431128501892,0.2370397448539734,2.344545602798462,0.15833376348018646
1.2977166175842285,0.5160622596740723,-0.38279104232788086,-1.8705816268920898,0.25894591212272644,2.3380846977233887,0.13122521340847015
1.3248180150985718,0.5266656875610352,-0.41126593947410583,-1.8615946769714355,0.28103718161582947,2.3312630653381348,0.10411664098501205
1.3512974977493286,0.537768542766571,-0.43937891721725464,-1.8524688482284546,0.3033286929130554,2.3240678310394287,0.07700806856155396
1.3771650791168213,0.5493807196617126,-0.4671553075313568,-1.8432022333145142,0.3258369266986847,2.316486120223999,0.049899499863386154
1.402431607246399,0.5615127682685852,-0.49462300539016724,-1.8337929248809814,0.3485806882381439,2.308501720428467,0.022790921851992607
1.4271093606948853,0.574177622795105,-0.5218124389648438,-1.8242393732070923,0.37157806754112244,2.300098419189453,-0.004317640792578459
1.451211929321289,0.5873904228210449,-0.5487573146820068,-1.8145393133163452,0.3948509395122528,2.291256904602051,-0.03142620250582695
1.474751591682434,0.601168692111969,-0.5754913091659546,-1.8046908378601074,0.41842299699783325,2.2819581031799316,-0.05853476747870445
1.4977444410324097,0.6155327558517456,-0.6020549535751343,-1.794691562652588,0.44231995940208435,2.2721781730651855,-0.08564332872629166
1.5202038288116455,0.6305057406425476,-0.6284880042076111,-1.7845394611358643,0.46656912565231323,2.261892795562744,-0.11275190860033035
1.542143702507019,0.6461148262023926,-0.6548336744308472,-1.7742313146591187,0.4912028908729553,2.2510740756988525,-0.13986048102378845
1.5635793209075928,0.6623898148536682,-0.6811391115188599,-1.763765811920166,0.5162554383277893,2.2396912574768066,-0.16696903109550476
1.5845249891281128,0.6793664693832397,-0.7074558734893799,-1.7531390190124512,0.5417665243148804,2.2277095317840576,-0.19407762587070465
1.604994297027588,0.6970847845077515,-0.7338381409645081,-1.7423486709594727,0.5677798986434937,2.215089797973633,-0.22118619084358215
1.6250001192092896,0.7155902981758118,-0.7603437900543213,-1.73139226436615,0.5943441390991211,2.2017903327941895,-0.24829477071762085
1.6445571184158325,0.734935998916626,-0.7870408892631531,-1.7202659845352173,0.621516764163971,2.1877591609954834,-0.27540332078933716
1.6636759042739868,0.7551838755607605,-0.8139995336532593,-1.7089663743972778,0.6493620276451111,2.172940969467163,-0.30251190066337585
1.6823680400848389,0.7764041423797607,-0.8412999510765076,-1.6974906921386719,0.6779535412788391,2.157270908355713,-0.32962048053741455
1.7006454467773438,0.7986814975738525,-0.8690353631973267,-1.6858341693878174,0.7073789238929749,2.140672206878662,-0.35672903060913086
1.7185161113739014,0.822112500667572,-0.8973067402839661,-1.673993706703186,0.7377394437789917,2.1230580806732178,-0.38383761048316956
1.7359894514083862,0.8468152284622192,-0.9262363314628601,-1.661964774131775,0.7691565752029419,2.104322910308838,-0.41094616055488586
1.7530698776245117,0.8729295134544373,-0.9559622406959534,-1.6497431993484497,0.8017733097076416,2.084343910217285,-0.43805477023124695
1.769761562347412,0.9006273746490479,-0.9866533279418945,-1.6373239755630493,0.8357691168785095,2.0629687309265137,-0.46516329050064087
1.7860674858093262,0.930121898651123,-1.018515944480896,-1.6247020959854126,0.8713623881340027,2.040010452270508,-0.4922718405723572
1.8019859790802002,0.9616830945014954,-1.051806926727295,-1.6118723154067993,0.9088340997695923,2.015232563018799,-0.5193804502487183
1.8175104856491089,0.9956614971160889,-1.0868566036224365,-1.5988287925720215,0.9485466480255127,1.9883298873901367,-0.5464890003204346
1.8326314687728882,1.0325238704681396,-1.1241037845611572,-1.5855653285980225,0.9909864664077759,1.9588971138000488,-0.5735976099967957
1.8473161458969116,1.0729252099990845,-1.1641485691070557,-1.5720758438110352,1.0368351936340332,1.926367998123169,-0.6007061004638672
1.8615283966064453,1.1178256273269653,-1.2078843116760254,-1.5583529472351074,1.0870991945266724,1.8899117708206177,-0.6278147101402283
1.8751945495605469,1.1687465906143188,-1.2567148208618164,-1.5443897247314453,1.1433753967285156,1.848218560218811,-0.6549232602119446
1.8669142723083496,1.159627079963684,-1.2449232339859009,-1.5398156642913818,1.1310336589813232,1.8555623292922974,-0.6750775575637817
1.8585904836654663,1.150887370109558,-1.2332990169525146,-1.5352041721343994,1.1189422607421875,1.8625808954238892,-0.6952317953109741
1.8502265214920044,1.142505407333374,-1.221828818321228,-1.5305554866790771,1.1070833206176758,1.8692933320999146,-0.7153860926628113
1.841822624206543,1.1344597339630127,-1.2104969024658203,-1.525869369506836,1.0954374074935913,1.875718593597412,-0.7355403900146484
1.8333810567855835,1.1267321109771729,-1.1992915868759155,-1.5211443901062012,1.0839898586273193,1.8818728923797607,-0.7556946277618408
1.8249026536941528,1.1193054914474487,-1.1882014274597168,-1.5163805484771729,1.0727260112762451,1.8877708911895752,-0.775848925113678
1.8163888454437256,1.1121642589569092,-1.177215576171875,-1.5115776062011719,1.0616326332092285,1.8934262990951538,-0.7960032224655151
1.8078417778015137,1.1052970886230469,-1.1663285493850708,-1.506734848022461,1.0507007837295532,1.8988492488861084,-0.8161574602127075
1.7992610931396484,1.0986897945404053,-1.1555289030075073,-1.5018515586853027,1.0399186611175537,1.9040522575378418,-0.8363117575645447
1.7906484603881836,1.092332363128662,-1.1448112726211548,-1.49692702293396,1.0292770862579346,1.9090443849563599,-0.8564660549163818
1.7820062637329102,1.0862144231796265,-1.1341699361801147,-1.4919614791870117,1.018768548965454,1.9138339757919312,-0.8766202926635742
1.7733334302902222,1.0803239345550537,-1.1235949993133545,-1.4869542121887207,1.0083816051483154,1.9184327125549316,-0.8967745900154114
1.764631986618042,1.0746570825576782,-1.1130859851837158,-1.4819040298461914,0.9981139302253723,1.9228435754776,-0.9169288873672485
1.7559027671813965,1.0692026615142822,-1.102635145187378,-1.4768109321594238,0.9879560470581055,1.9270763397216797,-0.9370831251144409
1.7471466064453125,1.0639543533325195,-1.0922386646270752,-1.4716739654541016,0.977902352809906,1.9311370849609375,-0.9572374224662781
1.7383641004562378,1.0589070320129395,-1.0818934440612793,-1.4664921760559082,0.9679487347602844,1.9350303411483765,-0.9773917198181152
1.7295570373535156,1.0540523529052734,-1.0715949535369873,-1.4612658023834229,0.9580886363983154,1.9387627840042114,-0.9975459575653076
1.7207250595092773,1.0493851900100708,-1.0613389015197754,-1.45599365234375,0.9483166337013245,1.9423400163650513,-1.0177003145217896
1.7118700742721558,1.0449000597000122,-1.0511226654052734,-1.4506750106811523,0.9386289715766907,1.9457663297653198,-1.037854552268982
1.7029922008514404,1.040592908859253,-1.0409440994262695,-1.4453096389770508,0.9290220141410828,1.9490454196929932,-1.0580087900161743
1.6940926313400269,1.0364584922790527,-1.0308001041412354,-1.4398961067199707,0.9194906949996948,1.9521820545196533,-1.0781630277633667
1.6851716041564941,1.0324920415878296,-1.0206865072250366,-1.434434175491333,0.9100304245948792,1.9551811218261719,-1.0983173847198486
1.6762304306030273,1.0286914110183716,-1.010603666305542,-1.4289228916168213,0.9006404280662537,1.9580438137054443,-1.118471622467041
1.667270302772522,1.025051236152649,-1.0005483627319336,-1.4233613014221191,0.8913161754608154,1.9607744216918945,-1.1386258602142334
1.658290147781372,1.0215680599212646,-0.9905164837837219,-1.4177489280700684,0.8820523619651794,1.9633779525756836,-1.1587802171707153
1.6492905616760254,1.0182451009750366,-0.9805115461349487,-1.4120841026306152,0.8728558421134949,1.9658515453338623,-1.1789344549179077
1.6402757167816162,1.0150682926177979,-0.9705259203910828,-1.4063668251037598,0.8637090921401978,1.9682053327560425,-1.1990888118743896
1.631244421005249,1.0120388269424438,-0.9605595469474792,-1.4005963802337646,0.8546149730682373,1.9704394340515137,-1.219243049621582
1.6221963167190552,1.0091558694839478,-0.9506112337112427,-1.3947710990905762,0.8455721139907837,1.9725555181503296,-1.2393972873687744
1.6131349802017212,1.00641667842865,-0.9406815767288208,-1.3888905048370361,0.8365792632102966,1.9745550155639648,-1.2595516443252563
1.6040582656860352,1.0038187503814697,-0.9307669401168823,-1.3829529285430908,0.8276324272155762,1.9764410257339478,-1.2797058820724487
1.5949686765670776,1.0013604164123535,-0.9208675026893616,-1.376957893371582,0.8187306523323059,1.9782146215438843,-1.2998601198196411
1.5858659744262695,0.9990399479866028,-0.9109816551208496,-1.3709039688110352,0.809871256351471,1.9798780679702759,-1.320014476776123
1.5767509937286377,0.9968540668487549,-0.9011070728302002,-1.364790439605713,0.8010514378547668,1.981433391571045,-1.3401687145233154
1.567625641822815,0.9948027729988098,-0.8912455439567566,-1.3586158752441406,0.7922707796096802,1.9828810691833496,-1.3603229522705078
1.5584882497787476,0.9928834438323975,-0.8813921213150024,-1.3523790836334229,0.7835246920585632,1.984224557876587,-1.3804773092269897
1.5493426322937012,0.9910951256752014,-0.8715503811836243,-1.346078872680664,0.7748146653175354,1.9854624271392822,-1.4006314277648926
1.5401870012283325,0.98943692445755,-0.8617164492607117,-1.3397135734558105,0.7661375999450684,1.9865977764129639,-1.420785903930664
1.5310230255126953,0.987906277179718,-0.8518894910812378,-1.333282470703125,0.7574901580810547,1.9876316785812378,-1.4409401416778564
1.5218521356582642,0.9865038990974426,-0.8420711159706116,-1.3267836570739746,0.7488731145858765,1.9885634183883667,-1.4610943794250488
1.512673258781433,0.9852284789085388,-0.832257866859436,-1.3202152252197266,0.7402833700180054,1.9893958568572998,-1.4812487363815308
1.5034887790679932,0.9840778112411499,-0.8224502801895142,-1.3135769367218018,0.7317196726799011,1.990128993988037,-1.5014028549194336
1.4942982196807861,0.9830530285835266,-0.8126476407051086,-1.3068656921386719,0.7231806516647339,1.990763545036316,-1.5215572118759155
1.485103726387024,0.982151985168457,-0.8028499484062195,-1.300081729888916,0.7146649360656738,1.9912999868392944,-1.541711449623108
1.4759052991867065,0.9813759922981262,-0.7930564880371094,-1.2932207584381104,0.7061712741851807,1.9917384386062622,-1.5618658065795898
1.4667028188705444,0.9807227253913879,-0.7832653522491455,-1.286283254623413,0.6976978778839111,1.9920802116394043,-1.5820200443267822
1.4574975967407227,0.9801931381225586,-0.7734766602516174,-1.2792656421661377,0.6892424821853638,1.9923256635665894,-1.6021742820739746
1.4482907056808472,0.9797857403755188,-0.7636896371841431,-1.272167444229126,0.6808044910430908,1.9924745559692383,-1.622328519821167
1.4390825033187866,0.9795025587081909,-0.7539048194885254,-1.2649850845336914,0.6723830103874207,1.9925267696380615,-1.642482876777649
1.4298741817474365,0.979341447353363,-0.7441211342811584,-1.2577173709869385,0.663976788520813,1.9924826622009277,-1.6626371145248413
1.420665979385376,0.979303777217865,-0.7343380451202393,-1.250361680984497,0.6555837988853455,1.9923419952392578,-1.6827914714813232
1.4114587306976318,0.9793900847434998,-0.7245554327964783,-1.242915153503418,0.6472034454345703,1.9921045303344727,-1.7029457092285156
