1.432443618774414,1.1457879543304443,-1.1243736743927002,-1.338353157043457,1.0314562320709229,1.8626956939697266,-2.083014726638794
1.4314517974853516,1.1345102787017822,-1.1135787963867188,-1.3476052284240723,1.0189603567123413,1.8719717264175415,-2.061145782470703
1.4304413795471191,1.1235551834106445,-1.1032626628875732,-1.356759786605835,1.0069677829742432,1.8809707164764404,-2.0392770767211914
1.4294122457504272,1.1128968000411987,-1.093384861946106,-1.3658199310302734,0.9954338669776917,1.8897149562835693,-2.0174081325531006
1.4283653497695923,1.1025135517120361,-1.083912968635559,-1.374788522720337,0.9843258857727051,1.8982223272323608,-1.9955393075942993
1.427302598953247,1.0923861265182495,-1.0748180150985718,-1.3836679458618164,0.9736117720603943,1.9065089225769043,-1.9736703634262085
1.4262248277664185,1.082498550415039,-1.0660749673843384,-1.3924610614776611,0.9632655382156372,1.9145885705947876,-1.9518015384674072
1.4251313209533691,1.072833776473999,-1.05765700340271,-1.401169776916504,0.9532583951950073,1.922476053237915,-1.929932713508606
1.4240235090255737,1.063378095626831,-1.049544095993042,-1.4097967147827148,0.943569004535675,1.9301824569702148,-1.9080638885498047
1.4229012727737427,1.054119348526001,-1.0417165756225586,-1.4183440208435059,0.9341769814491272,1.9377185106277466,-1.8861949443817139
1.421765923500061,1.0450454950332642,-1.0341572761535645,-1.4268136024475098,0.9250630736351013,1.9450939893722534,-1.8643261194229126
1.4206175804138184,1.036146640777588,-1.0268504619598389,-1.4352080821990967,0.9162110090255737,1.9523175954818726,-1.8424572944641113
1.419456124305725,1.0274134874343872,-1.0197809934616089,-1.443528413772583,0.9076050519943237,1.9593968391418457,-1.8205883502960205
1.4182769060134888,1.0188385248184204,-1.0129321813583374,-1.4517769813537598,0.8992316722869873,1.9663394689559937,-1.7987195253372192
1.4170907735824585,1.0104113817214966,-1.0062992572784424,-1.4599552154541016,0.8910768628120422,1.9731528759002686,-1.776850700378418
1.4158927202224731,1.00212562084198,-0.9998675584793091,-1.4680650234222412,0.8831291794776917,1.979841947555542,-1.7549818754196167
1.41468346118927,0.9939751625061035,-0.99362713098526,-1.4761083126068115,0.8753777742385864,1.9864126443862915,-1.7331129312515259
1.41346275806427,0.9859540462493896,-0.9875680804252625,-1.484086036682129,0.8678130507469177,1.9928704500198364,-1.7112441062927246
1.4122297763824463,0.9780554175376892,-0.9816798567771912,-1.491999626159668,0.8604236245155334,1.9992210865020752,-1.6893752813339233
1.4109861850738525,0.9702739715576172,-0.9759560823440552,-1.4998512268066406,0.8532025218009949,2.0054678916931152,-1.6675063371658325
1.4097319841384888,0.9626063704490662,-0.9703896045684814,-1.5076415538787842,0.8461414575576782,2.01161527633667,-1.6456375122070312
1.4084662199020386,0.9550464749336243,-0.9649717807769775,-1.5153717994689941,0.8392328023910522,2.017667531967163,-1.62376868724823
1.4071905612945557,0.947589635848999,-0.9596964716911316,-1.5230438709259033,0.8324682712554932,2.0236282348632812,-1.6018997430801392
1.4059044122695923,0.9402335286140442,-0.9545584917068481,-1.53065824508667,0.8258429765701294,2.0295004844665527,-1.580030918121338
1.4046074151992798,0.9329729676246643,-0.9495505094528198,-1.5382163524627686,0.8193493485450745,2.035287857055664,-1.5581620931625366
1.4032998085021973,0.9258044362068176,-0.9446672201156616,-1.545719861984253,0.8129824995994568,2.0409939289093018,-1.5362932682037354
1.4019831418991089,0.9187248349189758,-0.9399048089981079,-1.5531694889068604,0.8067360520362854,2.0466203689575195,-1.5144243240356445
1.4006561040878296,0.9117310047149658,-0.9352576732635498,-1.5605659484863281,0.8006060123443604,2.0521702766418457,-1.4925554990768433
1.399317741394043,0.9048199653625488,-0.930719792842865,-1.5679101943969727,0.7945858836174011,2.057647228240967,-1.470686674118042
1.39797043800354,0.8979882597923279,-0.9262886047363281,-1.5752041339874268,0.7886716723442078,2.0630526542663574,-1.4488177299499512
1.3966134786605835,0.8912346363067627,-0.9219609498977661,-1.5824475288391113,0.7828609347343445,2.068387985229492,-1.42694890499115
1.3952466249465942,0.8845546841621399,-0.9177307486534119,-1.5896427631378174,0.777147114276886,2.073657512664795,-1.4050800800323486
1.3938692808151245,0.8779473900794983,-0.9135951995849609,-1.5967891216278076,0.7715272903442383,2.078861713409424,-1.3832112550735474
1.3924832344055176,0.8714101910591125,-0.9095520973205566,-1.6038885116577148,0.7659982442855835,2.0840024948120117,-1.3613423109054565
1.3910870552062988,0.8649415373802185,-0.9055968523025513,-1.6109408140182495,0.7605563998222351,2.0890817642211914,-1.3394734859466553
1.389681339263916,0.8585376143455505,-0.9017265439033508,-1.617948293685913,0.7551977038383484,2.094102382659912,-1.317604660987854
1.3882665634155273,0.8521981239318848,-0.8979392051696777,-1.6249103546142578,0.7499200105667114,2.099064350128174,-1.2957357168197632
1.3868426084518433,0.8459208607673645,-0.8942317962646484,-1.6318281888961792,0.7447198033332825,2.1039695739746094,-1.273866891860962
1.3854074478149414,0.8397031426429749,-0.8905991315841675,-1.6387025117874146,0.7395930886268616,2.1088216304779053,-1.251997947692871
1.3839644193649292,0.8335442543029785,-0.8870425820350647,-1.6455345153808594,0.7345395088195801,2.113619089126587,-1.2301291227340698
1.3825117349624634,0.8274425268173218,-0.8835577964782715,-1.6523240804672241,0.7295555472373962,2.1183645725250244,-1.2082602977752686
1.3810490369796753,0.821395754814148,-0.8801422119140625,-1.6590720415115356,0.724638044834137,2.1230592727661133,-1.1863914728164673
1.3795745372772217,0.8154000639915466,-0.8767896294593811,-1.6657803058624268,0.719780445098877,2.1277072429656982,-1.1645225286483765
1.3780925273895264,0.809459388256073,-0.8735058307647705,-1.672447681427002,0.7149890065193176,2.132305145263672,-1.1426537036895752
1.3766010999679565,0.8035696744918823,-0.8702855110168457,-1.6790754795074463,0.7102574110031128,2.1368556022644043,-1.120784878730774
1.3751009702682495,0.7977303266525269,-0.8671277165412903,-1.685664415359497,0.7055848836898804,2.141359567642212,-1.0989160537719727
1.373591423034668,0.7919383645057678,-0.8640289306640625,-1.6922152042388916,0.7009679079055786,2.1458191871643066,-1.0770471096038818
1.372071385383606,0.7861942052841187,-0.8609871864318848,-1.6987276077270508,0.6964048147201538,2.1502346992492676,-1.0551782846450806
1.3705427646636963,0.7804965972900391,-0.8580023050308228,-1.7052031755447388,0.6918947696685791,2.154607057571411,-1.0333094596862793
1.3690049648284912,0.7748439311981201,-0.8550724387168884,-1.7116422653198242,0.6874354481697083,2.1589372158050537,-1.0114405155181885
1.3674572706222534,0.7692350149154663,-0.852195143699646,-1.7180445194244385,0.6830245852470398,2.1632261276245117,-0.9895716905593872
1.3659003973007202,0.7636692523956299,-0.8493698239326477,-1.7244112491607666,0.678661584854126,2.1674747467041016,-0.9677028656005859
1.364332914352417,0.7581454515457153,-0.8465930223464966,-1.7307428121566772,0.6743433475494385,2.171684741973877,-0.9458339810371399
1.3627575635910034,0.7526628375053406,-0.8438670039176941,-1.737039566040039,0.6700707674026489,2.1758546829223633,-0.9239651560783386
1.3611714839935303,0.7472206354141235,-0.8411872386932373,-1.7433017492294312,0.665840744972229,2.1799871921539307,-0.9020962715148926
1.35957670211792,0.7418173551559448,-0.8385545611381531,-1.7495300769805908,0.6616525650024414,2.18408203125,-0.8802274465560913
1.3579716682434082,0.7364522814750671,-0.835965633392334,-1.7557251453399658,0.657503604888916,2.188141345977783,-0.8583585619926453
1.356357216835022,0.7311252355575562,-0.8334212303161621,-1.7618869543075562,0.653394877910614,2.1921639442443848,-0.8364896774291992
1.3547334671020508,0.7258349061012268,-0.8309196829795837,-1.7680162191390991,0.6493237018585205,2.1961514949798584,-0.814620852470398
1.353100061416626,0.7205802798271179,-0.8284590244293213,-1.7741131782531738,0.6452878713607788,2.2001047134399414,-0.7927519679069519
1.3514569997787476,0.7153615951538086,-0.8260397911071777,-1.780178189277649,0.6412889361381531,2.2040233612060547,-0.7708831429481506
1.3498033285140991,0.7101768851280212,-0.8236585855484009,-1.7862119674682617,0.6373233795166016,2.20790958404541,-0.7490142583847046
1.3481411933898926,0.7050268650054932,-0.8213175535202026,-1.7922143936157227,0.6333916187286377,2.211761951446533,-0.7271454334259033
1.3464688062667847,0.699910044670105,-0.8190135359764099,-1.798186182975769,0.6294916272163391,2.2155823707580566,-0.7052765488624573
1.3447867631912231,0.6948256492614746,-0.8167462348937988,-1.8041273355484009,0.6256235241889954,2.2193710803985596,-0.683407723903656
1.3430945873260498,0.6897733211517334,-0.8145143389701843,-1.8100385665893555,0.6217853426933289,2.2231285572052,-0.66153883934021
1.3413925170898438,0.6847521066665649,-0.8123173713684082,-1.8159202337265015,0.6179755926132202,2.226855516433716,-0.6396699547767639
1.339680790901184,0.6797621250152588,-0.810154914855957,-1.8217722177505493,0.6141953468322754,2.2305517196655273,-0.6178011298179626
1.3379592895507812,0.6748021245002747,-0.8080258965492249,-1.8275952339172363,0.6104422807693481,2.234218120574951,-0.5959322452545166
1.3362265825271606,0.6698713302612305,-0.8059279918670654,-1.8333896398544312,0.6067151427268982,2.237856388092041,-0.5740634202957153
1.3344851732254028,0.6649706959724426,-0.803863525390625,-1.8391551971435547,0.6030150055885315,2.241464138031006,-0.5521945357322693
1.3327325582504272,0.6600983142852783,-0.8018287420272827,-1.8448926210403442,0.5993392467498779,2.245044231414795,-0.5303255915641785
1.3309704065322876,0.6552541255950928,-0.7998248934745789,-1.8506022691726685,0.5956878662109375,2.24859619140625,-0.5084567070007324
1.3291975259780884,0.6504375338554382,-0.7978503108024597,-1.8562843799591064,0.5920599699020386,2.2521207332611084,-0.48658785223960876
1.3274140357971191,0.645648181438446,-0.7959042191505432,-1.8619388341903687,0.5884541869163513,2.255617618560791,-0.4647189974784851
1.3256211280822754,0.640885591506958,-0.7939872741699219,-1.8675661087036133,0.584871232509613,2.259087562561035,-0.44285014271736145
1.3238171339035034,0.6361492276191711,-0.7920973896980286,-1.873166799545288,0.5813093781471252,2.262531042098999,-0.4209812879562378
1.3220036029815674,0.631438672542572,-0.7902352213859558,-1.8787407875061035,0.5777683258056641,2.2659478187561035,-0.39911243319511414
1.3201770782470703,0.6267533898353577,-0.7883971929550171,-1.8842886686325073,0.5742461681365967,2.2693402767181396,-0.3772435486316681
1.3183412551879883,0.6220936179161072,-0.7865862846374512,-1.8898100852966309,0.5707443952560425,2.2727060317993164,-0.35537469387054443
1.316495656967163,0.6174582242965698,-0.7848013639450073,-1.8953056335449219,0.5672612190246582,2.2760462760925293,-0.3335058391094208
1.314638614654541,0.6128471493721008,-0.7830407619476318,-1.9007757902145386,0.5637964606285095,2.279362201690674,-0.3116369843482971
1.3127702474594116,0.6082602739334106,-0.7813035249710083,-1.9062203168869019,0.5603489875793457,2.282653331756592,-0.28976812958717346
1.3108911514282227,0.6036965847015381,-0.7795901894569397,-1.9116398096084595,0.5569187998771667,2.2859203815460205,-0.2678992748260498
1.3090012073516846,0.599155843257904,-0.7778998017311096,-1.9170341491699219,0.5535040497779846,2.289163112640381,-0.24603042006492615
1.307100534439087,0.5946382880210876,-0.7762327194213867,-1.9224036931991577,0.5501064658164978,2.292381763458252,-0.2241615504026413
1.3051871061325073,0.5901432633399963,-0.774586021900177,-1.9277487993240356,0.5467231869697571,2.2955777645111084,-0.20229269564151764
1.3032631874084473,0.585669994354248,-0.7729615569114685,-1.9330693483352661,0.5433548092842102,2.298750162124634,-0.18042384088039398
1.301328420639038,0.5812187194824219,-0.7713582515716553,-1.9383656978607178,0.5400010347366333,2.3018994331359863,-0.15855498611927032
1.2993820905685425,0.5767887830734253,-0.769775927066803,-1.9436382055282593,0.5366607308387756,2.305026054382324,-0.13668613135814667
1.2974231243133545,0.5723802447319031,-0.7682124376296997,-1.948886752128601,0.5333338975906372,2.3081307411193848,-0.11481726914644241
1.2954529523849487,0.5679927468299866,-0.7666693329811096,-1.9541118144989014,0.5300199389457703,2.3112127780914307,-0.09294840693473816
1.2934719324111938,0.5636253356933594,-0.7651461362838745,-1.9593132734298706,0.5267181992530823,2.314272403717041,-0.0710795521736145
1.2914777994155884,0.559278666973114,-0.7636404633522034,-1.9644914865493774,0.5234288573265076,2.3173108100891113,-0.049210693687200546
1.2894723415374756,0.554952085018158,-0.7621538043022156,-1.9696465730667114,0.5201506614685059,2.3203275203704834,-0.02734183520078659
1.220487117767334,0.4870012402534485,-0.7189733982086182,-2.040414810180664,0.45580828189849854,2.3659276962280273,-0.026721514761447906
1.1402990818023682,0.4253288209438324,-0.6724581718444824,-2.103793144226074,0.3926871418952942,2.405146837234497,-0.02610119618475437
1.045466661453247,0.36947503685951233,-0.6181301474571228,-2.1599960327148438,0.32962191104888916,2.438546657562256,-0.025480877608060837
0.931057870388031,0.3193943500518799,-0.5502326488494873,-2.2090933322906494,0.2658212184906006,2.466494560241699,-0.024860557168722153
0.7903063893318176,0.2754957377910614,-0.461249977350235,-2.251053810119629,0.20077840983867645,2.489225149154663,-0.02424023672938347
0.6149101257324219,0.23876972496509552,-0.3421314060688019,-2.285780191421509,0.13422104716300964,2.506880283355713,-0.023619918152689934
0.3976367712020874,0.21091783046722412,-0.1848447322845459,-2.3131392002105713,0.06608136743307114,2.5195326805114746,-0.0229995995759964
0.13942168653011322,0.194221630692482,0.010563785210251808,-2.3329920768737793,-0.0035367540549486876,2.527200222015381,-0.022379279136657715
-0.0006925745401531458,0.19492760300636292,0.14519046247005463,-2.3348679542541504,-0.04863568767905235,2.527238368988037,0.009719014167785645
-0.13756777346134186,0.19925057888031006,0.27655142545700073,-2.336343765258789,-0.09374767541885376,2.5261383056640625,0.041817307472229004
-0.26727497577667236,0.20701976120471954,0.4007568061351776,-2.337421417236328,-0.13889716565608978,2.52388858795166,0.07391560077667236
-0.387112557888031,0.21797111630439758,0.5151445269584656,-2.338101625442505,-0.18410801887512207,2.520467758178711,0.10601389408111572
-0.49576008319854736,0.2318013608455658,0.6184345483779907,-2.3383874893188477,-0.22940631210803986,2.515843629837036,0.13811218738555908
-0.5930398106575012,0.24822036921977997,0.7104906439781189,-2.33828067779541,-0.2748201787471771,2.5099735260009766,0.17021048069000244
-0.6795433163642883,0.26698142290115356,0.7919477820396423,-2.337785243988037,-0.3203798830509186,2.502802610397339,0.2023087739944458
-0.7562719583511353,0.2878984808921814,0.8638527989387512,-2.336904525756836,-0.3661196529865265,2.494262218475342,0.23440706729888916
-0.8243744373321533,0.3108513653278351,0.927402913570404,-2.3356423377990723,-0.41207918524742126,2.4842686653137207,0.2665053606033325
-0.8849930763244629,0.3357831835746765,0.9837932586669922,-2.334003448486328,-0.45830294489860535,2.4727182388305664,0.2986036539077759
-0.9391732215881348,0.3626985549926758,1.0341261625289917,-2.3319931030273438,-0.5048442482948303,2.459489345550537,0.33070194721221924
-0.9878424406051636,0.3916598856449127,1.0793931484222412,-2.3296165466308594,-0.5517661571502686,2.4444313049316406,0.3628002405166626
-1.031789779663086,0.4227878451347351,1.1204559803009033,-2.3268799781799316,-0.5991432070732117,2.427365779876709,0.39489853382110596
-1.0284671783447266,0.39347296953201294,1.1138793230056763,-2.3461179733276367,-0.5662728548049927,2.4453604221343994,0.36412930488586426
-1.025871992111206,0.365328848361969,1.1087337732315063,-2.365091323852539,-0.5339199900627136,2.46211576461792,0.33336004614830017
-1.0241386890411377,0.33824577927589417,1.1051037311553955,-2.3838038444519043,-0.5020169615745544,2.4777259826660156,0.30259081721305847
-1.0234373807907104,0.31212618947029114,1.1031113862991333,-2.4022605419158936,-0.47050395607948303,2.4922738075256348,0.2718215882778168
-1.0239861011505127,0.286886602640152,1.1029351949691772,-2.4204649925231934,-0.4393281042575836,2.5058298110961914,0.24105234444141388
-1.0260655879974365,0.26245245337486267,1.1048208475112915,-2.4384217262268066,-0.40844303369522095,2.5184578895568848,0.210283100605011
-1.030057668685913,0.23876014351844788,1.1091201305389404,-2.4561333656311035,-0.3778071403503418,2.5302114486694336,0.1795138716697693
-1.036475658416748,0.21575415134429932,1.1163196563720703,-2.4736037254333496,-0.3473820388317108,2.541140079498291,0.1487446278333664
-1.0460565090179443,0.1933882087469101,1.1271330118179321,-2.4908361434936523,-0.3171352446079254,2.5512843132019043,0.1179753988981247
-1.0598499774932861,0.17162790894508362,1.1425895690917969,-2.5078330039978027,-0.2870350778102875,2.560682773590088,0.0872061476111412
-1.0794528722763062,0.15045002102851868,1.1642680168151855,-2.524597644805908,-0.2570538818836212,2.5693681240081787,0.0564369261264801
-1.1073932647705078,0.129853293299675,1.1946806907653809,-2.5411324501037598,-0.2271656095981598,2.577367067337036,0.02566767856478691
-1.1478590965270996,0.10986806452274323,1.2380015850067139,-2.5574395656585693,-0.1973465383052826,2.584705114364624,-0.005101547110825777
-1.2082805633544922,0.0905870720744133,1.3016488552093506,-2.573521614074707,-0.1675749272108078,2.5914037227630615,-0.03587079420685768
-1.38877272605896,0.11604603379964828,1.4623500108718872,-2.588545322418213,-0.22152018547058105,2.590183973312378,-0.004720163531601429
-1.5071940422058105,0.14394938945770264,1.5602762699127197,-2.602752923965454,-0.2759614884853363,2.5871644020080566,0.026430467143654823
-1.590895414352417,0.17352236807346344,1.6228294372558594,-2.6161372661590576,-0.33093705773353577,2.582242012023926,0.0575810968875885
-1.6538149118423462,0.20453880727291107,1.6640018224716187,-2.6286914348602295,-0.3864838182926178,2.575279951095581,0.08873172849416733
-1.7034363746643066,0.23703239858150482,1.6913347244262695,-2.6404099464416504,-0.4426414668560028,2.56610369682312,0.11988235265016556
-1.744041085243225,0.27118393778800964,1.7091717720031738,-2.65128755569458,-0.49945303797721863,2.5544915199279785,0.15103298425674438
-1.7782362699508667,0.30728551745414734,1.7201879024505615,-2.661320447921753,-0.5569701194763184,2.540161609649658,0.1821836233139038
-1.8076828718185425,0.34573331475257874,1.7261183261871338,-2.670506000518799,-0.6152553558349609,2.5227572917938232,0.21333424746990204
-1.833486557006836,0.3870392441749573,1.728151559829712,-2.678842544555664,-0.6743887662887573,2.5018234252929688,0.24448487162590027
-1.8564064502716064,0.4318622648715973,1.7271392345428467,-2.686330556869507,-0.7344785928726196,2.476773738861084,0.2756355106830597
-1.876979112625122,0.4810551702976227,1.7237262725830078,-2.692972183227539,-0.7956739664077759,2.4468395709991455,0.3067861497402191
-1.8955799341201782,0.5357389450073242,1.718413233757019,-2.698770761489868,-0.8581843376159668,2.411001205444336,0.33793678879737854
-1.9124714136123657,0.5974340438842773,1.7116178274154663,-2.7037322521209717,-0.9223179817199707,2.3678598403930664,0.3690873980522156
-1.9492175579071045,0.6185330152511597,1.7000352144241333,-2.6973438262939453,-0.9426312446594238,2.3511486053466797,0.348007470369339
-1.98195481300354,0.6400952935218811,1.6862093210220337,-2.6881344318389893,-0.9624789357185364,2.333463430404663,0.3269275426864624
-2.010939598083496,0.6619386076927185,1.670668601989746,-2.676185131072998,-0.9816095232963562,2.3150198459625244,0.3058476150035858
-2.0364115238189697,0.6838818192481995,1.6538848876953125,-2.6615874767303467,-0.9998072981834412,2.296039342880249,0.2847677171230316
-2.058587074279785,0.7057408690452576,1.6362563371658325,-2.644440174102783,-1.0168914794921875,2.2767467498779297,0.26368778944015503
-2.0776596069335938,0.7273365259170532,1.618107795715332,-2.624845027923584,-1.0327171087265015,2.2573611736297607,0.24260786175727844
-2.0937952995300293,0.7484956383705139,1.599687933921814,-2.6029040813446045,-1.0471749305725098,2.2380905151367188,0.22152793407440186
-2.1071362495422363,0.7690612077713013,1.5811755657196045,-2.578716278076172,-1.0601894855499268,2.2191245555877686,0.20044802129268646
-2.117804765701294,0.7888961434364319,1.562689185142517,-2.552375316619873,-1.0717116594314575,2.200627326965332,0.17936809360980988
-2.125903367996216,0.807890772819519,1.5442934036254883,-2.5239672660827637,-1.0817208290100098,2.1827335357666016,0.1582881659269333
-2.1315195560455322,0.8259692192077637,1.5260106325149536,-2.493567943572998,-1.0902173519134521,2.1655426025390625,0.1372082531452179
-2.1347293853759766,0.8430907130241394,1.5078312158584595,-2.461242914199829,-1.0972232818603516,2.1491174697875977,0.11612832546234131
-2.13560152053833,0.8592523336410522,1.48972487449646,-2.4270458221435547,-1.1027777194976807,2.1334850788116455,0.09504841268062592
-2.13419771194458,0.8744907975196838,1.4716483354568481,-2.3910160064697266,-1.1069356203079224,2.1186330318450928,0.07396848499774933
-2.1305809020996094,0.8888832926750183,1.453558325767517,-2.353180170059204,-1.1097698211669922,2.1045117378234863,0.052888572216033936
-2.124809980392456,0.9025381207466125,1.435413122177124,-2.313549041748047,-1.1113650798797607,2.091043472290039,0.03180864080786705
-2.1169471740722656,0.9156007766723633,1.4171850681304932,-2.272118091583252,-1.1118232011795044,2.0781164169311523,0.010728730820119381
-2.107055187225342,0.9282419085502625,1.3988616466522217,-2.228865146636963,-1.1112592220306396,2.065596103668213,-0.010351200588047504
-2.102996587753296,0.9364814162254333,1.3969367742538452,-2.2181620597839355,-1.11522376537323,2.058443546295166,-0.03442441299557686
-2.0989599227905273,0.9448255896568298,1.3951773643493652,-2.2073960304260254,-1.1192656755447388,2.051205635070801,-0.05849762633442879
-2.0949435234069824,0.9532762169837952,1.3935842514038086,-2.1965675354003906,-1.1233879327774048,2.043881893157959,-0.08257082849740982
-2.0909457206726074,0.96183842420578,1.3921606540679932,-2.1856746673583984,-1.1275972127914429,2.0364670753479004,-0.10664404928684235
-2.0869669914245605,0.9705172181129456,1.3909106254577637,-2.1747169494628906,-1.131899356842041,2.028956651687622,-0.13071724772453308
-2.083004951477051,0.979315996170044,1.3898367881774902,-2.1636929512023926,-1.1363003253936768,2.0213470458984375,-0.154790461063385
-2.07905912399292,0.9882417917251587,1.3889434337615967,-2.152601718902588,-1.140806794166565,2.0136330127716064,-0.17886367440223694
-2.0751285552978516,0.9973005652427673,1.3882355690002441,-2.14144229888916,-1.145426630973816,2.0058083534240723,-0.20293690264225006
-2.071211099624634,1.0064977407455444,1.38771653175354,-2.1302130222320557,-1.1501667499542236,1.9978688955307007,-0.2270101010799408
-2.0673069953918457,1.0158395767211914,1.3873926401138306,-2.118913173675537,-1.155033826828003,1.9898086786270142,-0.2510833144187927
-2.0634138584136963,1.0253350734710693,1.387269377708435,-2.107541084289551,-1.1600383520126343,1.9816200733184814,-0.27515652775764465
-2.0595312118530273,1.0349920988082886,1.3873536586761475,-2.096095561981201,-1.16519033908844,1.97329580783844,-0.2992297112941742
-2.0556588172912598,1.0448198318481445,1.3876534700393677,-2.084575653076172,-1.1704983711242676,1.9648281335830688,-0.3233029246330261
-2.0517990589141846,1.0548293590545654,1.388179063796997,-2.072979211807251,-1.1759748458862305,1.9562084674835205,-0.34737616777420044
-2.0479416847229004,1.065028429031372,1.388933539390564,-2.061305522918701,-1.1816307306289673,1.9474273920059204,-0.37144935131073
-2.04408860206604,1.0754287242889404,1.389927864074707,-2.0495522022247314,-1.187477707862854,1.938476800918579,-0.3955225944519043
-2.04024076461792,1.0860480070114136,1.391176700592041,-2.0377182960510254,-1.1935343742370605,1.9293404817581177,-0.41959577798843384
-2.0363948345184326,1.0968976020812988,1.3926900625228882,-2.025801420211792,-1.1998138427734375,1.9200087785720825,-0.44366899132728577
-2.032550573348999,1.107997179031372,1.3944833278656006,-2.013800621032715,-1.2063355445861816,1.9104650020599365,-0.4677422046661377
-2.0287063121795654,1.1193634271621704,1.3965721130371094,-2.001713275909424,-1.213118553161621,1.900693655014038,-0.4918154180049896
-2.024859666824341,1.1310172080993652,1.398972988128662,-1.989538311958313,-1.2201839685440063,1.890677571296692,-0.5158886313438416
-2.0210087299346924,1.14298415184021,1.4017070531845093,-1.977272868156433,-1.2275586128234863,1.880394458770752,-0.5399618744850159
-2.0171515941619873,1.155289649963379,1.4047964811325073,-1.9649157524108887,-1.2352688312530518,1.86982262134552,-0.5640349984169006
-2.0132861137390137,1.167966365814209,1.4082685708999634,-1.952463984489441,-1.2433476448059082,1.8589329719543457,-0.588108241558075
-2.0094096660614014,1.181052803993225,1.412154197692871,-1.9399158954620361,-1.2518335580825806,1.8476933240890503,-0.6121814250946045
-2.0055184364318848,1.194588303565979,1.4164870977401733,-1.9272687435150146,-1.2607673406600952,1.8360693454742432,-0.6362546682357788
-2.005542278289795,1.1967413425445557,1.417715311050415,-1.9269375801086426,-1.262488603591919,1.8342654705047607,-0.6582049131393433
-2.0055646896362305,1.1989060640335083,1.4189497232437134,-1.9266060590744019,-1.2642178535461426,1.8324512243270874,-0.6801552176475525
-2.0055861473083496,1.201085090637207,1.4201918840408325,-1.9262746572494507,-1.2659577131271362,1.8306244611740112,-0.7021054625511169
-2.0056064128875732,1.2032777070999146,1.4214410781860352,-1.9259427785873413,-1.267707109451294,1.8287861347198486,-0.7240557670593262
-2.0056257247924805,1.2054839134216309,1.422697901725769,-1.925610899925232,-1.2694664001464844,1.8269354104995728,-0.7460060119628906
-2.0056443214416504,1.2077032327651978,1.423961877822876,-1.9252790212631226,-1.2712351083755493,1.825073480606079,-0.7679562568664551
-2.005661964416504,1.2099387645721436,1.4252347946166992,-1.924946665763855,-1.2730154991149902,1.8231970071792603,-0.7899065613746643
-2.005678653717041,1.212188482284546,1.4265153408050537,-1.9246140718460083,-1.2748059034347534,1.8213083744049072,-0.8118568062782288
-2.0056941509246826,1.214451551437378,1.4278030395507812,-1.9242814779281616,-1.2766060829162598,1.8194078207015991,-0.833807110786438
-2.005708694458008,1.2167307138442993,1.4290997982025146,-1.9239486455917358,-1.2784178256988525,1.817493200302124,-0.8557573556900024
-2.0057215690612793,1.2190241813659668,1.4304039478302002,-1.9236154556274414,-1.2802402973175049,1.8155659437179565,-0.8777076005935669
-2.0057339668273926,1.2213327884674072,1.4317166805267334,-1.9232826232910156,-1.2820732593536377,1.8136253356933594,-0.8996579051017761
-2.0057454109191895,1.2236582040786743,1.4330388307571411,-1.922949194908142,-1.2839179039001465,1.811669945716858,-0.9216082096099854
-2.0057549476623535,1.225999116897583,1.4343687295913696,-1.9226157665252686,-1.2857742309570312,1.8097013235092163,-0.9435584545135498
-2.0057640075683594,1.2283577919006348,1.4357088804244995,-1.9222819805145264,-1.2876436710357666,1.8077168464660645,-0.9655086994171143
-2.0057716369628906,1.230733036994934,1.4370579719543457,-1.9219480752944946,-1.2895249128341675,1.8057178258895874,-0.9874589443206787
-2.0057787895202637,1.2331258058547974,1.4384169578552246,-1.9216140508651733,-1.2914186716079712,1.8037034273147583,-1.0094091892242432
-2.0057835578918457,1.2355341911315918,1.4397841691970825,-1.9212796688079834,-1.2933236360549927,1.8016753196716309,-1.0313595533370972
-2.0057878494262695,1.2379626035690308,1.4411624670028687,-1.920945405960083,-1.295243740081787,1.7996299266815186,-1.0533097982406616
-2.0057907104492188,1.240407943725586,1.4425500631332397,-1.9206109046936035,-1.2971752882003784,1.7975695133209229,-1.075260043144226
-2.005791664123535,1.24286949634552,1.4439464807510376,-1.9202760457992554,-1.2991191148757935,1.7954946756362915,-1.09721040725708
-2.0057926177978516,1.2453548908233643,1.4453563690185547,-1.9199410676956177,-1.3010802268981934,1.7933988571166992,-1.119160532951355
-2.0057904720306396,1.247854232788086,1.4467732906341553,-1.9196059703826904,-1.3030513525009155,1.7912914752960205,-1.141110897064209
-2.0057880878448486,1.2503772974014282,1.448203682899475,-1.919270634651184,-1.305039644241333,1.7891628742218018,-1.1630611419677734
-2.0057826042175293,1.2529101371765137,1.4496392011642456,-1.9189355373382568,-1.3070347309112549,1.7870252132415771,-1.185011386871338
-2.0057778358459473,1.2554737329483032,1.451092004776001,-1.9185998439788818,-1.3090529441833496,1.7848610877990723,-1.206961750984192
-2.0057716369628906,1.2580604553222656,1.4525578022003174,-1.9182639122009277,-1.3110876083374023,1.7826766967773438,-1.2289118766784668
-2.005762815475464,1.2606651782989502,1.4540331363677979,-1.9179279804229736,-1.3131357431411743,1.780476689338684,-1.2508622407913208
-2.0057530403137207,1.2632956504821777,1.4555227756500244,-1.9175915718078613,-1.3152027130126953,1.7782542705535889,-1.2728124856948853
-2.005741596221924,1.2659459114074707,1.4570235013961792,-1.9172552824020386,-1.3172838687896729,1.7760142087936401,-1.2947627305984497
-2.0057284832000732,1.2686207294464111,1.4585375785827637,-1.916918396949768,-1.3193832635879517,1.7737526893615723,-1.3167129755020142
-2.00571346282959,1.271317481994629,1.4600640535354614,-1.916581630706787,-1.3214985132217407,1.7714720964431763,-1.3386632204055786
-2.0056967735290527,1.2740371227264404,1.461603045463562,-1.9162448644638062,-1.323630452156067,1.7691713571548462,-1.3606135845184326
-2.005678415298462,1.2767844200134277,1.4631574153900146,-1.9159075021743774,-1.3257826566696167,1.7668465375900269,-1.382563829421997
-2.0056591033935547,1.2795593738555908,1.4647272825241089,-1.9155703783035278,-1.3279556035995483,1.7644975185394287,-1.4045140743255615
-2.005636692047119,1.2823553085327148,1.46630859375,-1.9152328968048096,-1.3301432132720947,1.762129783630371,-1.426464319229126
-2.005612373352051,1.2851799726486206,1.4679056406021118,-1.9148950576782227,-1.3323521614074707,1.759737491607666,-1.44841468334198
-2.005586862564087,1.2880345582962036,1.4695199728012085,-1.9145570993423462,-1.3345834016799927,1.7573187351226807,-1.4703649282455444
-2.005558967590332,1.2909151315689087,1.4711483716964722,-1.9142191410064697,-1.3368334770202637,1.7548770904541016,-1.4923151731491089
-2.0055291652679443,1.2938251495361328,1.4727932214736938,-1.9138810634613037,-1.339105248451233,1.7524101734161377,-1.514265537261963
-2.005497455596924,1.2967673540115356,1.4744560718536377,-1.9135425090789795,-1.3414008617401123,1.7499148845672607,-1.5362157821655273
-2.0054633617401123,1.2997385263442993,1.476135015487671,-1.9132039546966553,-1.3437175750732422,1.74739408493042,-1.5581660270690918
-2.0054268836975098,1.3027417659759521,1.4778319597244263,-1.912865400314331,-1.3460581302642822,1.7448455095291138,-1.5801162719726562
-2.005388021469116,1.3057770729064941,1.4795469045639038,-1.9125263690948486,-1.3484222888946533,1.742268681526184,-1.6020665168762207
-2.00534725189209,1.30884850025177,1.4812818765640259,-1.9121874570846558,-1.3508131504058838,1.739660620689392,-1.6240167617797852
-2.005303382873535,1.3119542598724365,1.4830358028411865,-1.9118480682373047,-1.3532296419143677,1.7370226383209229,-1.6459670066833496
-2.0052571296691895,1.3150962591171265,1.4848103523254395,-1.9115084409713745,-1.3556725978851318,1.7343528270721436,-1.6679173707962036
-2.0052080154418945,1.3182737827301025,1.4866045713424683,-1.9111688137054443,-1.3581417798995972,1.731651782989502,-1.689867615699768
-2.0051565170288086,1.3214927911758423,1.4884222745895386,-1.910828948020935,-1.3606420755386353,1.7289148569107056,-1.711817741394043
-2.0051023960113525,1.3247511386871338,1.4902620315551758,-1.9104889631271362,-1.3631713390350342,1.726143479347229,-1.733768105506897
-2.005045175552368,1.3280510902404785,1.4921250343322754,-1.9101488590240479,-1.3657313585281372,1.7233357429504395,-1.755718469619751
-2.0049848556518555,1.3313941955566406,1.4940122365951538,-1.9098083972930908,-1.3683234453201294,1.7204904556274414,-1.7776687145233154
-2.0049214363098145,1.3347816467285156,1.495924472808838,-1.9094679355621338,-1.3709485530853271,1.717606782913208,-1.7996189594268799
-2.004854440689087,1.3382148742675781,1.497862458229065,-1.9091269969940186,-1.3736077547073364,1.714682698249817,-1.8215692043304443
-2.004784107208252,1.3416979312896729,1.4998284578323364,-1.9087861776351929,-1.3763039112091064,1.7117152214050293,-1.8435194492340088
-2.0047101974487305,1.3452303409576416,1.5018222332000732,-1.9084450006484985,-1.3790369033813477,1.708704948425293,-1.8654696941375732
-2.0046329498291016,1.3488179445266724,1.5038471221923828,-1.9081037044525146,-1.3818110227584839,1.7056466341018677,-1.8874200582504272
-2.0045509338378906,1.3524569272994995,1.5059008598327637,-1.9077622890472412,-1.3846235275268555,1.7025433778762817,-1.9093703031539917
-2.0044655799865723,1.3561556339263916,1.507988452911377,-1.9074205160140991,-1.38748037815094,1.699388027191162,-1.9313205480575562
-2.004376173019409,1.3599134683609009,1.510109543800354,-1.907078742980957,-1.3903818130493164,1.696181297302246,-1.9532707929611206
-2.004281520843506,1.363731026649475,1.5122641324996948,-1.9067367315292358,-1.3933274745941162,1.692922592163086,-1.9752211570739746
-2.0041825771331787,1.3676185607910156,1.514458417892456,-1.9063944816589355,-1.396325707435608,1.6896030902862549,-1.997171401977539
-2.0040788650512695,1.371575117111206,1.5166919231414795,-1.9060522317886353,-1.3993754386901855,1.686223030090332,-2.0191216468811035
-2.003969669342041,1.3756040334701538,1.5189661979675293,-1.9057095050811768,-1.4024795293807983,1.6827802658081055,-2.041071891784668
-2.003854751586914,1.3797115087509155,1.521285057067871,-1.9053668975830078,-1.4056425094604492,1.6792691946029663,-2.0630221366882324
-2.0037341117858887,1.3838974237442017,1.5236483812332153,-1.9050238132476807,-1.4088643789291382,1.675689935684204,-2.084972620010376
-2.0036075115203857,1.3881760835647583,1.5260645151138306,-1.904680609703064,-1.4121558666229248,1.672029733657837,-2.1069226264953613
-2.003474235534668,1.3925405740737915,1.5285290479660034,-1.9043374061584473,-1.4155118465423584,1.668294906616211,-2.128872871398926
-2.0033340454101562,1.3970037698745728,1.5310499668121338,-1.9039939641952515,-1.4189420938491821,1.664474368095398,-2.1508233547210693
-2.0031862258911133,1.4015744924545288,1.5336319208145142,-1.9036504030227661,-1.4224531650543213,1.6605602502822876,-2.172773599624634
-2.00303053855896,1.4062607288360596,1.5362796783447266,-1.9033063650131226,-1.4260514974594116,1.6565457582473755,-2.194723606109619
-2.0028653144836426,1.4110603332519531,1.538991928100586,-1.902962327003479,-1.4297351837158203,1.6524325609207153,-2.2166740894317627
-2.0026915073394775,1.4159924983978271,1.541779637336731,-1.902618169784546,-1.433518648147583,1.6482044458389282,-2.2386245727539062
-2.0025076866149902,1.4210699796676636,1.5446503162384033,-1.9022736549377441,-1.437412142753601,1.6438500881195068,-2.2605745792388916
-2.002312421798706,1.4262983798980713,1.5476070642471313,-1.901929259300232,-1.4414194822311401,1.639364242553711,-2.282524824142456
-2.0021042823791504,1.4316972494125366,1.5506610870361328,-1.901584267616272,-1.4455556869506836,1.6347306966781616,-2.3044750690460205
-2.0018839836120605,1.4372820854187012,1.5538216829299927,-1.9012393951416016,-1.4498329162597656,1.6299355030059814,-2.326425313949585
-2.001648187637329,1.443069577217102,1.5570977926254272,-1.900894284248352,-1.454263687133789,1.6249643564224243,-2.3483757972717285
-2.0013957023620605,1.4490940570831299,1.5605098009109497,-1.9005486965179443,-1.4588738679885864,1.619787335395813,-2.370325803756714
-2.001124382019043,1.455374836921692,1.5640685558319092,-1.9002033472061157,-1.4636785984039307,1.6143878698349,-2.3922762870788574
-2.0008316040039062,1.4619544744491577,1.567798376083374,-1.8998576402664185,-1.4687100648880005,1.6087292432785034,-2.414226531982422
-2.000514030456543,1.4688720703125,1.571722149848938,-1.8995118141174316,-1.4739985466003418,1.602777361869812,-2.4361767768859863
-2.000166893005371,1.4761972427368164,1.575879693031311,-1.8991656303405762,-1.479596734046936,1.5964720249176025,-2.458127021789551
