0.9511536955833435,1.0049386024475098,-0.8398839235305786,-1.2884197235107422,0.752030611038208,1.9733715057373047,-2.2952637672424316
0.9451488852500916,0.9933422207832336,-0.8232753276824951,-1.296187400817871,0.734889805316925,1.9825515747070312,-2.2707908153533936
0.9390942454338074,0.9820825457572937,-0.8070687055587769,-1.3038725852966309,0.7182126045227051,1.9914426803588867,-2.2463178634643555
0.9329899549484253,0.9711410403251648,-0.7912343740463257,-1.3114771842956543,0.701967179775238,2.00006103515625,-2.2218449115753174
0.9268362522125244,0.9604989290237427,-0.7757440209388733,-1.3190035820007324,0.6861241459846497,2.0084228515625,-2.1973719596862793
0.9206345081329346,0.9501386880874634,-0.7605733871459961,-1.3264539241790771,0.6706579923629761,2.016542434692383,-2.172899007797241
0.9143829941749573,0.9400472640991211,-0.7456986308097839,-1.333829641342163,0.6555435061454773,2.024432897567749,-2.148426055908203
0.9080833792686462,0.9302096366882324,-0.7311001420021057,-1.341132640838623,0.6407607197761536,2.032104969024658,-2.123953104019165
0.9017361998558044,0.9206142425537109,-0.7167600989341736,-1.348365068435669,0.6262903809547424,2.03956937789917,-2.099480152130127
0.8953402042388916,0.9112496376037598,-0.7026594877243042,-1.3555278778076172,0.6121132969856262,2.046837091445923,-2.075007200241089
0.888896644115448,0.9021043181419373,-0.6887831687927246,-1.362623691558838,0.5982130169868469,2.0539166927337646,-2.050534248352051
0.882404625415802,0.8931692242622375,-0.6751163005828857,-1.3696537017822266,0.5845749974250793,2.060817003250122,-2.0260612964630127
0.8758640885353088,0.8844361305236816,-0.6616452932357788,-1.3766193389892578,0.5711845755577087,2.067544937133789,-2.0015883445739746
0.8692761659622192,0.875896692276001,-0.6483591198921204,-1.383521556854248,0.558030366897583,2.0741074085235596,-1.9771153926849365
0.8626396059989929,0.8675433397293091,-0.6352448463439941,-1.39036226272583,0.5450989007949829,2.0805118083953857,-1.9526424407958984
0.8559544086456299,0.8593690395355225,-0.6222918033599854,-1.3971421718597412,0.5323802828788757,2.086763858795166,-1.9281694889068604
0.8492211103439331,0.8513667583465576,-0.6094905138015747,-1.4038634300231934,0.5198635458946228,2.092869758605957,-1.9036965370178223
0.8424392342567444,0.8435312509536743,-0.5968317985534668,-1.4105262756347656,0.5075397491455078,2.098834276199341,-1.8792235851287842
0.8356090784072876,0.83585524559021,-0.5843064188957214,-1.41713285446167,0.4953992962837219,2.1046628952026367,-1.854750633239746
0.8287292718887329,0.828335165977478,-0.5719056129455566,-1.4236838817596436,0.48343390226364136,2.110360622406006,-1.830277681350708
0.8218011856079102,0.8209652900695801,-0.559623122215271,-1.430180549621582,0.47163620591163635,2.1159310340881348,-1.80580472946167
0.8148235082626343,0.8137410283088684,-0.547450602054596,-1.4366230964660645,0.45999908447265625,2.1213791370391846,-1.7813317775726318
0.8077972531318665,0.8066583871841431,-0.535382866859436,-1.4430131912231445,0.44851553440093994,2.126707077026367,-1.7568588256835938
0.8007211685180664,0.7997121214866638,-0.5234113335609436,-1.449352502822876,0.4371780753135681,2.1319212913513184,-1.7323858737945557
0.7935951948165894,0.7928997874259949,-0.5115309357643127,-1.4556407928466797,0.42598164081573486,2.137023687362671,-1.7079129219055176
0.7864197492599487,0.786216676235199,-0.49973636865615845,-1.461879014968872,0.41492074728012085,2.1420176029205322,-1.6834399700164795
0.7791943550109863,0.7796586751937866,-0.4880213439464569,-1.4680700302124023,0.4039885103702545,2.146906852722168,-1.6589670181274414
0.7719188332557678,0.7732247114181519,-0.47638192772865295,-1.4742116928100586,0.39318159222602844,2.151693344116211,-1.6344940662384033
0.7645935416221619,0.7669095993041992,-0.4648127555847168,-1.4803075790405273,0.3824939429759979,2.1563804149627686,-1.6100211143493652
0.7572165727615356,0.7607119083404541,-0.45330798625946045,-1.4863560199737549,0.37192100286483765,2.1609716415405273,-1.5855481624603271
0.7497895956039429,0.7546279430389404,-0.44186508655548096,-1.4923593997955322,0.36146000027656555,2.165468215942383,-1.561075210571289
0.7423118352890015,0.7486554384231567,-0.4304792881011963,-1.4983186721801758,0.35110482573509216,2.169872999191284,-1.536602258682251
0.7347830533981323,0.7427915930747986,-0.41914623975753784,-1.5042333602905273,0.3408527076244354,2.1741886138916016,-1.5121294260025024
0.7272028923034668,0.7370354533195496,-0.40786269307136536,-1.5101051330566406,0.33069953322410583,2.1784169673919678,-1.4876563549041748
0.719571590423584,0.7313828468322754,-0.3966250419616699,-1.5159335136413574,0.3206420838832855,2.1825599670410156,-1.4631834030151367
0.7118890285491943,0.7258322834968567,-0.38542962074279785,-1.5217208862304688,0.31067684292793274,2.1866202354431152,-1.4387104511260986
0.7041548490524292,0.7203823924064636,-0.37427353858947754,-1.5274667739868164,0.3008004128932953,2.190598964691162,-1.4142374992370605
0.6963685750961304,0.7150304317474365,-0.3631529211997986,-1.5331721305847168,0.2910096049308777,2.1944990158081055,-1.3897645473480225
0.6885308027267456,0.7097756266593933,-0.35206592082977295,-1.538837194442749,0.28130242228507996,2.198320150375366,-1.3652915954589844
0.6806410551071167,0.7046153545379639,-0.34100911021232605,-1.5444629192352295,0.271674782037735,2.20206618309021,-1.3408187627792358
0.6726992726325989,0.6995478272438049,-0.3299798369407654,-1.5500500202178955,0.2621246576309204,2.205738067626953,-1.3163456916809082
0.6647052764892578,0.6945725679397583,-0.3189755976200104,-1.555598497390747,0.2526496648788452,2.209336519241333,-1.2918727397918701
0.6566588878631592,0.6896867156028748,-0.307993620634079,-1.5611095428466797,0.24324756860733032,2.2128639221191406,-1.267399787902832
0.6485604643821716,0.6848902702331543,-0.2970324754714966,-1.5665833950042725,0.23391543328762054,2.2163217067718506,-1.242926836013794
0.6404098868370056,0.6801807284355164,-0.28608933091163635,-1.5720205307006836,0.22465065121650696,2.2197105884552,-1.2184538841247559
0.6322067975997925,0.6755573749542236,-0.27516210079193115,-1.5774214267730713,0.2154521495103836,2.223031997680664,-1.1939809322357178
0.6239477396011353,0.6710184216499329,-0.26424452662467957,-1.5827865600585938,0.20631465315818787,2.226287841796875,-1.1695079803466797
0.6156395077705383,0.6665632724761963,-0.2533426582813263,-1.5881168842315674,0.19724062085151672,2.229478597640991,-1.1450351476669312
0.6072784662246704,0.6621910333633423,-0.24245047569274902,-1.5934123992919922,0.18822689354419708,2.2326059341430664,-1.120562195777893
0.5988648533821106,0.6579004526138306,-0.23156659305095673,-1.5986733436584473,0.17927157878875732,2.235670804977417,-1.096089243888855
0.5903996825218201,0.6536900401115417,-0.22069016098976135,-1.6039011478424072,0.170371875166893,2.2386739253997803,-1.0716161727905273
0.5818818807601929,0.6495590209960938,-0.20981861650943756,-1.6090948581695557,0.16152675449848175,2.2416162490844727,-1.0471432209014893
0.5733117461204529,0.6455072164535522,-0.19895054399967194,-1.6142559051513672,0.1527348756790161,2.2444992065429688,-1.0226702690124512
0.5646897554397583,0.6415327787399292,-0.1880849450826645,-1.6193842887878418,0.1439942866563797,2.247323513031006,-0.9981973767280579
0.5560154914855957,0.6376354694366455,-0.17721980810165405,-1.6244808435440063,0.13530296087265015,2.250091075897217,-0.9737244248390198
0.5472897291183472,0.6338145136833191,-0.166354700922966,-1.6295454502105713,0.1266602724790573,2.2528011798858643,-0.9492515325546265
0.5385123491287231,0.630068838596344,-0.15548816323280334,-1.6345785856246948,0.11806470155715942,2.2554547786712646,-0.9247785806655884
0.5296837091445923,0.6263976097106934,-0.14461901783943176,-1.6395807266235352,0.10951505601406097,2.258054256439209,-0.9003055095672607
0.5208035707473755,0.6228005886077881,-0.13374580442905426,-1.64455246925354,0.10100894421339035,2.26059889793396,-0.8758325576782227
0.5118729472160339,0.6192770004272461,-0.1228683739900589,-1.6494940519332886,0.09254626929759979,2.2630906105041504,-0.8513596653938293
0.5028916001319885,0.6158257126808167,-0.11198543012142181,-1.6544053554534912,0.08412574231624603,2.265528678894043,-0.8268867135047913
0.4938597083091736,0.612447202205658,-0.10109557956457138,-1.6592875719070435,0.07574494183063507,2.2679152488708496,-0.8024137616157532
0.4847783148288727,0.6091398596763611,-0.09019917994737625,-1.6641404628753662,0.06740407645702362,2.270249843597412,-0.7779408693313599
0.47564697265625,0.6059043407440186,-0.0792946144938469,-1.66896390914917,0.0591018982231617,2.2725343704223633,-0.7534679174423218
0.4664662778377533,0.6027384400367737,-0.06838122010231018,-1.6737596988677979,0.05083626136183739,2.2747678756713867,-0.7289949655532837
0.4572378098964691,0.5996432304382324,-0.057459861040115356,-1.6785269975662231,0.04260789230465889,2.2769527435302734,-0.704521894454956
0.44795936346054077,0.5966181755065918,-0.04652700200676918,-1.683266043663025,0.034413695335388184,2.279088258743286,-0.6800490021705627
0.4386340379714966,0.5936616063117981,-0.035585153847932816,-1.6879777908325195,0.026254184544086456,2.2811756134033203,-0.6555760502815247
0.42926087975502014,0.5907743573188782,-0.024632131680846214,-1.6926617622375488,0.0181280467659235,2.283214569091797,-0.6311030983924866
0.41984158754348755,0.5879553556442261,-0.01366911269724369,-1.69731867313385,0.010034626349806786,2.285205841064453,-0.6066302061080933
0.41037601232528687,0.5852047204971313,-0.0026946822181344032,-1.7019492387771606,0.0019724080339074135,2.2871510982513428,-0.5821572542190552
0.4008641242980957,0.5825214982032776,0.008291942067444324,-1.706553339958191,-0.0060594878159463406,2.2890501022338867,-0.5576843023300171
0.3913078308105469,0.5799061059951782,0.019291097298264503,-1.711130976676941,-0.014060885645449162,2.290903091430664,-0.5332112312316895
0.38170701265335083,0.5773579478263855,0.030300697311758995,-1.7156829833984375,-0.022033950313925743,2.292710542678833,-0.5087383389472961
0.3720628619194031,0.5748769044876099,0.041321903467178345,-1.7202088832855225,-0.02997821941971779,2.2944729328155518,-0.48426538705825806
0.3623754382133484,0.5724617838859558,0.05235544219613075,-1.7247097492218018,-0.03789568692445755,2.2961907386779785,-0.45979243516921997
0.35264647006988525,0.5701130628585815,0.06340000033378601,-1.7291853427886963,-0.045785605907440186,2.2978641986846924,-0.4353195130825043
0.3428761661052704,0.567830502986908,0.07445646077394485,-1.7336366176605225,-0.053650252521038055,2.299494504928589,-0.4108465909957886
0.33306434750556946,0.5656143426895142,0.08552559465169907,-1.7380623817443848,-0.06149003282189369,2.3010807037353516,-0.3863736391067505
0.32321447134017944,0.5634632110595703,0.09660439938306808,-1.7424640655517578,-0.06930413097143173,2.302623987197876,-0.3619007170200348
0.3133254647254944,0.5613779425621033,0.10769480466842651,-1.746841311454773,-0.07709477841854095,2.304124355316162,-0.33742764592170715
0.30339884757995605,0.5593578219413757,0.11879593878984451,-1.751194953918457,-0.08486194163560867,2.3055827617645264,-0.31295472383499146
0.29343557357788086,0.5574030876159668,0.12990742921829224,-1.755524754524231,-0.09260676056146622,2.3069992065429688,-0.28848177194595337
0.28343626856803894,0.5555129647254944,0.14102928340435028,-1.7598307132720947,-0.10032983124256134,2.308372735977173,-0.26400884985923767
0.2131238877773285,0.541904091835022,0.192276731133461,-1.7889719009399414,-0.134779155254364,2.3181495666503906,-0.244713693857193
0.1404278725385666,0.5308147668838501,0.24495266377925873,-1.8157676458358765,-0.16945499181747437,2.326246976852417,-0.2254185527563095
0.0656418427824974,0.5222899317741394,0.29888826608657837,-1.8402825593948364,-0.20444414019584656,2.332676649093628,-0.20612339675426483
-0.010865747928619385,0.5163829922676086,0.35383671522140503,-1.8625668287277222,-0.2398219257593155,2.337435483932495,-0.18682825565338135
-0.08865884691476822,0.5131485462188721,0.40948203206062317,-1.8826593160629272,-0.27565377950668335,2.3405067920684814,-0.16753311455249786
-0.1672484427690506,0.5126425623893738,0.46545687317848206,-1.900590419769287,-0.31199929118156433,2.341862440109253,-0.14823795855045319
-0.24611197412014008,0.5149182081222534,0.5213643312454224,-1.916383147239685,-0.3489118218421936,2.3414602279663086,-0.1289428174495697
-0.32471978664398193,0.520026445388794,0.5768054723739624,-1.9300546646118164,-0.3864448070526123,2.3392457962036133,-0.10964765399694443
-0.40255993604660034,0.5280179381370544,0.631408154964447,-1.9416173696517944,-0.42465171217918396,2.3351478576660156,-0.09035250544548035
-0.4791583716869354,0.5389459729194641,0.6848458647727966,-1.9510810375213623,-0.463589072227478,2.3290817737579346,-0.07105736434459686
-0.5541025996208191,0.5528705716133118,0.7368671298027039,-1.958451271057129,-0.5033221244812012,2.320941925048828,-0.051762212067842484
-0.6270491480827332,0.5698661804199219,0.7873042225837708,-1.9637327194213867,-0.5439252853393555,2.3106026649475098,-0.0324670635163784
-0.6977323889732361,0.5900302529335022,0.8360848426818848,-1.9669278860092163,-0.5854913592338562,2.297910213470459,-0.01317191869020462
-0.7659621834754944,0.613491415977478,0.8832353949546814,-1.9680386781692505,-0.6281346082687378,2.2826807498931885,0.006123225670307875
-0.8316170573234558,0.6404245495796204,0.9288799166679382,-1.9670653343200684,-0.6720018982887268,2.264688014984131,0.025418393313884735
-0.8946362733840942,0.671065092086792,0.9732423424720764,-1.9640074968338013,-0.7172822952270508,2.2436537742614746,0.044713545590639114
-0.9550055861473083,0.7057326436042786,1.016644835472107,-1.958863615989685,-0.7642260193824768,2.2192299365997314,0.0640086829662323
-1.01274836063385,0.744860053062439,1.0595194101333618,-1.9516315460205078,-0.813168466091156,2.1909701824188232,0.08330383151769638
-1.0679067373275757,0.7890465259552002,1.1024242639541626,-1.942306637763977,-0.8645702004432678,2.1582894325256348,0.10259896516799927
-1.120532512664795,0.8391357660293579,1.1460880041122437,-1.9308823347091675,-0.9190808534622192,2.120392322540283,0.12189412117004395
-1.1706643104553223,0.8963592052459717,1.1914877891540527,-1.9173506498336792,-0.9776532649993896,2.0761497020721436,0.14118929207324982
-1.2183080911636353,0.9626229405403137,1.2400277853012085,-1.9016988277435303,-1.0417718887329102,2.0238475799560547,0.1604844182729721
-1.2633919715881348,1.041141152381897,1.2939338684082031,-1.883909821510315,-1.1139624118804932,1.9606373310089111,0.17977957427501678
-1.27968168258667,1.0250754356384277,1.2940967082977295,-1.9096330404281616,-1.106381893157959,1.974412202835083,0.20303620398044586
-1.296274185180664,1.0099023580551147,1.2952849864959717,-1.934964656829834,-1.0997250080108643,1.9874598979949951,0.22629283368587494
-1.3131717443466187,0.9955633878707886,1.297415852546692,-1.9599242210388184,-1.0939080715179443,1.9998326301574707,0.24954946339130402
-1.3303824663162231,0.9820111393928528,1.3004223108291626,-1.9845296144485474,-1.0888582468032837,2.0115742683410645,0.2728061079978943
-1.3479125499725342,0.9692064523696899,1.3042465448379517,-2.0087971687316895,-1.0845147371292114,2.0227203369140625,0.29606273770332336
-1.3657684326171875,0.9571172595024109,1.3088377714157104,-2.032743453979492,-1.0808253288269043,2.03330135345459,0.31931936740875244
-1.3839550018310547,0.9457182288169861,1.3141515254974365,-2.0563817024230957,-1.0777450799942017,2.043341636657715,0.3425759971141815
-1.4024754762649536,0.9349896907806396,1.3201475143432617,-2.0797247886657715,-1.0752367973327637,2.052861213684082,0.3658326268196106
-1.4213347434997559,0.9249167442321777,1.3267905712127686,-2.102785587310791,-1.0732667446136475,2.061875343322754,0.3890892565250397
-1.4405344724655151,0.9154883027076721,1.3340471982955933,-2.125575065612793,-1.0718077421188354,2.070396900177002,0.41234588623046875
-1.4600752592086792,0.9066956043243408,1.3418856859207153,-2.148103713989258,-1.0708332061767578,2.0784361362457275,0.4356025159358978
-1.479957103729248,0.89853435754776,1.3502765893936157,-2.170381546020508,-1.0703229904174805,2.0859994888305664,0.4588591456413269
-1.5001792907714844,0.891004741191864,1.3591922521591187,-2.1924171447753906,-1.0702595710754395,2.093090295791626,0.48211580514907837
-1.5207397937774658,0.8841072916984558,1.368605136871338,-2.214219570159912,-1.070626974105835,2.099710464477539,0.5053724050521851
-1.5416339635849,0.8778464198112488,1.3784877061843872,-2.2357969284057617,-1.0714120864868164,2.1058595180511475,0.5286290645599365
-1.5628560781478882,0.8722290992736816,1.3888120651245117,-2.257155656814575,-1.0726046562194824,2.1115336418151855,0.5518856644630432
-1.5844000577926636,0.8672651648521423,1.399551272392273,-2.2783031463623047,-1.074195146560669,2.116727352142334,0.5751422643661499
-1.606257438659668,0.8629674911499023,1.410677433013916,-2.299246072769165,-1.076177716255188,2.121431827545166,0.5983989238739014
-1.62841796875,0.8593494892120361,1.4221607446670532,-2.3199901580810547,-1.0785467624664307,2.1256377696990967,0.6216555237770081
-1.6508690118789673,0.8564282655715942,1.4339704513549805,-2.340541124343872,-1.0812979936599731,2.1293320655822754,0.6449121832847595
-1.6735973358154297,0.8542230129241943,1.446075439453125,-2.3609039783477783,-1.0844292640686035,2.1324996948242188,0.6681687831878662
-1.696588158607483,0.8527578115463257,1.45844304561615,-2.3810839653015137,-1.0879416465759277,2.1351208686828613,0.6914254426956177
-1.7198220491409302,0.8520575761795044,1.4710373878479004,-2.4010848999023438,-1.0918354988098145,2.1371748447418213,0.7146820425987244
-1.743281364440918,0.8521506786346436,1.4838227033615112,-2.4209115505218506,-1.0961130857467651,2.138636827468872,0.7379387021064758
-1.7669427394866943,0.8530681729316711,1.4967585802078247,-2.4405670166015625,-1.1007788181304932,2.139479875564575,0.7611953616142273
-1.7907835245132446,0.8548455834388733,1.5098052024841309,-2.4600558280944824,-1.1058374643325806,2.1396713256835938,0.7844520211219788
-1.8147790431976318,0.8575251698493958,1.5229201316833496,-2.4793806076049805,-1.1112980842590332,2.1391725540161133,0.8077086210250854
-1.8389008045196533,0.8611481785774231,1.5360568761825562,-2.498544216156006,-1.1171679496765137,2.1379449367523193,0.8309652805328369
-1.8631210327148438,0.8657653331756592,1.5491682291030884,-2.517549753189087,-1.123458981513977,2.135939836502075,0.8542218804359436
-1.8874080181121826,0.8714315891265869,1.5622038841247559,-2.5363991260528564,-1.130183219909668,2.1331043243408203,0.8774785399436951
-1.9117295742034912,0.878210186958313,1.5751111507415771,-2.5550944805145264,-1.137357473373413,2.1293764114379883,0.9007351398468018
-1.936051607131958,0.8861701488494873,1.5878344774246216,-2.5736379623413086,-1.1449975967407227,2.1246883869171143,0.9239917993545532
-1.9603384733200073,0.8953912854194641,1.6003156900405884,-2.5920307636260986,-1.1531249284744263,2.118959903717041,0.9472483992576599
-1.979897141456604,0.8690301179885864,1.5948301553726196,-2.5864319801330566,-1.134631872177124,2.139974594116211,0.9196345210075378
-1.9977537393569946,0.8434998989105225,1.5884191989898682,-2.579946517944336,-1.1159722805023193,2.1600098609924316,0.892020583152771
-2.013838291168213,0.8187173008918762,1.5809992551803589,-2.5725913047790527,-1.0970771312713623,2.17913556098938,0.8644067049026489
-2.028078556060791,0.7946191430091858,1.5724844932556152,-2.564382791519165,-1.0778868198394775,2.1974048614501953,0.8367927670478821
-2.0404014587402344,0.7711653113365173,1.5627883672714233,-2.5553369522094727,-1.0583536624908447,2.214852809906006,0.80917888879776
-2.050731658935547,0.748328447341919,1.5518217086791992,-2.545468807220459,-1.0384361743927002,2.231504201889038,0.7815650105476379
-2.0589914321899414,0.7260944843292236,1.5394926071166992,-2.534792900085449,-1.018100380897522,2.2473747730255127,0.7539510726928711
-2.0651018619537354,0.7044599056243896,1.5257065296173096,-2.523322820663452,-0.9973185658454895,2.2624728679656982,0.726337194442749
-2.0689806938171387,0.683428943157196,1.51036536693573,-2.511070966720581,-0.9760676622390747,2.2768025398254395,0.6987232565879822
-2.0705437660217285,0.6630133986473083,1.4933675527572632,-2.4980483055114746,-0.9543293714523315,2.2903642654418945,0.6711093783378601
-2.0697054862976074,0.6432303190231323,1.4746088981628418,-2.484264850616455,-0.9320892095565796,2.3031563758850098,0.643495500087738
-2.066377639770508,0.624102771282196,1.4539813995361328,-2.46972918510437,-0.9093358516693115,2.3151752948760986,0.6158815622329712
-2.0604710578918457,0.6056584119796753,1.4313750267028809,-2.4544477462768555,-0.8860589861869812,2.326416492462158,0.5882676839828491
-2.0518946647644043,0.5879284143447876,1.4066767692565918,-2.4384257793426514,-0.8622536063194275,2.3368759155273438,0.5606537461280823
-2.0405631065368652,0.5709505677223206,1.3797777891159058,-2.4216670989990234,-0.8379144668579102,2.3465476036071777,0.5330398678779602
-2.0263893604278564,0.5547654032707214,1.3505665063858032,-2.404172897338867,-0.8130379319190979,2.35542631149292,0.5054259300231934
-2.0092954635620117,0.5394191145896912,1.318938970565796,-2.38594388961792,-0.7876216769218445,2.363507032394409,0.4778120815753937
-1.9892092943191528,0.5249610543251038,1.284796118736267,-2.3669776916503906,-0.7616629600524902,2.3707847595214844,0.45019814372062683
-1.966073751449585,0.5114474892616272,1.248052716255188,-2.3472704887390137,-0.7351605892181396,2.377253293991089,0.42258426547050476
-1.9398515224456787,0.4989384114742279,1.2086396217346191,-2.326815605163574,-0.708112895488739,2.382905960083008,0.3949703574180603
-1.9105230569839478,0.4874988794326782,1.1665091514587402,-2.305605411529541,-0.6805165410041809,2.387737512588501,0.36735647916793823
-1.878105878829956,0.47719913721084595,1.1216444969177246,-2.2836287021636963,-0.6523691415786743,2.391738176345825,0.3397425413131714
-1.8426475524902344,0.46811389923095703,1.0740587711334229,-2.2608728408813477,-0.6236665844917297,2.394899845123291,0.3121286630630493
-1.8042405843734741,0.46031975746154785,1.0238081216812134,-2.2373218536376953,-0.5944021940231323,2.397211790084839,0.28451475501060486
-1.7630244493484497,0.4538971781730652,0.9709927439689636,-2.2129578590393066,-0.5645674467086792,2.3986620903015137,0.2569008767604828
-1.7191886901855469,0.44892770051956177,0.9157617092132568,-2.1877589225769043,-0.534152626991272,2.399235725402832,0.22928693890571594
-1.6729799509048462,0.4454920291900635,0.8583173155784607,-2.161701202392578,-0.5031436085700989,2.3989145755767822,0.20167306065559387
-1.6246896982192993,0.4436701238155365,0.79890376329422,-2.134755849838257,-0.4715237617492676,2.397679090499878,0.17405913770198822
-1.574660062789917,0.4435384273529053,0.7378120422363281,-2.10689115524292,-0.43927133083343506,2.395503282546997,0.14644527435302734
-1.523263931274414,0.44516894221305847,0.6753589510917664,-2.078071117401123,-0.40635889768600464,2.392360210418701,0.1188313439488411
-1.4243003129959106,0.4274062514305115,0.5788686871528625,-2.066606044769287,-0.34280896186828613,2.4011151790618896,0.08764838427305222
-1.3202224969863892,0.4143369495868683,0.47723954916000366,-2.054297924041748,-0.2795284688472748,2.4070773124694824,0.05646542087197304
-1.212207555770874,0.40599215030670166,0.37149912118911743,-2.0411267280578613,-0.2163785845041275,2.410395622253418,0.025282468646764755
-1.101791262626648,0.4024078845977783,0.26303696632385254,-2.027074098587036,-0.15322566032409668,2.4111692905426025,-0.005900500807911158
-0.990744411945343,0.40359652042388916,0.15347647666931152,-2.0121207237243652,-0.08993633836507797,2.4094512462615967,-0.0370834544301033
-0.8808887600898743,0.409538596868515,0.04448671266436577,-1.9962478876113892,-0.02637074515223503,2.40525221824646,-0.06826640665531158
-0.7738990783691406,0.4201817214488983,-0.06242068111896515,-1.9794371128082275,0.03762153908610344,2.398540496826172,-0.09944938123226166
-0.6711463332176208,0.4354560077190399,-0.16605272889137268,-1.9616687297821045,0.10220841318368912,2.3892412185668945,-0.13063234090805054
-0.5736067891120911,0.45530009269714355,-0.26563316583633423,-1.942922592163086,0.16758331656455994,2.3772315979003906,-0.16181530058383942
-0.48185473680496216,0.4796893894672394,-0.36081773042678833,-1.9231780767440796,0.23397329449653625,2.3623363971710205,-0.1929982453584671
-0.39610761404037476,0.5086660981178284,-0.4516604542732239,-1.9024128913879395,0.301653116941452,2.3443145751953125,-0.22418120503425598
-0.31631016731262207,0.5423761010169983,-0.5385450720787048,-1.8806030750274658,0.3709605932235718,2.322844982147217,-0.25536414980888367
-0.24221596121788025,0.5811006426811218,-0.6221265196800232,-1.8577226400375366,0.44232556223869324,2.2975010871887207,-0.28654712438583374
-0.24254339933395386,0.5836670994758606,-0.6232374906539917,-1.8543429374694824,0.4441482424736023,2.2956931591033936,-0.265107125043869
-0.24286596477031708,0.5862423777580261,-0.6243607997894287,-1.8509550094604492,0.4459819793701172,2.293877124786377,-0.2436671257019043
-0.24318355321884155,0.5888266563415527,-0.6254968643188477,-1.847558856010437,0.4478265643119812,2.292052984237671,-0.22222714126110077
-0.24349433183670044,0.5914196372032166,-0.6266477108001709,-1.8441544771194458,0.44968181848526,2.290219306945801,-0.20078714191913605
-0.24380047619342804,0.5940220952033997,-0.6278110146522522,-1.8407416343688965,0.45154857635498047,2.288377046585083,-0.17934715747833252
-0.24410085380077362,0.5966336727142334,-0.62898850440979,-1.8373204469680786,0.45342689752578735,2.2865259647369385,-0.1579071581363678
-0.2443966567516327,0.599254310131073,-0.6301784515380859,-1.8338905572891235,0.4553157389163971,2.2846665382385254,-0.13646715879440308
-0.24468684196472168,0.6018847823143005,-0.6313826441764832,-1.8304520845413208,0.45721662044525146,2.282797336578369,-0.11502715945243835
-0.2449711710214615,0.6045246124267578,-0.6326011419296265,-1.82700514793396,0.45912954211235046,2.280919075012207,-0.09358716011047363
-0.2452504187822342,0.6071741580963135,-0.6338335275650024,-1.8235490322113037,0.46105390787124634,2.279031276702881,-0.0721471756696701
-0.245525524020195,0.6098334789276123,-0.6350785493850708,-1.8200846910476685,0.46299004554748535,2.277135133743286,-0.05070716515183449
-0.24579425156116486,0.6125022172927856,-0.6363389492034912,-1.8166112899780273,0.4649384319782257,2.275228977203369,-0.02926718443632126
-0.24605874717235565,0.615181028842926,-0.6376127600669861,-1.813129186630249,0.4668988287448883,2.273313522338867,-0.007827185094356537
-0.2463180422782898,0.6178699135780334,-0.6389010548591614,-1.8096377849578857,0.4688715636730194,2.271388530731201,0.013612811453640461
-0.24657221138477325,0.620569109916687,-0.6402037739753723,-1.8061374425888062,0.470857173204422,2.269453525543213,0.03505280986428261
-0.24682188034057617,0.6232784390449524,-0.6415203213691711,-1.8026279211044312,0.47285494208335876,2.2675094604492188,0.05649280548095703
-0.24706622958183289,0.6259976625442505,-0.6428520083427429,-1.7991094589233398,0.47486594319343567,2.2655553817749023,0.07793280482292175
-0.2473059743642807,0.6287280321121216,-0.6441981792449951,-1.7955814599990845,0.47688940167427063,2.2635910511016846,0.09937280416488647
-0.2475408911705017,0.6314682364463806,-0.6455590128898621,-1.7920444011688232,0.4789261221885681,2.2616171836853027,0.1208128035068512
-0.2477712482213974,0.6342198848724365,-0.6469346284866333,-1.788497805595398,0.4809761643409729,2.2596333026885986,0.14225277304649353
-0.24799633026123047,0.636981725692749,-0.6483258008956909,-1.7849417924880981,0.48303940892219543,2.257638692855835,0.16369275748729706
-0.2482169270515442,0.6397542357444763,-0.6497316956520081,-1.781376600265503,0.4851157069206238,2.255634307861328,0.18513278663158417
-0.2484331876039505,0.6425379514694214,-0.6511528491973877,-1.777801275253296,0.48720622062683105,2.2536191940307617,0.2065727859735489
-0.24864432215690613,0.6453331112861633,-0.6525897979736328,-1.7742165327072144,0.489310622215271,2.251593589782715,0.22801275551319122
-0.24885183572769165,0.6481394171714783,-0.6540414094924927,-1.7706221342086792,0.49142879247665405,2.2495577335357666,0.24945275485515594
-0.2490544468164444,0.6509573459625244,-0.6555089950561523,-1.7670173645019531,0.4935612380504608,2.2475109100341797,0.27089276909828186
-0.24925249814987183,0.6537866592407227,-0.6569926142692566,-1.7634031772613525,0.4957078993320465,2.245453357696533,0.2923327684402466
-0.24944555759429932,0.6566271781921387,-0.6584926843643188,-1.7597789764404297,0.4978700280189514,2.243384599685669,0.3137727379798889
-0.24963504076004028,0.6594800353050232,-0.6600080728530884,-1.7561445236206055,0.5000463128089905,2.241305112838745,0.335212767124176
-0.24981915950775146,0.6623444557189941,-0.661540687084198,-1.7524998188018799,0.5022372603416443,2.2392141819000244,0.35665273666381836
-0.2500000298023224,0.6652213931083679,-0.6630886793136597,-1.7488449811935425,0.5044437646865845,2.237112283706665,0.3780927062034607
-0.25017738342285156,0.6681097149848938,-0.6646522283554077,-1.7451798915863037,0.506664514541626,2.234999656677246,0.3995327353477478
-0.25034886598587036,0.671010434627533,-0.6662344336509705,-1.741504430770874,0.5089018940925598,2.2328743934631348,0.4209727644920349
-0.2505168616771698,0.6739237308502197,-0.6678327918052673,-1.7378183603286743,0.5111550688743591,2.2307381629943848,0.44241273403167725
-0.2506805658340454,0.676849901676178,-0.6694483160972595,-1.7341216802597046,0.5134235620498657,2.2285900115966797,0.4638527035713196
-0.2508401572704315,0.6797887086868286,-0.6710810661315918,-1.730414628982544,0.5157084465026855,2.2264299392700195,0.4852927327156067
-0.25099602341651917,0.6827406883239746,-0.6727311611175537,-1.726696252822876,0.5180098414421082,2.2242581844329834,0.506732702255249
-0.25114715099334717,0.6857055425643921,-0.6743994951248169,-1.7229671478271484,0.5203279256820679,2.222073554992676,0.5281727313995361
-0.2512950301170349,0.6886838674545288,-0.6760849356651306,-1.7192270755767822,0.522662878036499,2.219877004623413,0.5496127605438232
-0.2514379918575287,0.6916751861572266,-0.6777892112731934,-1.715476155281067,0.5250144600868225,2.217668294906616,0.5710526704788208
-0.25157761573791504,0.6946803331375122,-0.6795111894607544,-1.7117140293121338,0.5273842215538025,2.215446710586548,0.5924926996231079
-0.25171300768852234,0.6976988315582275,-0.6812518239021301,-1.7079405784606934,0.5297703742980957,2.213212490081787,0.6139326691627502
-0.25184494256973267,0.7007313966751099,-0.6830107569694519,-1.7041561603546143,0.532174825668335,2.210965871810913,0.6353726983070374
-0.25197267532348633,0.7037782073020935,-0.6847891807556152,-1.700359582901001,0.5345978140830994,2.208705425262451,0.6568127274513245
-0.2520968019962311,0.7068394422531128,-0.6865866184234619,-1.6965515613555908,0.5370385646820068,2.206432342529297,0.6782526969909668
-0.2522179186344147,0.7099148035049438,-0.6884022951126099,-1.692732334136963,0.5394979119300842,2.204146385192871,0.6996927261352539
-0.2523348033428192,0.7130045294761658,-0.6902380585670471,-1.6889011859893799,0.5419760346412659,2.2018470764160156,0.7211326360702515
-0.252447247505188,0.7161099314689636,-0.6920949816703796,-1.6850576400756836,0.5444738268852234,2.1995327472686768,0.7425726652145386
-0.2525569498538971,0.7192299962043762,-0.6939706206321716,-1.6812025308609009,0.5469911694526672,2.1972057819366455,0.7640126943588257
-0.25266239047050476,0.7223647832870483,-0.6958673596382141,-1.6773353815078735,0.5495273470878601,2.194864511489868,0.785452663898468
-0.25276443362236023,0.7255151271820068,-0.6977844834327698,-1.673456072807312,0.5520842671394348,2.192509174346924,0.8068926930427551
-0.2528638243675232,0.7286812663078308,-0.6997216939926147,-1.669564127922058,0.5546608567237854,2.1901397705078125,0.8283326625823975
-0.252959281206131,0.7318632006645203,-0.7016803622245789,-1.6656599044799805,0.5572585463523865,2.187756061553955,0.8497727513313293
-0.25305068492889404,0.7350612282752991,-0.703661322593689,-1.6617431640625,0.5598776340484619,2.185357093811035,0.8712126612663269
-0.2531384825706482,0.7382754683494568,-0.7056640386581421,-1.657813549041748,0.5625177621841431,2.182943344116211,0.8926526308059692
-0.25322362780570984,0.7415062189102173,-0.7076881527900696,-1.6538712978363037,0.5651793479919434,2.1805148124694824,0.9140926003456116
-0.25330454111099243,0.7447535991668701,-0.7097353935241699,-1.649916172027588,0.5678632259368896,2.1780710220336914,0.9355325698852539
-0.2533835470676422,0.7480179667472839,-0.7118037939071655,-1.6459476947784424,0.5705685019493103,2.175611972808838,0.9569726586341858
-0.2534577250480652,0.7512993216514587,-0.7138969302177429,-1.6419663429260254,0.5732976198196411,2.1731367111206055,0.9784126281738281
-0.25352993607521057,0.7545985579490662,-0.7160122990608215,-1.6379714012145996,0.5760498046875,2.1706464290618896,0.9998525977134705
-0.2535979449748993,0.757915198802948,-0.7181519865989685,-1.6339631080627441,0.5788246393203735,2.1681394577026367,1.0212926864624023
-0.2536633312702179,0.7612499594688416,-0.7203153371810913,-1.6299411058425903,0.5816237926483154,2.165616512298584,1.0427325963974
-0.25372546911239624,0.764602780342102,-0.7225032448768616,-1.6259055137634277,0.58444744348526,2.1630771160125732,1.064172625541687
-0.2537843883037567,0.7679741382598877,-0.724716067314148,-1.6218558549880981,0.5872957706451416,2.160520553588867,1.0856126546859741
-0.2538403272628784,0.771364152431488,-0.7269538044929504,-1.6177921295166016,0.5901687741279602,2.157947540283203,1.1070525646209717
-0.2538931667804718,0.7747732996940613,-0.7292174696922302,-1.613714575767517,0.5930674076080322,2.1553571224212646,1.1284927129745483
-0.2539427578449249,0.7782016396522522,-0.7315070629119873,-1.6096227169036865,0.5959926843643188,2.1527493000030518,1.149932622909546
-0.2539893686771393,0.7816501259803772,-0.7338235974311829,-1.605515956878662,0.5989443063735962,2.150123357772827,1.171372652053833
-0.25403615832328796,0.7851163744926453,-0.7361623048782349,-1.6013951301574707,0.6019193530082703,2.1474814414978027,1.1928125619888306
-0.2540757358074188,0.7886050343513489,-0.7385342717170715,-1.5972590446472168,0.6049262285232544,2.1448187828063965,1.2142524719238281
-0.25411340594291687,0.7921142578125,-0.7409328818321228,-1.5931081771850586,0.6079604625701904,2.1421382427215576,1.2356926202774048
-0.2541487514972687,0.7956435680389404,-0.7433586716651917,-1.588942289352417,0.6110225319862366,2.139439582824707,1.2571325302124023
-0.25418007373809814,0.7991955280303955,-0.7458154559135437,-1.5847606658935547,0.6141151189804077,2.1367204189300537,1.2785724401474
-0.2542095482349396,0.802768349647522,-0.7483001351356506,-1.5805637836456299,0.6172366142272949,2.1339828968048096,1.300012469291687
-0.25423663854599,0.806362509727478,-0.7508136034011841,-1.5763514041900635,0.6203873753547668,2.131226062774658,1.3214524984359741
-0.2542612850666046,0.8099796175956726,-0.7533578276634216,-1.5721230506896973,0.6235687732696533,2.128448963165283,1.3428925275802612
-0.2542823851108551,0.8136193752288818,-0.7559335231781006,-1.5678791999816895,0.6267823576927185,2.1256511211395264,1.3643325567245483
-0.2543010711669922,0.8172817826271057,-0.7585405111312866,-1.5636186599731445,0.6300272941589355,2.122833013534546,1.3857725858688354
-0.25431686639785767,0.8209682106971741,-0.7611799240112305,-1.5593419075012207,0.6333052515983582,2.119993209838867,1.407212495803833
-0.2543310225009918,0.8246777057647705,-0.7638505697250366,-1.555048942565918,0.6366152763366699,2.117133617401123,1.4286524057388306
-0.25434160232543945,0.8284121155738831,-0.7665560245513916,-1.55073881149292,0.6399604082107544,2.114251136779785,1.4500925540924072
-0.254350483417511,0.8321712017059326,-0.7692945599555969,-1.5464119911193848,0.6433396935462952,2.111346960067749,1.4715324640274048
-0.25435709953308105,0.8359549045562744,-0.7720670700073242,-1.5420680046081543,0.6467538475990295,2.1084208488464355,1.4929726123809814
-0.25436079502105713,0.8397645950317383,-0.7748756408691406,-1.5377066135406494,0.6502038836479187,2.105471611022949,1.5144124031066895
-0.2543623745441437,0.8436005711555481,-0.7777200937271118,-1.5333278179168701,0.6536921262741089,2.102499008178711,1.5358525514602661
-0.25436097383499146,0.8474628329277039,-0.7806017994880676,-1.5289311408996582,0.6572169661521912,2.0995025634765625,1.5572924613952637
-0.2543576657772064,0.8513521552085876,-0.7835204601287842,-1.5245165824890137,0.6607803106307983,2.096482276916504,1.5787324905395508
-0.2543529272079468,0.855269193649292,-0.7864764332771301,-1.5200839042663574,0.6643823385238647,2.0934383869171143,1.600172519683838
-0.25434499979019165,0.8592142462730408,-0.7894728183746338,-1.5156326293945312,0.6680254936218262,2.0903685092926025,1.6216124296188354
-0.25433504581451416,0.8631880879402161,-0.7925087213516235,-1.511162519454956,0.6717088222503662,2.087273597717285,1.6430524587631226
-0.2543233036994934,0.8671907782554626,-0.7955849170684814,-1.506673812866211,0.6754343509674072,2.084153175354004,1.6644924879074097
-0.25430917739868164,0.8712233304977417,-0.7987031936645508,-1.5021657943725586,0.6792029738426208,2.0810060501098633,1.6859325170516968
-0.2542935013771057,0.8752864003181458,-0.8018635511398315,-1.4976387023925781,0.6830146312713623,2.0778324604034424,1.7073725461959839
-0.25427505373954773,0.8793806433677673,-0.8050683736801147,-1.4930915832519531,0.6868727207183838,2.0746309757232666,1.728812336921692
-0.2542552649974823,0.8835058808326721,-0.8083168864250183,-1.4885249137878418,0.6907752156257629,2.071402072906494,1.7502524852752686
-0.25423285365104675,0.8876643180847168,-0.8116121292114258,-1.4839377403259277,0.6947261691093445,2.0681440830230713,1.7716923952102661
-0.2542094886302948,0.8918546438217163,-0.8149523138999939,-1.47933030128479,0.6987240314483643,2.0648579597473145,1.7931325435638428
-0.2541840970516205,0.8960798382759094,-0.8183413743972778,-1.4747018814086914,0.7027724385261536,2.0615413188934326,1.8145724534988403
-0.2541556656360626,0.9003386497497559,-0.8217803239822388,-1.470052719116211,0.7068713903427124,2.058194160461426,1.836012601852417
-0.25412672758102417,0.9046332836151123,-0.8252681493759155,-1.4653820991516113,0.7110220193862915,2.054816722869873,1.857452392578125
-0.2540958821773529,0.9089637398719788,-0.8288078904151917,-1.4606900215148926,0.7152261137962341,2.0514073371887207,1.8788923025131226
-0.2540636658668518,0.9133307933807373,-0.8323996663093567,-1.4559760093688965,0.7194845080375671,2.0479660034179688,1.9003324508666992
-0.25403016805648804,0.9177355766296387,-0.8360454440116882,-1.4512395858764648,0.7237982153892517,2.044491767883301,1.9217723608016968
-0.253993958234787,0.9221792817115784,-0.8397480845451355,-1.4464807510375977,0.7281714677810669,2.040982961654663,1.9432123899459839
-0.2539568841457367,0.9266617894172668,-0.8435066342353821,-1.4416992664337158,0.7326023578643799,2.037440299987793,1.9646522998809814
-0.253918319940567,0.931185245513916,-0.847324013710022,-1.436894416809082,0.7370947599411011,2.0338618755340576,1.9860925674438477
-0.2538788914680481,0.9357494115829468,-0.851200520992279,-1.4320659637451172,0.7416487336158752,2.030247688293457,2.0075323581695557
-0.2538372278213501,0.9403568506240845,-0.8551403880119324,-1.4272136688232422,0.7462683320045471,2.0265958309173584,2.0289723873138428
-0.25379523634910583,0.9450071454048157,-0.8591422438621521,-1.4223370552062988,0.7509524822235107,2.0229063034057617,2.05041241645813
-0.2537517249584198,0.9497020244598389,-0.8632094264030457,-1.417435884475708,0.7557047009468079,2.0191783905029297,2.071852445602417
-0.25370705127716064,0.9544426202774048,-0.867344319820404,-1.4125096797943115,0.7605277895927429,2.0154101848602295,2.093292474746704
-0.2536604106426239,0.9592312574386597,-0.8715496063232422,-1.4075579643249512,0.7654238939285278,2.0116002559661865,2.114732265472412
-0.2536133825778961,0.9640673995018005,-0.8758251070976257,-1.4025804996490479,0.7703927755355835,2.007748603820801,2.136172294616699
-0.25356584787368774,0.9689529538154602,-0.8801734447479248,-1.3975768089294434,0.7754385471343994,2.003854513168335,2.1576123237609863
-0.25351738929748535,0.973888635635376,-0.8845966458320618,-1.3925468921661377,0.7805618047714233,1.9999163150787354,2.1790525913238525
-0.25346773862838745,0.9788785576820374,-0.8890998959541321,-1.3874893188476562,0.785768985748291,1.9959312677383423,2.2004923820495605
-0.25341764092445374,0.9839208722114563,-0.893682062625885,-1.3824045658111572,0.7910579442977905,1.9919006824493408,2.2219321727752686
-0.25336742401123047,0.9890193343162537,-0.8983472585678101,-1.3772916793823242,0.796434760093689,1.9878215789794922,2.2433724403381348
-0.25331559777259827,0.994174599647522,-0.9030992388725281,-1.3721506595611572,0.8019014596939087,1.9836928844451904,2.264812469482422
-0.25326353311538696,0.9993893504142761,-0.9079400897026062,-1.3669800758361816,0.8074613213539124,1.9795125722885132,2.28625226020813
-0.25321125984191895,1.0046645402908325,-0.9128725528717041,-1.3617804050445557,0.8131164312362671,1.975279688835144,2.307692289352417
-0.2531592547893524,1.010002613067627,-0.9178995490074158,-1.356550693511963,0.8188715577125549,1.9709930419921875,2.329132556915283
-0.25310638546943665,1.015405297279358,-0.9230253100395203,-1.3512909412384033,0.8247295022010803,1.9666502475738525,2.350572347640991
-0.25304827094078064,1.020872950553894,-0.9282573461532593,-1.3459999561309814,0.8306938409805298,1.962249755859375,2.372012138366699
-0.2529962956905365,1.0264110565185547,-0.9335892796516418,-1.34067702293396,0.836767852306366,1.9577902555465698,2.3934524059295654
-0.25294312834739685,1.0320212841033936,-0.9390330910682678,-1.335322380065918,0.8429580330848694,1.9532676935195923,2.4148924350738525
-0.25288987159729004,1.0377051830291748,-0.94459068775177,-1.329935073852539,0.8492681384086609,1.9486817121505737,2.4363324642181396
-0.2528371810913086,1.0434670448303223,-0.950268030166626,-1.3245136737823486,0.8557032346725464,1.944028377532959,2.4577722549438477
-0.2527850270271301,1.0493077039718628,-0.9560673832893372,-1.319058895111084,0.8622666001319885,1.9393075704574585,2.4792122840881348
-0.25273364782333374,1.0552312135696411,-0.9619953036308289,-1.3135695457458496,0.8689647316932678,1.9345152378082275,2.500652313232422
-0.25268298387527466,1.0612396001815796,-0.9680561423301697,-1.308044672012329,0.8758021593093872,1.9296495914459229,2.522092342376709
-0.2526341378688812,1.0673376321792603,-0.9742556810379028,-1.3024835586547852,0.8827852606773376,1.9247074127197266,2.543532371520996
-0.25258463621139526,1.0735292434692383,-0.9806034564971924,-1.2968859672546387,0.8899235725402832,1.9196839332580566,2.564972162246704
-0.2525368928909302,1.0798174142837524,-0.9871028661727905,-1.2912507057189941,0.8972206711769104,1.914577603340149,2.5864124298095703
-0.25249144434928894,1.0862066745758057,-0.9937600493431091,-1.2855772972106934,0.9046844840049744,1.9093854427337646,2.6078524589538574
-0.25244635343551636,1.0927021503448486,-1.0005865097045898,-1.27986478805542,0.9123249053955078,1.9041011333465576,2.6292922496795654
-0.2524041533470154,1.0993068218231201,-1.0075856447219849,-1.2741122245788574,0.9201474785804749,1.8987234830856323,2.6507322788238525
