-0.06671212613582611,0.42140597105026245,0.18156597018241882,-1.9861003160476685,-0.10937204957008362,2.3983685970306396,-2.1762449741363525
-0.07120207697153091,0.42106953263282776,0.183671772480011,-1.9868735074996948,-0.11057604849338531,2.39859938621521,-2.154916286468506
-0.07569744437932968,0.42074406147003174,0.18578164279460907,-1.9876314401626587,-0.11178256571292877,2.3988232612609863,-2.13358736038208
-0.08019673824310303,0.4204295873641968,0.1878940463066101,-1.9883737564086914,-0.11299116909503937,2.3990402221679688,-2.1122586727142334
-0.08470108360052109,0.4201267957687378,0.19001027941703796,-1.9891005754470825,-0.11420241743326187,2.3992502689361572,-2.0909297466278076
-0.08920918405056,0.419834703207016,0.1921289563179016,-1.9898122549057007,-0.1154155507683754,2.3994531631469727,-2.069601058959961
-0.09372161328792572,0.4195544421672821,0.19425083696842194,-1.9905081987380981,-0.11663147062063217,2.3996493816375732,-2.048272132873535
-0.0982372835278511,0.4192851185798645,0.19637475907802582,-1.9911890029907227,-0.11784914135932922,2.39983868598938,-2.0269434452056885
-0.10275745391845703,0.419026643037796,0.1985020935535431,-1.9918544292449951,-0.11906936764717102,2.4000205993652344,-2.0056145191192627
-0.10728024691343307,0.4187797009944916,0.20063093304634094,-1.9925044775009155,-0.12029139697551727,2.400196075439453,-1.984285831451416
-0.11180683970451355,0.41854411363601685,0.202762633562088,-1.9931385517120361,-0.12151603400707245,2.400364398956299,-1.9629570245742798
-0.11633608490228653,0.41831907629966736,0.2048959881067276,-1.993757724761963,-0.12274239212274551,2.4005255699157715,-1.9416282176971436
-0.12086884677410126,0.4181055426597595,0.2070319503545761,-1.9943617582321167,-0.12397132068872452,2.4006800651550293,-1.9202994108200073
-0.12540335953235626,0.41790324449539185,0.20916874706745148,-1.9949501752853394,-0.12520183622837067,2.400827646255493,-1.898970603942871
-0.12994080781936646,0.4177122414112091,0.21130765974521637,-1.9955228567123413,-0.12643468379974365,2.400968074798584,-1.8776417970657349
-0.13448020815849304,0.4175322353839874,0.21344777941703796,-1.9960808753967285,-0.12766936421394348,2.40110182762146,-1.8563129901885986
-0.1390218585729599,0.417363703250885,0.21558937430381775,-1.996622920036316,-0.12890616059303284,2.401228427886963,-1.8349841833114624
-0.1435648500919342,0.41720619797706604,0.21773158013820648,-1.9971495866775513,-0.13014470040798187,2.401348352432251,-1.8136553764343262
-0.14810997247695923,0.41706013679504395,0.21987532079219818,-1.9976612329483032,-0.1313854455947876,2.401461362838745,-1.79232656955719
-0.15265607833862305,0.41692519187927246,0.22201940417289734,-1.998157262802124,-0.13262785971164703,2.401567220687866,-1.7709978818893433
-0.1572030931711197,0.416801393032074,0.22416386008262634,-1.9986377954483032,-0.13387198746204376,2.4016661643981934,-1.749669075012207
-0.16175170242786407,0.4166887402534485,0.22630944848060608,-1.9991034269332886,-0.13511833548545837,2.4017584323883057,-1.7283402681350708
-0.16630084812641144,0.41658711433410645,0.2284550815820694,-1.9995533227920532,-0.13636627793312073,2.401843309402466,-1.7070114612579346
-0.17085076868534088,0.41649723052978516,0.23060111701488495,-1.9999878406524658,-0.13761620223522186,2.401921510696411,-1.6856826543807983
-0.1754007190465927,0.41641780734062195,0.23274675011634827,-2.0004072189331055,-0.13886745274066925,2.4019927978515625,-1.664353847503662
-0.17995089292526245,0.4163503348827362,0.2348923534154892,-2.0008111000061035,-0.14012078940868378,2.402057409286499,-1.6430250406265259
-0.18450096249580383,0.4162934124469757,0.2370375394821167,-2.001199960708618,-0.1413756161928177,2.4021148681640625,-1.6216962337493896
-0.1890513151884079,0.4162483215332031,0.23918285965919495,-2.001573085784912,-0.14263255894184113,2.402165174484253,-1.6003674268722534
-0.1936003714799881,0.4162135422229767,0.24132664501667023,-2.0019309520721436,-0.1438903957605362,2.4022088050842285,-1.5790387392044067
-0.1981486827135086,0.4161906838417053,0.24346958100795746,-2.0022735595703125,-0.14515002071857452,2.4022457599639893,-1.5577099323272705
-0.2026970237493515,0.4161786139011383,0.24561253190040588,-2.00260066986084,-0.14641185104846954,2.402275562286377,-1.5363811254501343
-0.207243412733078,0.4161777198314667,0.24775344133377075,-2.0029125213623047,-0.1476743221282959,2.4022979736328125,-1.515052318572998
-0.21178878843784332,0.41618815064430237,0.24989336729049683,-2.003209352493286,-0.14893893897533417,2.4023146629333496,-1.4937235116958618
-0.21633251011371613,0.41621002554893494,0.25203171372413635,-2.0034899711608887,-0.15020474791526794,2.402323007583618,-1.4723947048187256
-0.22087499499320984,0.41624268889427185,0.2541690170764923,-2.003756046295166,-0.1514723002910614,2.402325391769409,-1.4510658979415894
-0.22541475296020508,0.4162864685058594,0.25630366802215576,-2.0040063858032227,-0.15274077653884888,2.402320623397827,-1.4297370910644531
-0.2299526482820511,0.4163418114185333,0.25843673944473267,-2.004241466522217,-0.15401089191436768,2.402308940887451,-1.408408284187317
-0.23448792099952698,0.41640782356262207,0.26056739687919617,-2.0044617652893066,-0.15528225898742676,2.4022908210754395,-1.3870795965194702
-0.2390209436416626,0.4164853096008301,0.26269620656967163,-2.0046660900115967,-0.1565549373626709,2.4022648334503174,-1.365750789642334
-0.2435515820980072,0.41657355427742004,0.26482295989990234,-2.004855155944824,-0.15782925486564636,2.4022326469421387,-1.3444219827651978
-0.2480786293745041,0.4166729748249054,0.26694655418395996,-2.0050292015075684,-0.15910443663597107,2.402193307876587,-1.3230931758880615
-0.25260308384895325,0.41678357124328613,0.26906800270080566,-2.005187511444092,-0.16038116812705994,2.402146816253662,-1.3017643690109253
-0.25712284445762634,0.4169062077999115,0.2711853086948395,-2.0053305625915527,-0.16165855526924133,2.4020941257476807,-1.280435562133789
-0.26164019107818604,0.41703853011131287,0.27330073714256287,-2.005458354949951,-0.16293759644031525,2.402034044265747,-1.2591067552566528
-0.2661533057689667,0.4171821177005768,0.27541255950927734,-2.005570888519287,-0.16421742737293243,2.4019670486450195,-1.2377779483795166
-0.2706625759601593,0.4173377454280853,0.2775212526321411,-2.0056676864624023,-0.16549862921237946,2.401893138885498,-1.2164491415023804
-0.2751672565937042,0.4175037443637848,0.2796259820461273,-2.0057499408721924,-0.1667807251214981,2.401812791824341,-1.1951203346252441
-0.2796723544597626,0.41768136620521545,0.2817321717739105,-2.0058162212371826,-0.1680668145418167,2.4017248153686523,-1.173791527748108
-0.2841687500476837,0.41786912083625793,0.28383028507232666,-2.0058674812316895,-0.16935111582279205,2.40162992477417,-1.1524627208709717
-0.2886608839035034,0.418068528175354,0.2859250009059906,-2.005903482437134,-0.1706368327140808,2.4015285968780518,-1.1311339139938354
-0.2931475341320038,0.4182789921760559,0.2880151569843292,-2.0059237480163574,-0.1719234734773636,2.4014203548431396,-1.1098051071166992
-0.29763007164001465,0.4185001254081726,0.2901022136211395,-2.0059289932250977,-0.1732112020254135,2.4013047218322754,-1.088476300239563
-0.30210575461387634,0.41873255372047424,0.29218339920043945,-2.0059189796447754,-0.1744993031024933,2.4011824131011963,-1.0671474933624268
-0.30657729506492615,0.4189760982990265,0.29426151514053345,-2.0058934688568115,-0.17578919231891632,2.4010536670684814,-1.04581880569458
-0.3110426068305969,0.4192306399345398,0.29633456468582153,-2.005852699279785,-0.177079439163208,2.4009175300598145,-1.0244899988174438
-0.31550145149230957,0.4194955825805664,0.29840224981307983,-2.0057969093322754,-0.1783701479434967,2.4007749557495117,-1.0031611919403076
-0.31995534896850586,0.41977182030677795,0.3004663288593292,-2.005725383758545,-0.17966227233409882,2.400624990463257,-0.9818323850631714
-0.32440185546875,0.42005929350852966,0.3025241792201996,-2.005638599395752,-0.18095476925373077,2.400468349456787,-0.9605035781860352
-0.32884278893470764,0.4203571677207947,0.30457788705825806,-2.0055363178253174,-0.18224838376045227,2.4003043174743652,-0.9391747713088989
-0.333276629447937,0.42066627740859985,0.3066258132457733,-2.0054192543029785,-0.18354229629039764,2.4001338481903076,-0.9178459644317627
-0.33770477771759033,0.42098623514175415,0.3086695075035095,-2.00528621673584,-0.18483775854110718,2.399955987930298,-0.8965171575546265
-0.34212470054626465,0.42131704092025757,0.3107064664363861,-2.005138397216797,-0.1861329823732376,2.3997719287872314,-0.8751884698867798
-0.34653711318969727,0.4216586947441101,0.31273743510246277,-2.0049753189086914,-0.18742883205413818,2.399580717086792,-0.8538596034049988
-0.3509432077407837,0.4220115840435028,0.3147636651992798,-2.0047965049743652,-0.18872572481632233,2.3993823528289795,-0.8325308561325073
-0.35534122586250305,0.4223751127719879,0.31678342819213867,-2.0046026706695557,-0.19002299010753632,2.3991775512695312,-0.8112019896507263
-0.35973241925239563,0.4227489233016968,0.31879809498786926,-2.0043935775756836,-0.19132108986377716,2.398965358734131,-0.7898732423782349
-0.36411502957344055,0.4231348931789398,0.3208058774471283,-2.00416898727417,-0.19261975586414337,2.3987467288970947,-0.7685443758964539
-0.36848950386047363,0.4235304296016693,0.3228073716163635,-2.0039291381835938,-0.19391831755638123,2.3985207080841064,-0.7472156286239624
-0.3728567659854889,0.4239371716976166,0.3248034715652466,-2.003674030303955,-0.1952182948589325,2.3982882499694824,-0.7258867621421814
-0.3772144019603729,0.42435505986213684,0.32679182291030884,-2.0034031867980957,-0.19651804864406586,2.3980488777160645,-0.7045580148696899
-0.38156428933143616,0.4247829020023346,0.3287743628025055,-2.003117561340332,-0.19781805574893951,2.3978018760681152,-0.6832292079925537
-0.3859057128429413,0.4252220690250397,0.3307504653930664,-2.0028162002563477,-0.19911907613277435,2.3975484371185303,-0.6619003415107727
-0.39023730158805847,0.42567163705825806,0.3327186703681946,-2.002500057220459,-0.20041951537132263,2.3972880840301514,-0.6405715942382812
-0.39456111192703247,0.4261322021484375,0.3346816897392273,-2.0021684169769287,-0.20172131061553955,2.3970208168029785,-0.6192429065704346
-0.39887505769729614,0.4266033470630646,0.33663657307624817,-2.001821279525757,-0.20302294194698334,2.396746873855591,-0.5979140996932983
-0.40317970514297485,0.42708519101142883,0.338584303855896,-2.0014591217041016,-0.20432479679584503,2.39646577835083,-0.5765852928161621
-0.40747562050819397,0.4275779128074646,0.3405255377292633,-2.0010814666748047,-0.20562726259231567,2.3961775302886963,-0.5552564859390259
-0.4117613434791565,0.42808088660240173,0.3424590528011322,-2.000688314437866,-0.20692962408065796,2.3958826065063477,-0.5339276790618896
-0.4160371720790863,0.4285947382450104,0.3443848192691803,-2.0002799034118652,-0.20823223888874054,2.3955812454223633,-0.5125989317893982
-0.42030420899391174,0.429119348526001,0.3463042974472046,-1.9998562335968018,-0.2095353901386261,2.3952717781066895,-0.4912700951099396
-0.4245600700378418,0.4296545386314392,0.3482150733470917,-1.9994174242019653,-0.21083849668502808,2.394956588745117,-0.46994128823280334
-0.42880621552467346,0.43019992113113403,0.35011857748031616,-1.9989631175994873,-0.2121415138244629,2.3946337699890137,-0.4486124813556671
-0.433042049407959,0.4307561218738556,0.3520144522190094,-1.9984935522079468,-0.2134447991847992,2.3943042755126953,-0.4272836446762085
-0.4372672438621521,0.4313229024410248,0.3539021611213684,-1.9980084896087646,-0.2147480994462967,2.393967866897583,-0.40595486760139465
-0.4414832592010498,0.4319002330303192,0.3557834327220917,-1.9975086450576782,-0.2160520702600479,2.3936243057250977,-0.38462603092193604
-0.4456866681575775,0.4324885308742523,0.3576548099517822,-1.9969929456710815,-0.21735519170761108,2.3932740688323975,-0.3632972538471222
-0.4498801827430725,0.4330862760543823,0.3595190942287445,-1.9964619874954224,-0.21865873038768768,2.392916679382324,-0.34196844696998596
-0.45406240224838257,0.4336950182914734,0.3613746166229248,-1.9959158897399902,-0.21996207535266876,2.3925528526306152,-0.32063964009284973
-0.45823389291763306,0.4343142807483673,0.363222599029541,-1.995354413986206,-0.2212652713060379,2.392181396484375,-0.2993108332157135
-0.4623936116695404,0.4349440932273865,0.36506158113479614,-1.9947775602340698,-0.22256873548030853,2.391803503036499,-0.2779822051525116
-0.4665427505970001,0.4355837106704712,0.36689290404319763,-1.994185447692871,-0.22387191653251648,2.39141845703125,-0.256653368473053
-0.4706804156303406,0.43623438477516174,0.3687158226966858,-1.9935779571533203,-0.22517530620098114,2.391026496887207,-0.23532457649707794
-0.4748059809207916,0.43689507246017456,0.3705297112464905,-1.9929553270339966,-0.22647789120674133,2.390627861022949,-0.2139957696199417
-0.4789200723171234,0.43756622076034546,0.3723353147506714,-1.9923174381256104,-0.2277808040380478,2.3902223110198975,-0.19266697764396667
-0.4830220639705658,0.43824779987335205,0.3741318881511688,-1.991663932800293,-0.2290830910205841,2.3898096084594727,-0.17133815586566925
-0.48711317777633667,0.4389396607875824,0.3759208023548126,-1.9909950494766235,-0.23038586974143982,2.3893895149230957,-0.15000933408737183
-0.4911913573741913,0.439642071723938,0.3777001202106476,-1.990310788154602,-0.23168808221817017,2.388963222503662,-0.1286805421113968
-0.4952576458454132,0.44035404920578003,0.3794707953929901,-1.9896117448806763,-0.23298975825309753,2.3885297775268555,-0.10735172778367996
-0.49931174516677856,0.44107702374458313,0.38123276829719543,-1.9888969659805298,-0.23429158329963684,2.388089418411255,-0.08602293580770493
-0.5033532977104187,0.4418099522590637,0.382985383272171,-1.9881665706634521,-0.23559291660785675,2.3876419067382812,-0.0646941140294075
-0.5073829293251038,0.4425535202026367,0.3847298324108124,-1.9874210357666016,-0.2368941754102707,2.3871874809265137,-0.04336532577872276
-0.5114001631736755,0.44330689311027527,0.3864651620388031,-1.986660361289978,-0.23819494247436523,2.386725902557373,-0.022036505863070488
-0.5154047608375549,0.44407013058662415,0.3881915807723999,-1.9858845472335815,-0.23949532210826874,2.3862578868865967,-0.0007077151094563305
-0.5193966627120972,0.4448440968990326,0.3899088203907013,-1.9850929975509644,-0.24079538881778717,2.3857827186584473,0.020621104165911674
-0.5233758091926575,0.44562795758247375,0.3916171193122864,-1.9842859506607056,-0.24209514260292053,2.3852999210357666,0.04194992408156395
-0.5273410081863403,0.4464223086833954,0.39331504702568054,-1.9834638833999634,-0.24339412152767181,2.3848114013671875,0.06327855587005615
-0.5312946438789368,0.44722649455070496,0.39500531554222107,-1.9826265573501587,-0.24469317495822906,2.384315252304077,0.08460734784603119
-0.5352349877357483,0.44804078340530396,0.3966860771179199,-1.9817736148834229,-0.2459915429353714,2.3838119506835938,0.10593616217374802
-0.5391619205474854,0.4488653242588043,0.3983572721481323,-1.980905294418335,-0.24728941917419434,2.3833019733428955,0.12726499140262604
-0.543075680732727,0.44969943165779114,0.4000190794467926,-1.9800218343734741,-0.248586505651474,2.382784843444824,0.14859376847743988
-0.5469761490821838,0.45054417848587036,0.4016716778278351,-1.9791228771209717,-0.24988341331481934,2.382260799407959,0.1699225902557373
-0.5508632063865662,0.45139890909194946,0.40331482887268066,-1.9782085418701172,-0.2511797547340393,2.381730079650879,0.19125138223171234
-0.5547369122505188,0.4522634744644165,0.4049489498138428,-1.9772788286209106,-0.25247564911842346,2.381192207336426,0.21258020401000977
-0.5585969090461731,0.45313796401023865,0.40657320618629456,-1.9763336181640625,-0.2537705898284912,2.3806471824645996,0.2339089959859848
-0.5624443292617798,0.45402196049690247,0.4081890881061554,-1.97537362575531,-0.2550652325153351,2.3800952434539795,0.25523778796195984
-0.5662773251533508,0.4549163579940796,0.4097948670387268,-1.9743976593017578,-0.2563592195510864,2.3795361518859863,0.27656662464141846
-0.5700970888137817,0.4558209776878357,0.41139161586761475,-1.9734063148498535,-0.2576529085636139,2.378970146179199,0.2978954315185547
-0.5739020705223083,0.45673537254333496,0.41297781467437744,-1.9723997116088867,-0.2589454650878906,2.3783974647521973,0.31922420859336853
-0.5776942372322083,0.4576597213745117,0.41455578804016113,-1.9713777303695679,-0.26023784279823303,2.377817392349243,0.34055307507514954
-0.5814721584320068,0.4585935175418854,0.4161236584186554,-1.9703404903411865,-0.26152899861335754,2.377230405807495,0.3618818521499634
-0.5852358937263489,0.4595375657081604,0.41768187284469604,-1.9692877531051636,-0.2628197968006134,2.3766367435455322,0.3832106292247772
-0.5889867544174194,0.4604915976524353,0.41923198103904724,-1.9682193994522095,-0.2641104459762573,2.376035690307617,0.4045393168926239
-0.5927228927612305,0.46145516633987427,0.4207717180252075,-1.9671356678009033,-0.2653997838497162,2.375427484512329,0.42586809396743774
-0.5964450240135193,0.46242836117744446,0.4223020672798157,-1.9660369157791138,-0.26668843626976013,2.374812602996826,0.4471968710422516
-0.6001525521278381,0.46341195702552795,0.42382246255874634,-1.964922308921814,-0.26797646284103394,2.3741908073425293,0.4685257375240326
-0.6038463711738586,0.46440503001213074,0.42533379793167114,-1.9637925624847412,-0.2692636251449585,2.3735618591308594,0.48985451459884644
-0.6075260639190674,0.4654075801372528,0.426835834980011,-1.9626471996307373,-0.2705499231815338,2.3729255199432373,0.5111833214759827
-0.6111916303634644,0.46641993522644043,0.4283285439014435,-1.9614863395690918,-0.2718358039855957,2.3722822666168213,0.5325121283531189
-0.6148424744606018,0.4674418270587921,0.4298114776611328,-1.9603102207183838,-0.27312058210372925,2.3716320991516113,0.5538409352302551
-0.6184787750244141,0.4684741199016571,0.4312846064567566,-1.9591184854507446,-0.2744046151638031,2.3709750175476074,0.5751697421073914
-0.5578452348709106,0.4344118535518646,0.36249515414237976,-1.9950411319732666,-0.22086426615715027,2.3921070098876953,0.5440599918365479
-0.49143704771995544,0.40330079197883606,0.2896968424320221,-2.029867649078369,-0.16878750920295715,2.4109230041503906,0.5129503011703491
-0.41848868131637573,0.3750622272491455,0.21189266443252563,-2.0636606216430664,-0.11792600154876709,2.427628993988037,0.4818405508995056
-0.33823707699775696,0.34969618916511536,0.12813282012939453,-2.0964765548706055,-0.06807518005371094,2.4423892498016357,0.4507308006286621
-0.250008761882782,0.3272778391838074,0.03758719190955162,-2.1283645629882812,-0.01906568557024002,2.4553382396698,0.419621080160141
-0.1533551812171936,0.30794379115104675,-0.06032384932041168,-2.1593704223632812,0.029245328158140182,2.4665799140930176,0.3885113298892975
-0.048239026218652725,0.2918849587440491,-0.1657484769821167,-2.189535140991211,0.0769786685705185,2.476198673248291,0.357401579618454
0.06476530432701111,0.2793186604976654,-0.278207004070282,-2.218895435333252,0.12423903495073318,2.484255790710449,0.32629185914993286
0.1842925101518631,0.27046141028404236,-0.39641571044921875,-2.2474870681762695,0.17111645638942719,2.4907968044281006,0.29518210887908936
0.3081507086753845,0.2654852867126465,-0.5182535648345947,-2.275341033935547,0.21769052743911743,2.4958481788635254,0.26407238841056824
0.43348002433776855,0.2644832134246826,-0.6409237384796143,-2.302487373352051,0.264031320810318,2.499422550201416,0.23296265304088593
0.5571410655975342,0.26744213700294495,-0.7613384127616882,-2.328953742980957,0.31020256876945496,2.5015134811401367,0.2018529325723648
0.6761813759803772,0.27424511313438416,-0.8765961527824402,-2.3547658920288086,0.3562609851360321,2.502100944519043,0.1707431972026825
0.7074539065361023,0.270025372505188,-0.9072849154472351,-2.3683338165283203,0.36163023114204407,2.505561113357544,0.1898658126592636
0.7396349906921387,0.2660589814186096,-0.9388667345046997,-2.3818306922912598,0.3669881224632263,2.508941888809204,0.20898842811584473
0.7727128267288208,0.2623564302921295,-0.9713302254676819,-2.3952577114105225,0.372334748506546,2.5122427940368652,0.22811105847358704
0.8066708445549011,0.25892865657806396,-1.0046595335006714,-2.408616781234741,0.3776719868183136,2.51546311378479,0.24723367393016815
0.8414815068244934,0.2557864189147949,-1.0388267040252686,-2.421909809112549,0.38299864530563354,2.5186028480529785,0.26635628938674927
0.8771102428436279,0.2529420256614685,-1.0737982988357544,-2.4351375102996826,0.38831713795661926,2.521660327911377,0.2854789197444916
0.9135051369667053,0.25040560960769653,-1.1095223426818848,-2.4483022689819336,0.39362645149230957,2.524636745452881,0.3046015202999115
0.9506171941757202,0.24818885326385498,-1.1459503173828125,-2.461404800415039,0.39892828464508057,2.52752947807312,0.3237241506576538
0.9883773922920227,0.2463013231754303,-1.1830135583877563,-2.474447250366211,0.4042220115661621,2.530338764190674,0.3428467810153961
1.026712417602539,0.24475303292274475,-1.2206385135650635,-2.4874308109283447,0.40950968861579895,2.5330629348754883,0.3619694113731384
1.0655369758605957,0.24355271458625793,-1.2587404251098633,-2.500356674194336,0.41479045152664185,2.5357017517089844,0.38109201192855835
1.1047614812850952,0.24270795285701752,-1.2972296476364136,-2.5132265090942383,0.4200649857521057,2.53825306892395,0.40021461248397827
1.144280195236206,0.24222683906555176,-1.336000919342041,-2.526041269302368,0.4253341257572174,2.540717124938965,0.4193372428417206
1.1839969158172607,0.24211522936820984,-1.3749579191207886,-2.5388023853302,0.43059858679771423,2.543090581893921,0.4384598433971405
1.2237956523895264,0.2423776388168335,-1.413984775543213,-2.55151104927063,0.435857892036438,2.5453734397888184,0.4575824737548828
1.263569951057434,0.2430175244808197,-1.4529753923416138,-2.564168691635132,0.44111403822898865,2.547563314437866,0.4767051041126251
1.303207516670227,0.2440374344587326,-1.4918169975280762,-2.5767762660980225,0.4463665187358856,2.5496582984924316,0.49582770466804504
1.3425921201705933,0.2454383373260498,-1.5303936004638672,-2.5893349647521973,0.4516153633594513,2.5516581535339355,0.5149503350257874
1.3816252946853638,0.24721980094909668,-1.5686066150665283,-2.601846218109131,0.4568619430065155,2.553558826446533,0.5340729355812073
1.4202018976211548,0.24938081204891205,-1.6063508987426758,-2.6143107414245605,0.4621063470840454,2.555359363555908,0.553195595741272
1.458227515220642,0.251918226480484,-1.6435319185256958,-2.626729726791382,0.46734872460365295,2.5570571422576904,0.5723181366920471
1.4956135749816895,0.25482842326164246,-1.6800609827041626,-2.6391046047210693,0.47258973121643066,2.558650493621826,0.5914407968521118
1.5322859287261963,0.2581084370613098,-1.7158632278442383,-2.6514360904693604,0.4778299927711487,2.5601353645324707,0.6105634570121765
1.5681700706481934,0.26175153255462646,-1.7508647441864014,-2.6637256145477295,0.48306989669799805,2.561511278152466,0.6296860575675964
1.6032130718231201,0.26575344800949097,-1.7850114107131958,-2.675973653793335,0.48830947279930115,2.5627729892730713,0.6488086581230164
1.5615094900131226,0.2548444867134094,-1.7753629684448242,-2.670121908187866,0.4706515073776245,2.565995216369629,0.6595287919044495
1.5152974128723145,0.2442852109670639,-1.760923147201538,-2.6631200313568115,0.45348379015922546,2.5686304569244385,0.6702489256858826
1.4641467332839966,0.23413683474063873,-1.7411918640136719,-2.654982089996338,0.4368637800216675,2.570679187774658,0.6809691190719604
1.4076130390167236,0.22448065876960754,-1.7156614065170288,-2.6457228660583496,0.4208464026451111,2.5721423625946045,0.6916892528533936
1.3452732563018799,0.21541529893875122,-1.6838523149490356,-2.635359525680542,0.4054802656173706,2.5730206966400146,0.7024093866348267
1.2767561674118042,0.20705948770046234,-1.6453437805175781,-2.623910427093506,0.3908079266548157,2.5733160972595215,0.7131295204162598
1.2018117904663086,0.19954966008663177,-1.5998433828353882,-2.6113953590393066,0.3768676817417145,2.573030948638916,0.7238497138023376
1.1203725337982178,0.19303898513317108,-1.5472482442855835,-2.5978333950042725,0.36369210481643677,2.5721681118011475,0.7345698475837708
1.0326662063598633,0.18769431114196777,-1.4877588748931885,-2.583245277404785,0.3513071835041046,2.570730209350586,0.7452899813652039
0.9392834305763245,0.1836816519498825,-1.4219441413879395,-2.567650556564331,0.33973532915115356,2.568720579147339,0.756010115146637
0.8412431478500366,0.18116126954555511,-1.35080885887146,-2.5510692596435547,0.3289932608604431,2.5661420822143555,0.7667302489280701
0.7399867177009583,0.18026985228061676,-1.27578604221344,-2.533520221710205,0.3190937340259552,2.562997817993164,0.777450442314148
0.6372801065444946,0.18110834062099457,-1.1986393928527832,-2.515021562576294,0.31004539132118225,2.5592916011810303,0.788170576095581
0.5350591540336609,0.18373125791549683,-1.121307373046875,-2.4955899715423584,0.3018536865711212,2.555026054382324,0.7988907098770142
0.43521636724472046,0.18814386427402496,-1.0456907749176025,-2.475240707397461,0.29452118277549744,2.5502023696899414,0.8096108436584473
0.33938732743263245,0.19430409371852875,-0.9734346866607666,-2.4539875984191895,0.2880480885505676,2.544822931289673,0.8203309774398804
0.2488245964050293,0.2021332085132599,-0.9058114290237427,-2.43184232711792,0.28243255615234375,2.538888931274414,0.8310511708259583
0.16434244811534882,0.2115267813205719,-0.8436540365219116,-2.4088149070739746,0.2776711583137512,2.5324010848999023,0.8417713046073914
0.08634529262781143,0.22236759960651398,-0.7873903512954712,-2.3849127292633057,0.27376028895378113,2.525358200073242,0.8524914383888245
0.014897125773131847,0.23453755676746368,-0.73711097240448,-2.360140800476074,0.2706960439682007,2.51775860786438,0.8632115721702576
-0.050188098102808,0.24792325496673584,-0.6926595568656921,-2.334501266479492,0.2684733271598816,2.509599208831787,0.8739317655563354
-0.10925473272800446,0.26242396235466003,-0.6537238359451294,-2.3079943656921387,0.2670896053314209,2.500875949859619,0.8846518993377686
-0.1627350002527237,0.27795034646987915,-0.6199066042900085,-2.280616283416748,0.2665417492389679,2.491581439971924,0.8953720331192017
-0.21110302209854126,0.29443061351776123,-0.5907717347145081,-2.2523608207702637,0.26682981848716736,2.4817087650299072,0.9060922265052795
-0.25482821464538574,0.3118044137954712,-0.565889835357666,-2.2232179641723633,0.2679538130760193,2.4712471961975098,0.9168123006820679
-0.294364333152771,0.3300268352031708,-0.5448512434959412,-2.19317364692688,0.2699187994003296,2.460184097290039,0.9275324940681458
-0.33012935519218445,0.3490658402442932,-0.5272841453552246,-2.162209987640381,0.2727316915988922,2.4485044479370117,0.9382526278495789
-0.3625052273273468,0.3689008951187134,-0.5128569602966309,-2.1303043365478516,0.2764032185077667,2.436189651489258,0.948972761631012
-0.3918353319168091,0.3895229697227478,-0.5012806057929993,-2.0974292755126953,0.2809492349624634,2.4232177734375,0.9596929550170898
-0.41842591762542725,0.41093432903289795,-0.4923091530799866,-2.063551425933838,0.28639066219329834,2.4095635414123535,0.9704130291938782
-0.4425477087497711,0.43314647674560547,-0.48573434352874756,-2.0286314487457275,0.2927559018135071,2.395195960998535,0.981133222579956
-0.4644416272640228,0.4561828076839447,-0.48138824105262756,-1.9926224946975708,0.3000807762145996,2.380080223083496,0.9918533563613892
-0.32628172636032104,0.49748343229293823,-0.5777248740196228,-1.9641169309616089,0.3768726587295532,2.3546910285949707,0.9932077527046204
-0.20261359214782715,0.5483350157737732,-0.6647796034812927,-1.927519679069519,0.45552319288253784,2.321901321411133,0.9945621490478516
-0.09231091290712357,0.6091408729553223,-0.7453328371047974,-1.882694959640503,0.5371662974357605,2.2808151245117188,0.995916485786438
0.0061168670654296875,0.6809787750244141,-0.8230459094047546,-1.8293977975845337,0.6236290335655212,2.230074405670166,0.9972708821296692
0.004492484498769045,0.682870626449585,-0.8240165710449219,-1.8273223638534546,0.6251774430274963,2.2286784648895264,1.0183972120285034
0.0028725333977490664,0.6847753524780273,-0.8249978423118591,-1.82523512840271,0.6267384886741638,2.227271556854248,1.0395236015319824
0.0012567052617669106,0.6866936683654785,-0.8259902000427246,-1.8231353759765625,0.6283118724822998,2.225853443145752,1.0606499910354614
-0.0003561988996807486,0.6886249780654907,-0.8269917368888855,-1.8210235834121704,0.6298969388008118,2.2244253158569336,1.0817763805389404
-0.001964651281014085,0.690570056438446,-0.8280050158500671,-1.818899393081665,0.63149493932724,2.22298526763916,1.1029026508331299
-0.0035693172831088305,0.6925287842750549,-0.8290290236473083,-1.8167625665664673,0.633105993270874,2.221534252166748,1.1240290403366089
-0.005170327145606279,0.6945010423660278,-0.8300639390945435,-1.814613699913025,0.6347293257713318,2.2200722694396973,1.145155429840088
-0.00676777632907033,0.6964872479438782,-0.8311095833778381,-1.8124520778656006,0.6363656520843506,2.2185988426208496,1.166281819343567
-0.008363152854144573,0.6984848976135254,-0.8321638107299805,-1.8102786540985107,0.6380118131637573,2.2171154022216797,1.187408208847046
-0.009951109066605568,0.7004995346069336,-0.8332340121269226,-1.8080921173095703,0.639675498008728,2.215618133544922,1.2085344791412354
-0.011536131612956524,0.7025277018547058,-0.8343145847320557,-1.8058931827545166,0.6413522958755493,2.2141103744506836,1.2296608686447144
-0.013116627931594849,0.7045699954032898,-0.8354073166847229,-1.80368173122406,0.6430414319038391,2.212590217590332,1.2507872581481934
-0.014693918637931347,0.7066267132759094,-0.8365112543106079,-1.8014576435089111,0.644745409488678,2.211059093475342,1.2719136476516724
-0.016266029328107834,0.708698034286499,-0.8376285433769226,-1.7992206811904907,0.6464630365371704,2.209514856338501,1.2930400371551514
-0.01783488690853119,0.7107836008071899,-0.8387570381164551,-1.796971321105957,0.6481938362121582,2.2079596519470215,1.3141663074493408
-0.01939900778234005,0.7128841876983643,-0.8398988246917725,-1.7947089672088623,0.6499398350715637,2.2063915729522705,1.3352926969528198
-0.02095966227352619,0.7149991393089294,-0.8410521745681763,-1.7924342155456543,0.6516990065574646,2.2048115730285645,1.3564190864562988
-0.02251547947525978,0.7171291708946228,-0.8422190546989441,-1.7901462316513062,0.653473436832428,2.203218936920166,1.3775454759597778
-0.024068227037787437,0.71927410364151,-0.8433977961540222,-1.7878458499908447,0.6552620530128479,2.2016146183013916,1.3986718654632568
-0.02561531588435173,0.7214341163635254,-0.8445909023284912,-1.7855322360992432,0.6570653915405273,2.1999969482421875,1.4197981357574463
-0.027159659191966057,0.7236096262931824,-0.8457959294319153,-1.7832057476043701,0.6588833928108215,2.1983673572540283,1.4409245252609253
-0.028699340298771858,0.7257996797561646,-0.8470144271850586,-1.7808665037155151,0.6607158780097961,2.1967248916625977,1.4620509147644043
-0.030234145000576973,0.7280063033103943,-0.8482476472854614,-1.77851402759552,0.6625654697418213,2.195068597793579,1.4831773042678833
-0.03176604211330414,0.7302277684211731,-0.8494930267333984,-1.7761484384536743,0.6644287705421448,2.1934003829956055,1.5043036937713623
-0.033292245119810104,0.7324658632278442,-0.8507539629936218,-1.7737698554992676,0.6663089990615845,2.191718101501465,1.5254299640655518
-0.03481481224298477,0.7347198128700256,-0.8520284295082092,-1.771377682685852,0.668204665184021,2.1900227069854736,1.5465563535690308
-0.036332689225673676,0.7369892597198486,-0.8533173203468323,-1.7689728736877441,0.6701164245605469,2.1883139610290527,1.5676827430725098
-0.03784656897187233,0.7392755746841431,-0.8546207547187805,-1.766554355621338,0.672044038772583,2.186591625213623,1.5888091325759888
-0.03935614973306656,0.7415774464607239,-0.8559384346008301,-1.7641229629516602,0.6739881038665771,2.1848561763763428,1.6099355220794678
-0.040860921144485474,0.7438967227935791,-0.8572719693183899,-1.761677622795105,0.6759493947029114,2.183105945587158,1.6310617923736572
-0.04236092045903206,0.7462324500083923,-0.8586210608482361,-1.7592192888259888,0.6779274940490723,2.1813416481018066,1.6521881818771362
-0.04385847970843315,0.7485846877098083,-0.8599831461906433,-1.7567473649978638,0.6799216866493225,2.1795647144317627,1.6733145713806152
-0.045350316911935806,0.7509542107582092,-0.8613623380661011,-1.754262089729309,0.6819337010383606,2.1777727603912354,1.6944409608840942
-0.046837661415338516,0.7533405423164368,-0.86275714635849,-1.751763105392456,0.6839626431465149,2.175966262817383,1.7155673503875732
-0.04832078516483307,0.7557447552680969,-0.8641679883003235,-1.7492504119873047,0.6860100030899048,2.174145221710205,1.7366937398910522
-0.049798883497714996,0.7581660747528076,-0.8655955195426941,-1.7467241287231445,0.6880762577056885,2.172309398651123,1.7578200101852417
-0.05127297341823578,0.7606050968170166,-0.867039144039154,-1.7441842555999756,0.6901587843894958,2.170459032058716,1.7789463996887207
-0.05274266377091408,0.7630617022514343,-0.8684993386268616,-1.7416304349899292,0.6922608017921448,2.168593406677246,1.8000727891921997
-0.05420726537704468,0.765536904335022,-0.8699771165847778,-1.7390626668930054,0.6943814158439636,2.1667122840881348,1.8211991786956787
-0.055668268352746964,0.7680301666259766,-0.8714712858200073,-1.7364810705184937,0.6965209245681763,2.164816379547119,1.8423254489898682
-0.057124391198158264,0.7705419659614563,-0.8729830384254456,-1.733885407447815,0.6986794471740723,2.162904739379883,1.8634518384933472
-0.058575596660375595,0.7730721831321716,-0.8745129108428955,-1.7312759160995483,0.700857400894165,2.160977363586426,1.8845782279968262
-0.06002245843410492,0.7756211161613464,-0.8760605454444885,-1.7286522388458252,0.7030553817749023,2.159034252166748,1.9057044982910156
-0.061465322971343994,0.7781888246536255,-0.8776256442070007,-1.7260143756866455,0.7052720189094543,2.1570754051208496,1.9268308877944946
-0.06290354579687119,0.7807759642601013,-0.8792094588279724,-1.7233624458312988,0.7075099349021912,2.1551003456115723,1.9479573965072632
-0.06433698534965515,0.7833821773529053,-0.8808119893074036,-1.720696210861206,0.7097679972648621,2.153109073638916,1.9690837860107422
-0.0657651349902153,0.7860087752342224,-0.8824347257614136,-1.718015432357788,0.7120476365089417,2.1511001586914062,1.9902100563049316
-0.06718996912240982,0.7886547446250916,-0.8840752243995667,-1.7153202295303345,0.714347243309021,2.149075508117676,2.011336326599121
-0.06860984861850739,0.7913205623626709,-0.8857356905937195,-1.7126108407974243,0.7166685461997986,2.147033452987671,2.0324628353118896
-0.07002425193786621,0.794006884098053,-0.887416660785675,-1.7098866701126099,0.7190117239952087,2.1449742317199707,2.053589105606079
-0.07143473625183105,0.7967139482498169,-0.8891177177429199,-1.7071480751037598,0.7213773131370544,2.142897367477417,2.0747156143188477
-0.07284072786569595,0.7994411587715149,-0.8908388018608093,-1.7043945789337158,0.7237648963928223,2.140803337097168,2.095841884613037
-0.07424170523881912,0.8021900057792664,-0.8925809860229492,-1.7016265392303467,0.7261751890182495,2.1386914253234863,2.1169681549072266
-0.07563906908035278,0.8049591183662415,-0.894343376159668,-1.6988435983657837,0.7286076545715332,2.1365621089935303,2.138094663619995
-0.07703181356191635,0.8077502250671387,-0.8961271047592163,-1.6960457563400269,0.731063961982727,2.1344144344329834,2.1592209339141846
-0.07841848582029343,0.8105636239051819,-0.8979344964027405,-1.693232774734497,0.7335447669029236,2.13224720954895,2.180347442626953
-0.07980183511972427,0.8133986592292786,-0.8997624516487122,-1.6904048919677734,0.736048698425293,2.1300623416900635,2.2014737129211426
-0.08117987215518951,0.8162552714347839,-0.9016134738922119,-1.6875619888305664,0.7385769486427307,2.1278579235076904,2.222600221633911
-0.08255407959222794,0.8191353678703308,-0.9034867286682129,-1.6847037076950073,0.7411302328109741,2.1256346702575684,2.2437264919281006
-0.08392272144556046,0.822037935256958,-0.9053842425346375,-1.6818302869796753,0.7437094449996948,2.12339186668396,2.26485276222229
-0.08528678864240646,0.824964165687561,-0.9073055982589722,-1.678941249847412,0.7463138699531555,2.121128559112549,2.2859792709350586
-0.08664640039205551,0.8279135823249817,-0.9092504382133484,-1.6760368347167969,0.7489442825317383,2.1188459396362305,2.307105541229248
-0.088002048432827,0.8308868408203125,-0.9112191796302795,-1.67311692237854,0.7516012191772461,2.1165435314178467,2.3282318115234375
-0.08935294300317764,0.8338832259178162,-0.9132124185562134,-1.6701815128326416,0.7542840242385864,2.114220380783081,2.349358320236206
-0.09069938212633133,0.8369044661521912,-0.9152308106422424,-1.6672301292419434,0.7569946050643921,2.111876964569092,2.3704845905303955
-0.11470162868499756,0.8574025630950928,-0.911460816860199,-1.6295102834701538,0.7621639966964722,2.0953304767608643,2.391529083251953
-0.13794511556625366,0.8792215585708618,-0.909519374370575,-1.5904653072357178,0.7688634991645813,2.0777039527893066,2.4125733375549316
-0.16045823693275452,0.9024941921234131,-0.9096206426620483,-1.5499601364135742,0.7773266434669495,2.058877944946289,2.4336178302764893
-0.18227025866508484,0.9273906946182251,-0.912044107913971,-1.5078344345092773,0.7878550291061401,2.0387041568756104,2.454662322998047
-0.20341382920742035,0.9541303515434265,-0.9171591401100159,-1.463890790939331,0.8008453249931335,2.0169901847839355,2.4757065773010254
-0.22392460703849792,0.9830107092857361,-0.925472617149353,-1.4178855419158936,0.8168365955352783,1.9934812784194946,2.496751070022583
-0.2438383847475052,1.0144342184066772,-0.9376977682113647,-1.3695127964019775,0.8365821838378906,1.9678324460983276,2.5177955627441406
-0.2631953954696655,1.0489650964736938,-0.954869270324707,-1.3183772563934326,0.8611650466918945,1.9395627975463867,2.538839817047119
-0.2820573151111603,1.087445855140686,-0.9785558581352234,-1.2639572620391846,0.8922336101531982,1.9079601764678955,2.5598843097686768
-0.3004874885082245,1.1311969757080078,-1.011322259902954,-1.2055342197418213,0.932455837726593,1.87190842628479,2.5809288024902344
-0.31858325004577637,1.1824983358383179,-1.057724118232727,-1.1420800685882568,0.9865633845329285,1.8294832706451416,2.601973056793213
-0.3365299105644226,1.2459404468536377,-1.1271263360977173,-1.0720241069793701,1.0642722845077515,1.7768230438232422,2.6230175495147705
-0.3547603189945221,1.333906888961792,-1.2450311183929443,-0.9927432537078857,1.192021131515503,1.7035130262374878,2.644062042236328
