-1.7328475713729858,1.1782169342041016,1.2631299495697021,-1.535829782485962,-1.151842713356018,1.8402988910675049,-2.67248797416687
-1.7341578006744385,1.10860013961792,1.222383737564087,-1.6078555583953857,-1.0942637920379639,1.8985276222229004,-2.647749662399292
-1.7337884902954102,1.049165964126587,1.194692611694336,-1.6745117902755737,-1.0499284267425537,1.9480066299438477,-2.623011350631714
-1.7318238019943237,0.9964489936828613,1.1754070520401,-1.7365307807922363,-1.0138123035430908,1.9916749000549316,-2.598273277282715
-1.7282909154891968,0.9485662579536438,1.1619800329208374,-1.794445276260376,-0.9831541180610657,2.03112530708313,-2.5735349655151367
-1.7231624126434326,0.904370129108429,1.1528332233428955,-1.8486497402191162,-0.9562525749206543,2.0673248767852783,-2.5487966537475586
-1.7163947820663452,0.8631133437156677,1.1469180583953857,-1.8994394540786743,-0.9319835901260376,2.1009011268615723,-2.5240583419799805
-1.7079288959503174,0.8242862224578857,1.1434926986694336,-1.9470356702804565,-0.9095627069473267,2.1322789192199707,-2.4993200302124023
-1.6976954936981201,0.7875335216522217,1.1420046091079712,-1.9916038513183594,-0.8884240984916687,2.161749839782715,-2.474581718444824
-1.6856062412261963,0.7526036500930786,1.14201021194458,-2.03326416015625,-0.8681449294090271,2.1895203590393066,-2.449843406677246
-1.6715638637542725,0.7193179130554199,1.143141746520996,-2.07210111618042,-0.8484047651290894,2.2157325744628906,-2.425105333328247
-1.6554551124572754,0.6875540614128113,1.1450706720352173,-2.1081719398498535,-0.8289603590965271,2.240483283996582,-2.400367021560669
-1.637151837348938,0.6572296023368835,1.1474897861480713,-2.1415085792541504,-0.8096276521682739,2.263833999633789,-2.375628709793091
-1.616506814956665,0.628292977809906,1.1500940322875977,-2.172125816345215,-0.7902681827545166,2.285823106765747,-2.3508903980255127
-1.6158666610717773,0.6306192278862,1.1520724296569824,-2.1717538833618164,-0.7929820418357849,2.284212112426758,-2.326688766479492
-1.6152138710021973,0.6329635977745056,1.1540454626083374,-2.1713712215423584,-0.7957035899162292,2.2825851440429688,-2.3024868965148926
-1.6145468950271606,0.6353254318237305,1.1560118198394775,-2.1709775924682617,-0.798431396484375,2.280942916870117,-2.278285264968872
-1.6138676404953003,0.6377045512199402,1.1579726934432983,-2.1705729961395264,-0.8011661767959595,2.279284954071045,-2.2540836334228516
-1.613174319267273,0.6401020884513855,1.159927248954773,-2.1701576709747314,-0.8039079308509827,2.277611255645752,-2.229881763458252
-1.612468957901001,0.6425179839134216,1.161876916885376,-2.169731616973877,-0.8066568970680237,2.275921106338501,-2.2056801319122314
-1.6117496490478516,0.6449512243270874,1.1638203859329224,-2.169294834136963,-0.8094132542610168,2.2742156982421875,-2.181478500366211
-1.611019253730774,0.6474040746688843,1.1657602787017822,-2.168846607208252,-0.8121772408485413,2.2724926471710205,-2.1572766304016113
-1.6102752685546875,0.6498745679855347,1.167694330215454,-2.1683881282806396,-0.8149484395980835,2.270753860473633,-2.133074998855591
-1.6095190048217773,0.6523644328117371,1.169623851776123,-2.1679184436798096,-0.8177276253700256,2.268998146057129,-2.1088733673095703
-1.608749508857727,0.6548735499382019,1.1715482473373413,-2.167437791824341,-0.8205145597457886,2.267225742340088,-2.0846714973449707
-1.6079684495925903,0.6574013829231262,1.1734689474105835,-2.1669464111328125,-0.8233093619346619,2.2654361724853516,-2.06046986579895
-1.6071757078170776,0.6599488258361816,1.1753857135772705,-2.1664443016052246,-0.8261122703552246,2.26362943649292,-2.0362682342529297
-1.6063711643218994,0.6625163555145264,1.1772992610931396,-2.165931224822998,-0.8289240002632141,2.2618045806884766,-2.01206636428833
-1.6055541038513184,0.6651028990745544,1.1792081594467163,-2.1654069423675537,-0.8317438960075378,2.259963035583496,-1.9878647327423096
-1.60472571849823,0.6677102446556091,1.1811143159866333,-2.16487193107605,-0.8345723152160645,2.258103132247925,-1.963663101196289
-1.6038857698440552,0.6703377366065979,1.1830172538757324,-2.1643259525299072,-0.8374102115631104,2.256225109100342,-1.939461350440979
-1.6030340194702148,0.6729855537414551,1.1849169731140137,-2.163769245147705,-0.8402566909790039,2.254328966140747,-1.915259599685669
-1.6021713018417358,0.6756545901298523,1.186814308166504,-2.163201332092285,-0.8431122899055481,2.2524142265319824,-1.8910578489303589
-1.6012976169586182,0.6783443689346313,1.1887093782424927,-2.1626224517822266,-0.845977246761322,2.2504806518554688,-1.8668562173843384
-1.600412368774414,0.6810548901557922,1.1906018257141113,-2.1620328426361084,-0.8488512635231018,2.2485287189483643,-1.8426544666290283
-1.599515438079834,0.6837870478630066,1.1924916505813599,-2.1614322662353516,-0.8517354726791382,2.2465579509735107,-1.8184527158737183
-1.5986084938049316,0.6865411400794983,1.194380521774292,-2.160820484161377,-0.8546292781829834,2.2445671558380127,-1.7942510843276978
-1.5976903438568115,0.689316987991333,1.1962672472000122,-2.1601977348327637,-0.8575326800346375,2.2425570487976074,-1.7700493335723877
-1.5967615842819214,0.6921149492263794,1.198152780532837,-2.159564256668091,-0.8604466319084167,2.2405271530151367,-1.7458475828170776
-1.5958216190338135,0.6949352622032166,1.2000365257263184,-2.1589198112487793,-0.8633708357810974,2.2384777069091797,-1.7216458320617676
-1.5948721170425415,0.6977784037590027,1.2019202709197998,-2.15826416015625,-0.866305410861969,2.23640775680542,-1.697444200515747
-1.59391188621521,0.7006455063819885,1.203803300857544,-2.157597303390503,-0.86925208568573,2.23431658744812,-1.673242449760437
-1.5929417610168457,0.7035349011421204,1.2056857347488403,-2.1569199562072754,-0.8722083568572998,2.232205629348755,-1.6490408182144165
-1.5919604301452637,0.7064475417137146,1.2075672149658203,-2.156230926513672,-0.8751755952835083,2.2300734519958496,-1.6248390674591064
-1.5909702777862549,0.7093847393989563,1.2094502449035645,-2.155531406402588,-0.878155529499054,2.227919578552246,-1.6006373167037964
-1.5899701118469238,0.7123461365699768,1.2113332748413086,-2.154820442199707,-0.8811461925506592,2.2257440090179443,-1.5764356851577759
-1.5889593362808228,0.7153311371803284,1.2132158279418945,-2.1540987491607666,-0.8841485381126404,2.2235476970672607,-1.5522339344024658
-1.587939739227295,0.7183420062065125,1.2151005268096924,-2.1533658504486084,-0.8871633410453796,2.221328020095825,-1.5280321836471558
-1.5869100093841553,0.721377432346344,1.2169854640960693,-2.1526219844818115,-0.8901898264884949,2.2190868854522705,-1.5038304328918457
-1.5858707427978516,0.7244377732276917,1.218871831893921,-2.151866912841797,-0.893229067325592,2.216822862625122,-1.4796288013458252
-1.5848219394683838,0.727523922920227,1.2207595109939575,-2.1511011123657227,-0.8962804079055786,2.214536190032959,-1.4554271697998047
-1.5837637186050415,0.7306370735168457,1.222649335861206,-2.1503233909606934,-0.8993455171585083,2.2122256755828857,-1.4312254190444946
-1.5826963186264038,0.7337758541107178,1.224541187286377,-2.1495351791381836,-0.9024233222007751,2.2098917961120605,-1.4070236682891846
-1.5816209316253662,0.7369419932365417,1.2264363765716553,-2.148735761642456,-0.9055149555206299,2.207533597946167,-1.382822036743164
-1.580535888671875,0.7401350140571594,1.228333830833435,-2.14792537689209,-0.9086198806762695,2.205151319503784,-1.358620285987854
-1.5794415473937988,0.7433546185493469,1.2302334308624268,-2.147103786468506,-0.9117386937141418,2.2027454376220703,-1.334418535232544
-1.5729459524154663,0.7267789244651794,1.2190741300582886,-2.149859666824341,-0.8948987126350403,2.2149996757507324,-1.3179337978363037
-1.566291093826294,0.7107323408126831,1.2079660892486572,-2.1525862216949463,-0.8782926201820374,2.2267630100250244,-1.3014490604400635
-1.5594727993011475,0.6951828002929688,1.196891188621521,-2.155283212661743,-0.8619021773338318,2.2380642890930176,-1.2849643230438232
-1.5524874925613403,0.6801022887229919,1.1858335733413696,-2.1579506397247314,-0.8457127809524536,2.248929977416992,-1.268479585647583
-1.5453307628631592,0.6654645204544067,1.174777626991272,-2.160587787628174,-0.8297097682952881,2.2593836784362793,-1.2519949674606323
-1.538000226020813,0.6512453556060791,1.1637104749679565,-2.1631951332092285,-0.813881516456604,2.269447088241577,-1.235510230064392
-1.530488133430481,0.6374232769012451,1.1526153087615967,-2.1657724380493164,-0.7982159852981567,2.2791404724121094,-1.2190254926681519
-1.5227915048599243,0.6239780187606812,1.1414804458618164,-2.1683192253112793,-0.7827017903327942,2.288482189178467,-1.2025407552719116
-1.5149040222167969,0.6108925342559814,1.1302918195724487,-2.1708359718322754,-0.7673311829566956,2.2974886894226074,-1.1860560178756714
-1.5068228244781494,0.5981515049934387,1.119039535522461,-2.1733219623565674,-0.752097487449646,2.306173801422119,-1.1695712804794312
-1.4985365867614746,0.585735559463501,1.1077051162719727,-2.1757774353027344,-0.7369869351387024,2.3145556449890137,-1.153086543083191
-1.4900405406951904,0.5736322999000549,1.0962779521942139,-2.1782023906707764,-0.7219947576522827,2.322646141052246,-1.1366018056869507
-1.4813278913497925,0.5618295669555664,1.0847456455230713,-2.180596351623535,-0.7071143984794617,2.3304569721221924,-1.1201170682907104
-1.4723924398422241,0.5503150820732117,1.0730963945388794,-2.18295955657959,-0.6923398375511169,2.3379993438720703,-1.1036323308944702
-1.4632248878479004,0.5390772819519043,1.0613162517547607,-2.1852915287017822,-0.6776643395423889,2.3452847003936768,-1.0871477127075195
-1.4538180828094482,0.5281064510345459,1.0493931770324707,-2.1875925064086914,-0.6630827188491821,2.352322816848755,-1.0706629753112793
-1.4441629648208618,0.5173928737640381,1.0373138189315796,-2.1898624897003174,-0.6485903859138489,2.3591232299804688,-1.054178237915039
-1.4342504739761353,0.5069284439086914,1.0250654220581055,-2.192101001739502,-0.6341819763183594,2.365694046020508,-1.0376935005187988
-1.424072265625,0.4967043995857239,1.0126354694366455,-2.194307804107666,-0.6198536157608032,2.3720436096191406,-1.0212087631225586
-1.4136172533035278,0.48671433329582214,1.000009536743164,-2.1964831352233887,-0.6056007146835327,2.3781800270080566,-1.0047240257263184
-1.4028756618499756,0.47695058584213257,0.9871740937232971,-2.19862699508667,-0.5914198160171509,2.384110450744629,-0.9882392883300781
-1.3918384313583374,0.46740734577178955,0.9741171598434448,-2.2007389068603516,-0.5773069858551025,2.389840841293335,-0.9717546105384827
-1.3804924488067627,0.45807838439941406,0.9608224034309387,-2.202819347381592,-0.563258945941925,2.395378828048706,-0.9552698731422424
-1.3688267469406128,0.4489588737487793,0.9472760558128357,-2.2048676013946533,-0.5492718815803528,2.4007298946380615,-0.9387851357460022
-1.3568313121795654,0.44004368782043457,0.9334652423858643,-2.2068841457366943,-0.5353436470031738,2.4058990478515625,-0.922300398349762
-1.3444912433624268,0.431329607963562,0.9193727970123291,-2.2088682651519775,-0.5214710831642151,2.4108922481536865,-0.9058156609535217
-1.3317962884902954,0.4228113889694214,0.9049856066703796,-2.210820436477661,-0.5076509118080139,2.415714740753174,-0.8893309235572815
-1.3187307119369507,0.4144865572452545,0.8902856111526489,-2.212740182876587,-0.4938814342021942,2.4203710556030273,-0.872846245765686
-1.305283784866333,0.40635165572166443,0.875260055065155,-2.214627742767334,-0.4801599681377411,2.424865484237671,-0.8563615083694458
-1.2914402484893799,0.3984038233757019,0.8598912358283997,-2.216482639312744,-0.4664834439754486,2.4292025566101074,-0.8398767709732056
-1.2771854400634766,0.3906415104866028,0.8441604971885681,-2.2183055877685547,-0.4528503715991974,2.4333865642547607,-0.8233920335769653
-1.2625064849853516,0.38306254148483276,0.8280566930770874,-2.220095634460449,-0.4392586946487427,2.437420606613159,-0.8069073557853699
-1.2473869323730469,0.3756644129753113,0.8115597367286682,-2.221853256225586,-0.4257065951824188,2.4413089752197266,-0.7904226183891296
-1.2318110466003418,0.368447870016098,0.794651985168457,-2.2235774993896484,-0.41219180822372437,2.4450552463531494,-0.7739378809928894
-1.2157683372497559,0.3614102005958557,0.7773210406303406,-2.2252697944641113,-0.3987125754356384,2.4486613273620605,-0.7574531435966492
-1.1992387771606445,0.354552298784256,0.7595452666282654,-2.2269287109375,-0.3852669894695282,2.452131748199463,-0.7409684062004089
-1.18220853805542,0.3478734791278839,0.7413092255592346,-2.228555202484131,-0.37185415625572205,2.4554686546325684,-0.7244837284088135
-1.1646630764007568,0.3413740396499634,0.7225962281227112,-2.2301483154296875,-0.35847166180610657,2.4586753845214844,-0.7079989910125732
-1.146587610244751,0.33505451679229736,0.7033907771110535,-2.2317087650299072,-0.34511858224868774,2.4617538452148438,-0.691514253616333
-1.1279672384262085,0.32891589403152466,0.6836760640144348,-2.2332358360290527,-0.33179396390914917,2.4647068977355957,-0.6750295162200928
-1.1087872982025146,0.32295989990234375,0.663435697555542,-2.2347302436828613,-0.3184951841831207,2.4675371646881104,-0.6585448384284973
-1.0890357494354248,0.3171866834163666,0.642656683921814,-2.2361910343170166,-0.30522170662879944,2.4702463150024414,-0.6420601010322571
-1.0686984062194824,0.3115997314453125,0.6213231086730957,-2.237618923187256,-0.2919723093509674,2.47283673286438,-0.6255753636360168
-1.0477659702301025,0.306200236082077,0.5994242429733276,-2.239013195037842,-0.27874550223350525,2.4753103256225586,-0.6090906262397766
-1.0262272357940674,0.3009912669658661,0.5769474506378174,-2.240374803543091,-0.26554080843925476,2.4776690006256104,-0.5926059484481812
-1.004071593284607,0.2959747314453125,0.5538813471794128,-2.2417025566101074,-0.25235551595687866,2.4799141883850098,-0.5761211514472961
-0.9812948107719421,0.29115474224090576,0.5302199721336365,-2.242997169494629,-0.23919041454792023,2.4820480346679688,-0.5596364140510559
-0.9578909277915955,0.2865331470966339,0.5059563517570496,-2.244258403778076,-0.22604312002658844,2.484071731567383,-0.5431516766548157
-0.9338576793670654,0.2821148931980133,0.48108676075935364,-2.245486259460449,-0.21291357278823853,2.4859871864318848,-0.5266669988632202
-0.9091965556144714,0.2779027819633484,0.4556117653846741,-2.246680498123169,-0.19980017840862274,2.487795352935791,-0.51018226146698
-0.8839089870452881,0.27390092611312866,0.42953139543533325,-2.2478413581848145,-0.18670208752155304,2.489497423171997,-0.49369752407073975
-0.8580014109611511,0.27011337876319885,0.40285107493400574,-2.2489686012268066,-0.17361882328987122,2.4910950660705566,-0.4772128164768219
-0.831484854221344,0.2665441334247589,0.3755806088447571,-2.2500624656677246,-0.16054894030094147,2.492588996887207,-0.46072807908058167
-0.8043724298477173,0.2631976008415222,0.3477320671081543,-2.2511229515075684,-0.14749139547348022,2.4939804077148438,-0.4442433714866638
-0.7766830325126648,0.2600772976875305,0.3193231225013733,-2.2521495819091797,-0.13444651663303375,2.495270252227783,-0.4277586340904236
-0.7484374046325684,0.2571888566017151,0.2903735935688019,-2.253142833709717,-0.1214125007390976,2.496459484100342,-0.41127392649650574
-0.7196629643440247,0.2545345723628998,0.26090970635414124,-2.2541027069091797,-0.10838855803012848,2.497548818588257,-0.3947891891002655
-0.6903912425041199,0.2521192729473114,0.23096199333667755,-2.2550292015075684,-0.09537477046251297,2.4985384941101074,-0.37830445170402527
-0.660653829574585,0.24994675815105438,0.20056097209453583,-2.2559216022491455,-0.0823688954114914,2.4994301795959473,-0.3618197441101074
-0.6304944753646851,0.24802060425281525,0.16974933445453644,-2.2567808628082275,-0.06937138736248016,2.5002238750457764,-0.3453350067138672
-0.5999553799629211,0.24634364247322083,0.13856831192970276,-2.2576065063476562,-0.05638124793767929,2.500919818878174,-0.32885029911994934
-0.5690843462944031,0.24491925537586212,0.10706453770399094,-2.2583985328674316,-0.04339750111103058,2.501518487930298,-0.3123655617237091
-0.5379335284233093,0.24374939501285553,0.07528942823410034,-2.259157180786133,-0.03041994944214821,2.502021551132202,-0.29588085412979126
-0.5065552592277527,0.24283736944198608,0.04329407960176468,-2.2598819732666016,-0.017447128891944885,2.502427816390991,-0.279396116733551
-0.4750083088874817,0.2421836107969284,0.011136447079479694,-2.260573625564575,-0.004479136783629656,2.5027377605438232,-0.2629114091396332
-0.44335120916366577,0.24178984761238098,-0.021126190200448036,-2.2612318992614746,0.008485431782901287,2.5029523372650146,-0.24642667174339294
-0.4116440713405609,0.2416563779115677,-0.053434427827596664,-2.2618565559387207,0.021446654573082924,2.5030713081359863,-0.2299419492483139
-0.379948228597641,0.24178363382816315,-0.08572852611541748,-2.2624478340148926,0.034405384212732315,2.50309419631958,-0.21345722675323486
-0.34832340478897095,0.24217069149017334,-0.117948979139328,-2.2630057334899902,0.047362715005874634,2.503021240234375,-0.19697248935699463
-0.3168305456638336,0.24281755089759827,-0.1500360518693924,-2.2635302543640137,0.060318708419799805,2.5028529167175293,-0.18048778176307678
-0.28552699089050293,0.24372123181819916,-0.18193349242210388,-2.264021635055542,0.07327429950237274,2.5025882720947266,-0.16400305926799774
-0.25447142124176025,0.24488139152526855,-0.21358363330364227,-2.264479637145996,0.08623023331165314,2.502227783203125,-0.1475183367729187
-0.22371573746204376,0.24629497528076172,-0.24493546783924103,-2.264904499053955,0.09918727725744247,2.5017707347869873,-0.13103359937667847
-0.1933111846446991,0.2479584813117981,-0.27593880891799927,-2.265296220779419,0.11214567720890045,2.5012171268463135,-0.11454889178276062
-0.16330410540103912,0.24986961483955383,-0.30654817819595337,-2.2656545639038086,0.1251063048839569,2.5005664825439453,-0.09806416183710098
-0.13373664021492004,0.2520241439342499,-0.33672258257865906,-2.2659802436828613,0.13807013630867004,2.499817371368408,-0.08157943934202194
-0.10465071350336075,0.2544192671775818,-0.36642101407051086,-2.26627254486084,0.1510372906923294,2.4989709854125977,-0.0650947093963623
-0.07607689499855042,0.25705060362815857,-0.39561399817466736,-2.2665324211120605,0.16400916874408722,2.498025417327881,-0.048609983175992966
-0.0480460524559021,0.2599135935306549,-0.42427149415016174,-2.266758918762207,0.1769862323999405,2.4969804286956787,-0.03212527185678482
-0.02058490552008152,0.2630046308040619,-0.4523678123950958,-2.2669525146484375,0.18996885418891907,2.495835065841675,-0.01564054563641548
0.00628725765272975,0.2663179636001587,-0.47988492250442505,-2.26711368560791,0.20295816659927368,2.494588851928711,0.0008441816316917539
0.03255121037364006,0.2698512673377991,-0.5068044066429138,-2.267241954803467,0.21595454216003418,2.4932405948638916,0.017328908666968346
0.058196380734443665,0.2735988199710846,-0.5331168174743652,-2.2673377990722656,0.22895938158035278,2.4917893409729004,0.033813636749982834
0.08321274816989899,0.277556449174881,-0.5588131546974182,-2.2674012184143066,0.24197259545326233,2.490233898162842,0.05029834806919098
0.10759490728378296,0.2817206382751465,-0.5838890671730042,-2.2674319744110107,0.25499603152275085,2.4885735511779785,0.06678307056427002
0.13134083151817322,0.2860872149467468,-0.6083438396453857,-2.267430305480957,0.268030047416687,2.4868059158325195,0.08326780050992966
0.15444707870483398,0.29065242409706116,-0.6321747899055481,-2.2673964500427246,0.28107473254203796,2.4849319458007812,0.0997525304555893
0.17692336440086365,0.29541265964508057,-0.6553928852081299,-2.2673301696777344,0.2941323220729828,2.482947587966919,0.11623725295066833
0.19876982271671295,0.3003643751144409,-0.6779993772506714,-2.2672321796417236,0.30720290541648865,2.4808530807495117,0.13272196054458618
0.21999521553516388,0.30550479888916016,-0.7000042796134949,-2.2671022415161133,0.3202873170375824,2.4786462783813477,0.14920669794082642
0.24060823023319244,0.3108314573764801,-0.7214171290397644,-2.266940116882324,0.3333868384361267,2.476325511932373,0.16569142043590546
0.21192163228988647,0.3133165240287781,-0.7019537091255188,-2.258105993270874,0.3273955285549164,2.4742770195007324,0.18591852486133575
0.18363825976848602,0.31604111194610596,-0.6828016042709351,-2.249098539352417,0.3215214014053345,2.472113847732544,0.20614562928676605
0.15578334033489227,0.3189992904663086,-0.6639860272407532,-2.2399179935455322,0.315763920545578,2.4698379039764404,0.22637273371219635
0.12838204205036163,0.32218804955482483,-0.6455320119857788,-2.2305641174316406,0.31012341380119324,2.4674489498138428,0.24659983813762665
0.10145481675863266,0.32560259103775024,-0.6274605989456177,-2.2210373878479004,0.30459943413734436,2.4649477005004883,0.26682692766189575
0.07501950860023499,0.32923850417137146,-0.6097893714904785,-2.2113375663757324,0.2991913855075836,2.4623351097106934,0.28705403208732605
0.049089428037405014,0.333091139793396,-0.5925324559211731,-2.2014641761779785,0.29389888048171997,2.459611654281616,0.30728113651275635
0.023679101839661598,0.33715543150901794,-0.5757043957710266,-2.191418170928955,0.28872156143188477,2.4567770957946777,0.32750824093818665
-0.0012032034574076533,0.3414278030395508,-0.5593143105506897,-2.1811981201171875,0.2836593985557556,2.4538326263427734,0.34773537516593933
-0.02555145137012005,0.3459033668041229,-0.5433684587478638,-2.170804023742676,0.2787109911441803,2.4507782459259033,0.36796244978904724
-0.049359358847141266,0.3505769968032837,-0.5278738737106323,-2.1602354049682617,0.27387672662734985,2.4476141929626465,0.38818955421447754
-0.07262656837701797,0.35544517636299133,-0.5128319263458252,-2.149491786956787,0.26915493607521057,2.444340705871582,0.40841665863990784
-0.09535219520330429,0.3605040907859802,-0.49824386835098267,-2.1385726928710938,0.2645464539527893,2.4409587383270264,0.42864376306533813
-0.11753618717193604,0.3657480776309967,-0.48411092162132263,-2.1274771690368652,0.26005062460899353,2.437467575073242,0.44887086749076843
-0.13918156921863556,0.371174156665802,-0.47043073177337646,-2.116204023361206,0.2556663453578949,2.4338669776916504,0.46909797191619873
-0.16029447317123413,0.376778781414032,-0.4571981728076935,-2.104752540588379,0.25139281153678894,2.4301581382751465,0.48932507634162903
-0.18087832629680634,0.38255763053894043,-0.44441112875938416,-2.0931217670440674,0.24723027646541595,2.426339864730835,0.5095521807670593
-0.2009402960538864,0.3885079324245453,-0.4320632517337799,-2.0813097953796387,0.24317853152751923,2.4224119186401367,0.529779314994812
-0.22048941254615784,0.394626647233963,-0.420148104429245,-2.0693154335021973,0.2392360419034958,2.418375015258789,0.5500063896179199
-0.23953276872634888,0.40090975165367126,-0.4086569547653198,-2.0571374893188477,0.23540283739566803,2.4142279624938965,0.5702334642410278
-0.2580794095993042,0.4073559045791626,-0.3975836932659149,-2.044773817062378,0.2316783368587494,2.409970998764038,0.5904605388641357
-0.2761405408382416,0.41396191716194153,-0.3869183361530304,-2.0322227478027344,0.22806225717067719,2.4056031703948975,0.6106876730918884
-0.29372555017471313,0.4207254946231842,-0.37665286660194397,-2.019481658935547,0.22455403208732605,2.4011244773864746,0.6309147477149963
-0.31084245443344116,0.4276444613933563,-0.3667809069156647,-2.006549119949341,0.22115376591682434,2.3965330123901367,0.651141881942749
-0.3275061547756195,0.4347178339958191,-0.35728883743286133,-1.993422269821167,0.21785996854305267,2.3918297290802,0.6713689565658569
-0.3437248468399048,0.44194307923316956,-0.34817013144493103,-1.9800984859466553,0.21467317640781403,2.387012481689453,0.6915960907936096
-0.359508752822876,0.4493195116519928,-0.3394165635108948,-1.966574788093567,0.21159346401691437,2.382079839706421,0.7118231654167175
-0.37487125396728516,0.45684653520584106,-0.3310159742832184,-1.952848196029663,0.2086201310157776,2.3770322799682617,0.7320502996444702
-0.3898225426673889,0.4645230770111084,-0.3229600489139557,-1.9389153718948364,0.2057521790266037,2.371868133544922,0.7522773742675781
-0.4043726325035095,0.47234824299812317,-0.3152408301830292,-1.9247725009918213,0.20299120247364044,2.3665847778320312,0.7725045084953308
-0.41853299736976624,0.4803228974342346,-0.3078490197658539,-1.9104158878326416,0.20033670961856842,2.3611817359924316,0.7927315831184387
-0.4323146939277649,0.48844629526138306,-0.3007751703262329,-1.8958412408828735,0.19778771698474884,2.3556573390960693,0.8129587173461914
-0.44572821259498596,0.4967195391654968,-0.2940109968185425,-1.8810442686080933,0.1953449249267578,2.3500099182128906,0.8331857919692993
-0.45878300070762634,0.5051422119140625,-0.28754934668540955,-1.86601984500885,0.19300910830497742,2.3442366123199463,0.853412926197052
-0.6089510917663574,0.4490365982055664,-0.17143745720386505,-1.940079927444458,0.10757721960544586,2.3804726600646973,0.8575299978256226
-0.7834851145744324,0.40447211265563965,-0.03849388286471367,-2.0043582916259766,0.022632578387856483,2.4084348678588867,0.8616470694541931
-0.9833258390426636,0.37245938181877136,0.11361737549304962,-2.059253215789795,-0.06311213225126266,2.428539276123047,0.8657641410827637
-0.9625154733657837,0.35993894934654236,0.0990867093205452,-2.078479766845703,-0.05376121401786804,2.4360873699188232,0.8444453477859497
-0.9406248331069946,0.3476266860961914,0.08372393995523453,-2.0974063873291016,-0.0443330779671669,2.4434263706207275,0.8231265544891357
-0.9175598621368408,0.3355253040790558,0.06743443012237549,-2.1160380840301514,-0.03481954336166382,2.450558662414551,0.8018077611923218
-0.8932201266288757,0.3236394226551056,0.050116851925849915,-2.134380340576172,-0.025211486965417862,2.4574856758117676,0.7804889678955078
-0.8674912452697754,0.3119759261608124,0.03165668621659279,-2.1524388790130615,-0.015501044690608978,2.46420955657959,0.7591701745986938
-0.8402477502822876,0.3005411922931671,0.011929052881896496,-2.1702167987823486,-0.005680711008608341,2.4707298278808594,0.7378513813018799
-0.8113532066345215,0.28934651613235474,-0.009202850982546806,-2.187718391418457,0.0042579579167068005,2.477048635482788,0.7165326476097107
-0.7806535363197327,0.2784022390842438,-0.03189190477132797,-2.204946994781494,0.01432213094085455,2.4831650257110596,0.6952138543128967
-0.747982382774353,0.2677246332168579,-0.05630360543727875,-2.221905469894409,0.0245196595788002,2.4890804290771484,0.6738950610160828
-0.713158905506134,0.25732991099357605,-0.08261799812316895,-2.238596200942993,0.034858256578445435,2.4947943687438965,0.6525762677192688
-0.6759840846061707,0.24723881483078003,-0.11103252321481705,-2.255021572113037,0.04534417390823364,2.500305414199829,0.6312574744224548
-0.6362505555152893,0.2374749481678009,-0.14175331592559814,-2.2711825370788574,0.05598489195108414,2.5056140422821045,0.6099386811256409
-0.5937328934669495,0.22806628048419952,-0.17500413954257965,-2.287081003189087,0.0667882189154625,2.5107181072235107,0.5886198878288269
-0.5482019186019897,0.21904508769512177,-0.2110123336315155,-2.302717685699463,0.07776006311178207,2.5156168937683105,0.5673010945320129
-0.49942800402641296,0.21044783294200897,-0.25000616908073425,-2.3180935382843018,0.08890834450721741,2.5203094482421875,0.545982301235199
-0.44718706607818604,0.20231543481349945,-0.2922074794769287,-2.3332085609436035,0.10023839771747589,2.5247931480407715,0.524663507938385
-0.3912791907787323,0.19469481706619263,-0.3378147482872009,-2.348062515258789,0.11175776273012161,2.5290660858154297,0.503344714641571
-0.3315446376800537,0.18763777613639832,-0.3869852125644684,-2.3626551628112793,0.12347318232059479,2.5331263542175293,0.4820259213447571
-0.26788392663002014,0.18119767308235168,-0.4398169219493866,-2.376986265182495,0.1353900283575058,2.536971092224121,0.4607071578502655
-0.20028753578662872,0.17543521523475647,-0.49631720781326294,-2.391054630279541,0.14751562476158142,2.5405969619750977,0.43938836455345154
-0.1288602352142334,0.1704094409942627,-0.556379497051239,-2.4048588275909424,0.159855917096138,2.5440011024475098,0.4180695712566376
-0.05385510250926018,0.1661805659532547,-0.6197488903999329,-2.4183974266052246,0.1724160760641098,2.5471811294555664,0.3967507779598236
0.0243259035050869,0.16280490159988403,-0.6860218048095703,-2.431668996810913,0.1852036565542221,2.5501315593719482,0.37543198466300964
0.10509736090898514,0.16032978892326355,-0.7546113729476929,-2.444671154022217,0.19822286069393158,2.552849769592285,0.3541131913661957
0.18773625791072845,0.15879583358764648,-0.8247931599617004,-2.457401990890503,0.2114795446395874,2.555330276489258,0.3327944278717041
0.27138665318489075,0.1582282930612564,-0.8957098126411438,-2.4698586463928223,0.22497956454753876,2.5575690269470215,0.31147560477256775
0.35513025522232056,0.15863744914531708,-0.9664421677589417,-2.482038736343384,0.23872731626033783,2.559560775756836,0.2901568114757538
0.4380296468734741,0.16001810133457184,-1.0360536575317383,-2.49393892288208,0.2527284324169159,2.5613009929656982,0.2688380479812622
0.5192316770553589,0.1623479127883911,-1.103687047958374,-2.505556583404541,0.2669873833656311,2.5627822875976562,0.24751925468444824
0.5979682207107544,0.16559508442878723,-1.1685765981674194,-2.516887664794922,0.2815082371234894,2.564000129699707,0.22620044648647308
0.6736420392990112,0.1697114109992981,-1.2301255464553833,-2.5279293060302734,0.29629573225975037,2.5649466514587402,0.2048816829919815
0.7458051443099976,0.17464664578437805,-1.2878859043121338,-2.538677453994751,0.31135275959968567,2.5656163692474365,0.18356291949748993
0.8141860365867615,0.1803453117609024,-1.3415876626968384,-2.5491280555725098,0.32668352127075195,2.566000461578369,0.1622440665960312
0.8786530494689941,0.18675026297569275,-1.3911008834838867,-2.559277296066284,0.34229063987731934,2.566091537475586,0.1409253031015396
0.9391958117485046,0.19380737841129303,-1.4364169836044312,-2.5691208839416504,0.35817772150039673,2.5658814907073975,0.11960655450820923
0.9959000945091248,0.2014673799276352,-1.4776248931884766,-2.5786547660827637,0.3743460178375244,2.5653603076934814,0.09828770905733109
1.048911690711975,0.20968207716941833,-1.5148736238479614,-2.587874174118042,0.39079785346984863,2.564519166946411,0.0769689530134201
1.0984222888946533,0.21841248869895935,-1.5483587980270386,-2.5967745780944824,0.40753471851348877,2.563347816467285,0.055650174617767334
1.1446533203125,0.2276248037815094,-1.5783071517944336,-2.6053519248962402,0.4245583415031433,2.5618345737457275,0.034331340342760086
1.1878316402435303,0.2372899055480957,-1.6049503087997437,-2.613600730895996,0.4418689012527466,2.559967517852783,0.013012588024139404
1.2281818389892578,0.2473841905593872,-1.6285200119018555,-2.621516704559326,0.45946574211120605,2.5577354431152344,-0.008306194096803665
1.2659306526184082,0.25789114832878113,-1.6492494344711304,-2.6290955543518066,0.4773498475551605,2.5551235675811768,-0.029625028371810913
1.301286220550537,0.26879817247390747,-1.6673550605773926,-2.636331796646118,0.49551963806152344,2.5521178245544434,-0.05094381049275398
1.3344477415084839,0.2800978124141693,-1.6830451488494873,-2.643221378326416,0.5139744281768799,2.5487027168273926,-0.07226256281137466
1.3655955791473389,0.29178714752197266,-1.696509599685669,-2.649759531021118,0.5327126383781433,2.5448617935180664,-0.09358139336109161
1.3949006795883179,0.30386844277381897,-1.7079308032989502,-2.6559412479400635,0.5517321825027466,2.5405759811401367,-0.11490017920732498
1.4225149154663086,0.31634625792503357,-1.7174720764160156,-2.6617624759674072,0.5710306167602539,2.535827159881592,-0.13621893525123596
1.448577642440796,0.32923057675361633,-1.7252854108810425,-2.6672191619873047,0.5906050205230713,2.530594825744629,-0.15753775835037231
1.4732168912887573,0.3425356149673462,-1.731513500213623,-2.672306776046753,0.6104532480239868,2.524855375289917,-0.17885653674602509
1.4965484142303467,0.3562787175178528,-1.7362866401672363,-2.6770212650299072,0.6305712461471558,2.518584728240967,-0.20017530024051666
1.5186766386032104,0.37048205733299255,-1.7397253513336182,-2.681359052658081,0.6509568691253662,2.511756658554077,-0.22149412333965302
1.539696455001831,0.38516920804977417,-1.7419416904449463,-2.685316562652588,0.67160564661026,2.504343032836914,-0.24281291663646698
1.5596953630447388,0.4003722667694092,-1.7430412769317627,-2.688889980316162,0.6925155520439148,2.496311664581299,-0.26413166522979736
1.5787532329559326,0.4161253571510315,-1.743124008178711,-2.6920766830444336,0.7136843800544739,2.4876279830932617,-0.2854504883289337
1.5969411134719849,0.43246519565582275,-1.7422813177108765,-2.6948740482330322,0.7351080179214478,2.4782557487487793,-0.3067692816257477
1.6143250465393066,0.4494362771511078,-1.740600824356079,-2.697279214859009,0.7567854523658752,2.4681544303894043,-0.32808801531791687
1.630967378616333,0.4670884609222412,-1.7381672859191895,-2.6992897987365723,0.7787171602249146,2.4572770595550537,-0.349406898021698
1.64692223072052,0.4854743182659149,-1.7350597381591797,-2.7009048461914062,0.8009011745452881,2.4455761909484863,-0.3707256317138672
1.662241816520691,0.5046563148498535,-1.7313551902770996,-2.7021219730377197,0.823340654373169,2.4329957962036133,-0.39204439520835876
1.6769734621047974,0.5247041583061218,-1.7271277904510498,-2.702939987182617,0.8460407257080078,2.419473171234131,-0.4133632481098175
1.6911602020263672,0.5456910729408264,-1.7224490642547607,-2.7033588886260986,0.869004487991333,2.4049432277679443,-0.4346820116043091
1.7281441688537598,0.5184308290481567,-1.739885687828064,-2.710439682006836,0.8389384746551514,2.4253196716308594,-0.4057410657405853
1.7654064893722534,0.4929220378398895,-1.758015513420105,-2.7168877124786377,0.8092683553695679,2.4440114498138428,-0.3768001198768616
1.802894115447998,0.46894875168800354,-1.7767601013183594,-2.722703456878662,0.779917299747467,2.4611968994140625,-0.34785914421081543
1.8405547142028809,0.44632112979888916,-1.7960467338562012,-2.727886915206909,0.7508152723312378,2.4770278930664062,-0.3189181983470917
1.8783351182937622,0.42487186193466187,-1.8158066272735596,-2.732438564300537,0.7219033241271973,2.491635322570801,-0.2899772524833679
1.9161874055862427,0.40445271134376526,-1.835979700088501,-2.736359119415283,0.6931259036064148,2.505129814147949,-0.26103630661964417
1.9540705680847168,0.384933739900589,-1.8565163612365723,-2.7396483421325684,0.6644370555877686,2.517603874206543,-0.23209533095359802
1.991949200630188,0.36619576811790466,-1.8773725032806396,-2.742307662963867,0.6357927918434143,2.529139995574951,-0.20315438508987427
2.0297961235046387,0.3481332063674927,-1.898512601852417,-2.744337320327759,0.6071549654006958,2.5398061275482178,-0.1742134392261505
2.0675978660583496,0.33064863085746765,-1.9199192523956299,-2.7457382678985596,0.5784873962402344,2.5496623516082764,-0.14527249336242676
2.105349540710449,0.3136547803878784,-1.9415825605392456,-2.7465109825134277,0.549759030342102,2.5587592124938965,-0.11633153259754181
2.143071174621582,0.29707178473472595,-1.963517665863037,-2.746656894683838,0.5209411382675171,2.567138433456421,-0.08739058673381805
2.180797576904297,0.280825674533844,-1.9857549667358398,-2.7461769580841064,0.49200719594955444,2.5748367309570312,-0.0584496334195137
2.113004446029663,0.29671648144721985,-1.9183192253112793,-2.7313005924224854,0.5266949534416199,2.562964916229248,-0.09031802415847778
2.051151990890503,0.314809113740921,-1.8572654724121094,-2.716179847717285,0.5615611672401428,2.5498974323272705,-0.12218640744686127
1.9951121807098389,0.3350799083709717,-1.802491545677185,-2.700814962387085,0.596647322177887,2.535540819168091,-0.15405479073524475
1.9446079730987549,0.3575303852558136,-1.7537493705749512,-2.685206174850464,0.6320011615753174,2.5197854042053223,-0.18592318892478943
1.8992685079574585,0.38219037652015686,-1.7107067108154297,-2.6693530082702637,0.6676785945892334,2.502504348754883,-0.2177915722131729
1.8586783409118652,0.409126341342926,-1.672988772392273,-2.6532559394836426,0.7037433385848999,2.483549118041992,-0.2496599555015564
1.8224126100540161,0.438446968793869,-1.640221357345581,-2.6369147300720215,0.7402725219726562,2.4627418518066406,-0.2815283536911011
1.7900505065917969,0.4703068137168884,-1.6120436191558838,-2.6203293800354004,0.7773568630218506,2.4398739337921143,-0.31339675188064575
1.7611945867538452,0.5049170851707458,-1.5881304740905762,-2.603499412536621,0.8151051998138428,2.4146933555603027,-0.34526512026786804
1.7354719638824463,0.5425581336021423,-1.5681989192962646,-2.586425304412842,0.8536516427993774,2.3868939876556396,-0.3771335184574127
1.7125389575958252,0.5835955739021301,-1.552017331123352,-2.569106101989746,0.8931628465652466,2.356097936630249,-0.409001886844635
1.6920779943466187,0.6285080313682556,-1.5394105911254883,-2.551541328430176,0.933849573135376,2.3218302726745605,-0.4408702850341797
1.6737897396087646,0.6779250502586365,-1.5302647352218628,-2.533730983734131,0.9759868383407593,2.283485174179077,-0.472738653421402
1.6470975875854492,0.6232019662857056,-1.508243441581726,-2.5225815773010254,0.9222958087921143,2.3219962120056152,-0.44097480177879333
1.6170903444290161,0.5742566585540771,-1.483338475227356,-2.5110697746276855,0.869843065738678,2.354816436767578,-0.4092109501361847
1.5834259986877441,0.5300853252410889,-1.4550840854644775,-2.499180793762207,0.8183538317680359,2.382918119430542,-0.37744712829589844
1.5456762313842773,0.4899550676345825,-1.4229555130004883,-2.4868996143341064,0.7676308751106262,2.407028913497925,-0.3456832766532898
1.5033197402954102,0.45332372188568115,-1.3863534927368164,-2.474212169647217,0.7175251841545105,2.42771053314209,-0.31391942501068115
1.455732822418213,0.4197971224784851,-1.3445883989334106,-2.461103916168213,0.6679210662841797,2.4454023838043213,-0.2821555733680725
1.402187705039978,0.3890998959541321,-1.2968734502792358,-2.447561025619507,0.6187257170677185,2.4604527950286865,-0.25039172172546387
1.341860055923462,0.36105892062187195,-1.2423343658447266,-2.433570146560669,0.5698654055595398,2.4731388092041016,-0.21862788498401642
1.2738348245620728,0.3355919420719147,-1.1800075769424438,-2.4191179275512695,0.5212756991386414,2.483686923980713,-0.18686404824256897
1.197178840637207,0.3127048909664154,-1.1089143753051758,-2.4041905403137207,0.4729032814502716,2.4922754764556885,-0.15510021150112152
1.1110159158706665,0.2924862504005432,-1.0281345844268799,-2.3887760639190674,0.4246980547904968,2.499051570892334,-0.12333636730909348
1.014699101448059,0.27510300278663635,-0.9369786381721497,-2.3728606700897217,0.37661615014076233,2.5041303634643555,-0.09157252311706543
0.908047080039978,0.2607869803905487,-0.8352221250534058,-2.3564324378967285,0.32861506938934326,2.507603168487549,-0.059808678925037384
0.9702203273773193,0.2788478434085846,-0.8541805148124695,-2.343223810195923,0.3535420596599579,2.4987692832946777,-0.05770986154675484
1.0241107940673828,0.2986994981765747,-0.866249680519104,-2.3265366554260254,0.37788376212120056,2.488438844680786,-0.05561104416847229
1.0707988739013672,0.3202160596847534,-0.8727315068244934,-2.3064193725585938,0.4015111029148102,2.476625680923462,-0.05351222679018974
1.0754778385162354,0.3218369781970978,-0.8540974855422974,-2.2980329990386963,0.39594483375549316,2.4749326705932617,-0.02398311160504818
1.078188180923462,0.3240024447441101,-0.833865761756897,-2.2885231971740723,0.39008936285972595,2.4728798866271973,0.005546002183109522
1.0790023803710938,0.3267172574996948,-0.8121243715286255,-2.2778968811035156,0.3839091658592224,2.4704678058624268,0.0350751131772995
1.0780014991760254,0.3299908936023712,-0.7889673113822937,-2.2661592960357666,0.3773714005947113,2.4676971435546875,0.06460423022508621
1.0752863883972168,0.33383336663246155,-0.7645055651664734,-2.2533164024353027,0.3704453408718109,2.4645650386810303,0.09413334727287292
1.070966362953186,0.3382578194141388,-0.7388555407524109,-2.239372968673706,0.36310306191444397,2.461066961288452,0.12366245687007904
1.0651518106460571,0.34327858686447144,-0.712131917476654,-2.2243316173553467,0.3553165793418884,2.4571990966796875,0.15319158136844635
1.0579702854156494,0.34891071915626526,-0.6844634413719177,-2.208195209503174,0.3470619320869446,2.4529526233673096,0.18272069096565247
1.0495433807373047,0.355170875787735,-0.6559694409370422,-2.1909642219543457,0.3383161723613739,2.448320150375366,0.21224980056285858
1.0399951934814453,0.36207783222198486,-0.6267685294151306,-2.1726369857788086,0.32905715703964233,2.4432904720306396,0.2417789250612259
1.0294522047042847,0.3696478009223938,-0.5969785451889038,-2.1532111167907715,0.3192645311355591,2.4378514289855957,0.271308034658432
1.0180339813232422,0.3779022693634033,-0.5667080283164978,-2.1326794624328613,0.308918833732605,2.431987762451172,0.30083712935447693
1.0058566331863403,0.3868601322174072,-0.5360573530197144,-2.111034870147705,0.2980008125305176,2.4256837368011475,0.33036625385284424
0.9930281043052673,0.3965432643890381,-0.5051177740097046,-2.0882651805877686,0.2864912748336792,2.4189209938049316,0.35989537835121155
0.979653000831604,0.406974196434021,-0.4739692211151123,-2.06435489654541,0.274371474981308,2.4116768836975098,0.38942447304725647
0.9658227562904358,0.41817715764045715,-0.442678838968277,-2.039285182952881,0.2616206407546997,2.4039292335510254,0.4189535975456238
0.9516252279281616,0.430179238319397,-0.41130518913269043,-2.013031482696533,0.24821814894676208,2.395650625228882,0.4484826922416687
0.9371362924575806,0.4430089592933655,-0.3798903226852417,-1.9855660200119019,0.23414038121700287,2.3868117332458496,0.478011816740036
0.9224244952201843,0.4566992521286011,-0.34846463799476624,-1.9568533897399902,0.21936187148094177,2.3773787021636963,0.5075408816337585
0.9075487852096558,0.471285879611969,-0.3170434534549713,-1.9268510341644287,0.20385216176509857,2.3673129081726074,0.537070095539093
0.8925625085830688,0.4868110120296478,-0.28563055396080017,-1.895510196685791,0.18757762014865875,2.3565731048583984,0.5665991306304932
0.8775091767311096,0.5033215880393982,-0.2542126774787903,-1.8627711534500122,0.17049847543239594,2.3451099395751953,0.5961282849311829
0.862426221370697,0.5208724737167358,-0.22276237607002258,-1.8285636901855469,0.15256677567958832,2.3328683376312256,0.625657320022583
0.847345232963562,0.5395277142524719,-0.19123592972755432,-1.7928053140640259,0.1337258368730545,2.3197858333587646,0.6551865339279175
0.8322920799255371,0.5593626499176025,-0.15957196056842804,-1.7553962469100952,0.11390656977891922,2.305788993835449,0.6847156286239624
0.8172879815101624,0.5804656147956848,-0.1276879906654358,-1.7162184715270996,0.0930245891213417,2.2907934188842773,0.7142447233200073
0.8812004923820496,0.588909924030304,-0.1969139724969864,-1.7104641199111938,0.14434602856636047,2.2852163314819336,0.6824080944061279
0.9439692497253418,0.5998761653900146,-0.2655087113380432,-1.7041810750961304,0.19611859321594238,2.277972459793091,0.6505714654922485
1.0053679943084717,0.6134106516838074,-0.3333667516708374,-1.6973657608032227,0.2484615445137024,2.268988847732544,0.6187348365783691
1.0652083158493042,0.6295791864395142,-0.4004349410533905,-1.6900140047073364,0.30151087045669556,2.258169651031494,0.5868982076644897
1.1233432292938232,0.6484740376472473,-0.46671897172927856,-1.682121992111206,0.3554200530052185,2.2453908920288086,0.5550615787506104
1.1796624660491943,0.6702213883399963,-0.5322859883308411,-1.6736853122711182,0.4103729724884033,2.2304980754852295,0.523224949836731
1.2340900897979736,0.6949928998947144,-0.5972690582275391,-1.6647000312805176,0.46658509969711304,2.2132959365844727,0.49138832092285156
1.2865841388702393,0.7230191826820374,-0.66187983751297,-1.6551613807678223,0.5243234634399414,2.193535327911377,0.4595516622066498
1.337121605873108,0.7546092867851257,-0.7264075875282288,-1.6450647115707397,0.5839185118675232,2.1709036827087402,0.4277150630950928
1.3857054710388184,0.7901816368103027,-0.7912544012069702,-1.6344043016433716,0.6457966566085815,2.144988536834717,0.3958784341812134
1.432344675064087,0.8303085565567017,-0.8569515347480774,-1.623174786567688,0.7105208039283752,2.1152496337890625,0.3640417754650116
1.477052927017212,0.8757935762405396,-0.9242286682128906,-1.6113700866699219,0.7788621187210083,2.0809452533721924,0.3322051763534546
1.5198352336883545,0.9278044700622559,-0.9941160678863525,-1.5989837646484375,0.8519349098205566,2.041019916534424,0.3003685474395752
1.5741260051727295,0.8228477835655212,-0.9633448719978333,-1.7386069297790527,0.7864343523979187,2.1248621940612793,0.301948606967926
1.6382390260696411,0.7357296943664551,-0.9603685140609741,-1.865030288696289,0.7436126470565796,2.1934142112731934,0.30352866649627686
1.714576005935669,0.6615560054779053,-0.9793063402175903,-1.981432318687439,0.7155541777610779,2.2511370182037354,0.3051087558269501
1.8057721853256226,0.5981684923171997,-1.0183377265930176,-2.0898122787475586,0.6984066367149353,2.3003039360046387,0.3066888153553009
1.8062840700149536,0.6004998683929443,-1.0174964666366577,-2.086505889892578,0.6995221972465515,2.298548936843872,0.2855367362499237
1.806786298751831,0.6028379797935486,-1.016660213470459,-2.0831832885742188,0.7006359100341797,2.2967875003814697,0.2643846571445465
1.8072788715362549,0.6051833629608154,-1.0158289670944214,-2.0798444747924805,0.7017480731010437,2.2950189113616943,0.24323256313800812
1.8077616691589355,0.6075356602668762,-1.0150032043457031,-2.0764896869659424,0.7028581500053406,2.293243885040283,0.22208046913146973
1.8082358837127686,0.6098951697349548,-1.0141832828521729,-2.0731186866760254,0.7039673328399658,2.29146146774292,0.20092839002609253
1.808701753616333,0.6122623682022095,-1.013370156288147,-2.0697317123413086,0.705074667930603,2.2896714210510254,0.17977629601955414
1.8091577291488647,0.6146361827850342,-1.0125621557235718,-2.066328287124634,0.7061811685562134,2.287875175476074,0.15862421691417694
1.8096044063568115,0.6170175671577454,-1.0117597579956055,-2.06290864944458,0.7072863578796387,2.28607177734375,0.13747212290763855
1.8100422620773315,0.619406521320343,-1.0109639167785645,-2.0594725608825684,0.7083903551101685,2.2842607498168945,0.11632002890110016
1.810471773147583,0.6218025088310242,-1.0101745128631592,-2.056020498275757,0.7094932198524475,2.282442569732666,0.09516796469688416
1.8108911514282227,0.6242058873176575,-1.0093905925750732,-2.052551746368408,0.710594892501831,2.2806177139282227,0.07401586323976517
1.8113033771514893,0.626616895198822,-1.0086143016815186,-2.0490667819976807,0.7116965651512146,2.27878475189209,0.05286377668380737
1.811704397201538,0.6290349960327148,-1.0078420639038086,-2.045565366744995,0.7127958536148071,2.2769460678100586,0.03171169385313988
1.8120994567871094,0.6314616203308105,-1.007079839706421,-2.0420470237731934,0.7138966917991638,2.2750978469848633,0.010559611953794956
1.8124841451644897,0.6338947415351868,-1.006321907043457,-2.0385124683380127,0.7149952054023743,2.2732439041137695,-0.010592474602162838
1.8128595352172852,0.6363363265991211,-1.005570650100708,-2.034961223602295,0.7160936594009399,2.2713825702667236,-0.03174455836415291
1.8132270574569702,0.6387848258018494,-1.004826545715332,-2.031393527984619,0.7171918749809265,2.2695136070251465,-0.052896641194820404
1.8135865926742554,0.6412419676780701,-1.0040903091430664,-2.027808904647827,0.7182896733283997,2.26763653755188,-0.07404875755310059
1.8139370679855347,0.6437061429023743,-1.0033605098724365,-2.024207592010498,0.7193874716758728,2.2657523155212402,-0.0952008068561554
1.814279317855835,0.6461787819862366,-1.0026382207870483,-2.0205893516540527,0.7204848527908325,2.2638604640960693,-0.11635289341211319
1.8146121501922607,0.6486587524414062,-1.0019221305847168,-2.0169544219970703,0.7215825319290161,2.2619614601135254,-0.13750500977039337
1.814936876296997,0.6511468887329102,-1.001213788986206,-2.0133023262023926,0.7226799130439758,2.260054588317871,-0.15865708887577057
1.8152530193328857,0.6536433100700378,-1.0005128383636475,-2.0096335411071777,0.7237778902053833,2.2581403255462646,-0.17980913817882538
1.8155617713928223,0.6561476588249207,-0.9998204708099365,-2.0059478282928467,0.7248767018318176,2.2562177181243896,-0.20096126198768616
1.8158609867095947,0.6586602330207825,-0.9991341829299927,-2.002244710922241,0.7259746193885803,2.2542879581451416,-0.22211331129074097
1.8161526918411255,0.6611809134483337,-0.9984569549560547,-1.998524785041809,0.7270737290382385,2.252349853515625,-0.24326542019844055
1.8164355754852295,0.6637100577354431,-0.9977866411209106,-1.9947872161865234,0.7281736731529236,2.250404119491577,-0.26441749930381775
1.8167105913162231,0.6662476658821106,-0.9971252083778381,-1.991032361984253,0.7292746305465698,2.2484500408172607,-0.28556957840919495
1.8169769048690796,0.668793261051178,-0.9964708089828491,-1.9872604608535767,0.7303763031959534,2.246488571166992,-0.30672165751457214
1.8172358274459839,0.6713472604751587,-0.9958254098892212,-1.983471155166626,0.7314788103103638,2.244518756866455,-0.32787376642227173
1.8174859285354614,0.6739099025726318,-0.9951878190040588,-1.9796643257141113,0.7325823903083801,2.2425413131713867,-0.34902581572532654
1.8177282810211182,0.6764819025993347,-0.9945590496063232,-1.9758399724960327,0.7336879372596741,2.2405550479888916,-0.3701779246330261
1.817962646484375,0.6790618300437927,-0.9939388632774353,-1.9719979763031006,0.7347941398620605,2.238560914993286,-0.3913300335407257
1.8181891441345215,0.6816507577896118,-0.9933275580406189,-1.9681382179260254,0.7359025478363037,2.236558437347412,-0.4124820828437805
1.8184067010879517,0.6842488646507263,-0.9927238821983337,-1.9642606973648071,0.7370125651359558,2.2345478534698486,-0.4336342215538025
1.8186182975769043,0.6868558526039124,-0.9921314716339111,-1.9603654146194458,0.7381246089935303,2.232527732849121,-0.4547863304615021
1.818820595741272,0.6894716620445251,-0.9915464520454407,-1.9564518928527832,0.7392382621765137,2.2304999828338623,-0.4759383797645569
1.8190146684646606,0.6920964121818542,-0.9909701347351074,-1.9525209665298462,0.7403537631034851,2.228464126586914,-0.4970904290676117
1.8192012310028076,0.6947304606437683,-0.9904035329818726,-1.9485713243484497,0.741471529006958,2.226418972015381,-0.5182425379753113
1.8193801641464233,0.6973739862442017,-0.9898468255996704,-1.9446039199829102,0.7425922155380249,2.224365472793579,-0.5393946170806885
1.819550633430481,0.70002681016922,-0.9892987608909607,-1.9406180381774902,0.7437149286270142,2.2223033905029297,-0.5605466961860657
1.8197141885757446,0.7026888132095337,-0.9887611865997314,-1.936613917350769,0.7448408603668213,2.2202322483062744,-0.5816988348960876
1.8198695182800293,0.7053607702255249,-0.9882330894470215,-1.932591438293457,0.7459689974784851,2.2181522846221924,-0.6028508543968201
1.8200175762176514,0.7080421447753906,-0.9877151846885681,-1.928550124168396,0.7471006512641907,2.2160630226135254,-0.624002993106842
1.820157527923584,0.7107332348823547,-0.9872070550918579,-1.9244905710220337,0.7482352256774902,2.2139651775360107,-0.6451550722122192
1.8202896118164062,0.7134338617324829,-0.9867088794708252,-1.9204120635986328,0.7493731379508972,2.2118582725524902,-0.6663070917129517
1.8204147815704346,0.716145396232605,-0.986221969127655,-1.916314721107483,0.750515341758728,2.2097413539886475,-0.6874592304229736
1.8205324411392212,0.7188662886619568,-0.9857456088066101,-1.912198543548584,0.7516608238220215,2.207615613937378,-0.7086113095283508
1.820641279220581,0.72159743309021,-0.9852786660194397,-1.9080634117126465,0.7528095245361328,2.2054808139801025,-0.729763388633728
1.8207426071166992,0.7243386507034302,-0.9848225712776184,-1.9039090871810913,0.753961980342865,2.2033369541168213,-0.7509154081344604
1.8208377361297607,0.7270910143852234,-0.9843788146972656,-1.899735450744629,0.7551200985908508,2.2011821269989014,-0.7720675468444824
1.8209253549575806,0.7298533916473389,-0.9839462041854858,-1.8955425024032593,0.7562820911407471,2.1990177631378174,-0.7932196855545044
1.8210046291351318,0.7326264381408691,-0.9835240840911865,-1.8913300037384033,0.7574481964111328,2.1968443393707275,-0.8143717646598816
1.8210763931274414,0.7354099750518799,-0.9831134080886841,-1.8870981931686401,0.758618950843811,2.1946611404418945,-0.8355238437652588
1.8211417198181152,0.7382046580314636,-0.9827154278755188,-1.8828463554382324,0.7597955465316772,2.192467212677002,-0.8566759824752808
1.8211990594863892,0.7410101294517517,-0.9823284149169922,-1.8785752058029175,0.760977029800415,2.1902637481689453,-0.8778280019760132
1.8212485313415527,0.7438271045684814,-0.9819532036781311,-1.8742835521697998,0.7621638774871826,2.1880502700805664,-0.8989801406860352
1.8212909698486328,0.7466549277305603,-0.9815903902053833,-1.8699722290039062,0.7633558511734009,2.185826301574707,-0.9201321005821228
1.821326494216919,0.749494194984436,-0.9812401533126831,-1.8656405210494995,0.7645544409751892,2.1835920810699463,-0.9412842392921448
1.8213543891906738,0.7523453235626221,-0.9809024930000305,-1.8612886667251587,0.7657584547996521,2.181347131729126,-0.962436318397522
1.8213750123977661,0.7552080154418945,-0.9805775284767151,-1.856916069984436,0.7669689655303955,2.179091453552246,-0.983588457107544
1.8213884830474854,0.7580824494361877,-0.9802655577659607,-1.8525232076644897,0.7681865096092224,2.1768252849578857,-1.0047404766082764
1.8213951587677002,0.7609692811965942,-0.979967474937439,-1.848109245300293,0.7694107890129089,2.1745474338531494,-1.0258926153182983
1.8213937282562256,0.763867199420929,-0.9796813726425171,-1.8436750173568726,0.7706409096717834,2.172260046005249,-1.0470446348190308
1.8213856220245361,0.766778290271759,-0.9794098734855652,-1.839219331741333,0.7718793153762817,2.1699607372283936,-1.0681967735290527
1.821370244026184,0.7697014808654785,-0.9791519641876221,-1.834742546081543,0.7731245160102844,2.167649984359741,-1.0893489122390747
1.821347713470459,0.7726377248764038,-0.978908360004425,-1.8302441835403442,0.7743785977363586,2.165327787399292,-1.1105009317398071
1.82131826877594,0.7755860090255737,-0.9786787033081055,-1.8257248401641846,0.7756394743919373,2.162994384765625,-1.1316529512405396
1.821281909942627,0.7785481810569763,-0.9784640073776245,-1.8211833238601685,0.7769094705581665,2.160649061203003,-1.1528050899505615
1.8212378025054932,0.7815224528312683,-0.9782633185386658,-1.8166204690933228,0.7781871557235718,2.158292293548584,-1.1739572286605835
1.8211899995803833,0.7845134735107422,-0.9780824184417725,-1.8120349645614624,0.7794787287712097,2.1559207439422607,-1.1951093673706055
1.8211311101913452,0.7875143885612488,-0.977911114692688,-1.807428002357483,0.7807736992835999,2.1535401344299316,-1.2162615060806274
1.8210666179656982,0.7905294895172119,-0.9777571558952332,-1.8027985095977783,0.7820794582366943,2.151146650314331,-1.2374134063720703
1.8209943771362305,0.7935585379600525,-0.977618396282196,-1.7981466054916382,0.783394455909729,2.148740768432617,-1.2585655450820923
1.8209148645401,0.7966014742851257,-0.9774948954582214,-1.7934720516204834,0.7847192883491516,2.146322727203369,-1.2797175645828247
1.8208287954330444,0.7996586561203003,-0.9773885011672974,-1.7887746095657349,0.7860547304153442,2.1438918113708496,-1.3008697032928467
1.820736289024353,0.8027307987213135,-0.9772994518280029,-1.7840540409088135,0.7874014973640442,2.141447067260742,-1.3220218420028687
1.8206363916397095,0.8058172464370728,-0.9772267937660217,-1.7793102264404297,0.7887588143348694,2.1389899253845215,-1.343173861503601
1.8205300569534302,0.8089195489883423,-0.9771721959114075,-1.774543046951294,0.7901284694671631,2.136518716812134,-1.3643258810043335
1.8204165697097778,0.8120360374450684,-0.9771344661712646,-1.7697522640228271,0.7915089726448059,2.1340346336364746,-1.3854780197143555
1.8202964067459106,0.8151686787605286,-0.9771154522895813,-1.764937400817871,0.7929021716117859,2.1315362453460693,-1.4066301584243774
1.82016921043396,0.8183166980743408,-0.9771140217781067,-1.7600986957550049,0.7943079471588135,2.1290242671966553,-1.4277822971343994
1.8200352191925049,0.821480393409729,-0.9771314263343811,-1.7552356719970703,0.7957262396812439,2.1264984607696533,-1.4489343166351318
1.819894790649414,0.8246602416038513,-0.9771685004234314,-1.7503480911254883,0.7971581816673279,2.123957633972168,-1.4700864553451538
1.8197474479675293,0.8278570175170898,-0.9772247672080994,-1.7454358339309692,0.7986039519309998,2.1214022636413574,-1.4912384748458862
1.8195924758911133,0.8310703039169312,-0.977299690246582,-1.7404985427856445,0.8000636696815491,2.11883282661438,-1.5123906135559082
1.819432258605957,0.8343009948730469,-0.9773970246315002,-1.7355356216430664,0.8015387058258057,2.1162467002868652,-1.5335427522659302
1.8192638158798218,0.8375476598739624,-0.9775123000144958,-1.7305480241775513,0.8030277490615845,2.1136474609375,-1.5546947717666626
1.8190891742706299,0.8408135175704956,-0.9776500463485718,-1.7255339622497559,0.8045331239700317,2.1110310554504395,-1.5758469104766846
1.8189077377319336,0.8440959453582764,-0.9778086543083191,-1.7204945087432861,0.8060541152954102,2.1084001064300537,-1.596998929977417
1.8187204599380493,0.8473971486091614,-0.9779900312423706,-1.7154285907745361,0.8075916767120361,2.1057522296905518,-1.618151068687439
1.8185253143310547,0.8507161736488342,-0.9781923294067383,-1.7103363275527954,0.8091456890106201,2.103088855743408,-1.6393029689788818
1.818324089050293,0.8540547490119934,-0.9784185290336609,-1.7052171230316162,0.8107177019119263,2.1004080772399902,-1.6604551076889038
1.8181159496307373,0.8574116230010986,-0.9786669611930847,-1.7000712156295776,0.8123076558113098,2.0977115631103516,-1.6816072463989258
1.8179012537002563,0.860788881778717,-0.9789400696754456,-1.6948975324630737,0.813916027545929,2.0949971675872803,-1.7027593851089478
1.8176801204681396,0.8641855716705322,-0.97923743724823,-1.6896963119506836,0.8155443072319031,2.0922651290893555,-1.7239115238189697
1.81745183467865,0.8676024675369263,-0.9795591235160828,-1.6844671964645386,0.8171910643577576,2.0895159244537354,-1.7450634241104126
1.817217230796814,0.8710396885871887,-0.9799063205718994,-1.6792100667953491,0.818858802318573,2.0867486000061035,-1.7662155628204346
1.8169764280319214,0.8744981288909912,-0.9802801609039307,-1.6739239692687988,0.8205478191375732,2.0839624404907227,-1.7873677015304565
