1.2864044904708862,0.4774211347103119,-0.47489824891090393,-1.9582120180130005,0.30473682284355164,2.36586332321167,-1.7190481424331665
1.290975570678711,0.4776037931442261,-0.47980228066444397,-1.95947265625,0.30784016847610474,2.3658413887023926,-1.6980003118515015
1.2955423593521118,0.4777980148792267,-0.4847005307674408,-1.9607304334640503,0.3109414577484131,2.3658130168914795,-1.676952600479126
1.3001044988632202,0.4780038297176361,-0.4895927906036377,-1.9619855880737305,0.3140418827533722,2.3657782077789307,-1.655904769897461
1.3046624660491943,0.4782201647758484,-0.49447938799858093,-1.963238000869751,0.3171410858631134,2.365736484527588,-1.634856939315796
1.3092148303985596,0.4784485399723053,-0.49935925006866455,-1.9644876718521118,0.320239394903183,2.3656883239746094,-1.6138092279434204
1.3137623071670532,0.47868818044662476,-0.5042329430580139,-1.9657347202301025,0.3233364224433899,2.365633964538574,-1.5927613973617554
1.3183060884475708,0.4789395332336426,-0.5091016888618469,-1.9669791460037231,0.3264329433441162,2.365572214126587,-1.5717136859893799
1.3228434324264526,0.4792022705078125,-0.5139627456665039,-1.968220591545105,0.329528272151947,2.365504264831543,-1.5506658554077148
1.3273762464523315,0.4794763922691345,-0.5188179016113281,-1.9694597721099854,0.3326222598552704,2.365429162979126,-1.5296180248260498
1.331903100013733,0.47976160049438477,-0.5236661434173584,-1.970695972442627,0.33571532368659973,2.3653478622436523,-1.5085703134536743
1.3364242315292358,0.48005813360214233,-0.5285071134567261,-1.9719295501708984,0.3388069272041321,2.365259885787964,-1.4875224828720093
1.340939998626709,0.4803664982318878,-0.5333419442176819,-1.9731603860855103,0.34189844131469727,2.3651647567749023,-1.4664746522903442
1.3454499244689941,0.4806866943836212,-0.5381696224212646,-1.9743887186050415,0.3449889123439789,2.365063190460205,-1.4454269409179688
1.349954605102539,0.48101744055747986,-0.5429909229278564,-1.975614309310913,0.3480786383152008,2.364954710006714,-1.4243791103363037
1.354452133178711,0.4813595116138458,-0.5478041172027588,-1.976837396621704,0.3511669933795929,2.364839553833008,-1.4033312797546387
1.3589435815811157,0.4817134439945221,-0.5526098608970642,-1.9780577421188354,0.354254812002182,2.364717960357666,-1.3822835683822632
1.3634285926818848,0.48207882046699524,-0.557408332824707,-1.9792754650115967,0.3573419451713562,2.3645894527435303,-1.3612357378005981
1.3679070472717285,0.48245522379875183,-0.5621991157531738,-1.9804905652999878,0.36042770743370056,2.3644542694091797,-1.340187907218933
1.3723794221878052,0.4828435778617859,-0.5669829249382019,-1.9817029237747192,0.3635135293006897,2.364311695098877,-1.3191401958465576
1.3768442869186401,0.483242928981781,-0.5717581510543823,-1.9829128980636597,0.3665981590747833,2.3641629219055176,-1.2980923652648926
1.381303071975708,0.4836536943912506,-0.5765262842178345,-1.9841201305389404,0.3696821630001068,2.364006996154785,-1.2770445346832275
1.3857532739639282,0.48407605290412903,-0.5812851786613464,-1.985324740409851,0.37276554107666016,2.363844871520996,-1.255996823310852
1.3901969194412231,0.48450982570648193,-0.586036205291748,-1.9865269660949707,0.3758477568626404,2.363675832748413,-1.234948992729187
1.3946348428726196,0.48495468497276306,-0.5907807946205139,-1.9877262115478516,0.37892985343933105,2.363499164581299,-1.2139012813568115
1.3990647792816162,0.4854108393192291,-0.5955162048339844,-1.9889233112335205,0.382011353969574,2.363316059112549,-1.1928534507751465
1.4034818410873413,0.48587796092033386,-0.6002380847930908,-1.9901177883148193,0.38508903980255127,2.3631269931793213,-1.1718056201934814
1.4078946113586426,0.4863567650318146,-0.6049548387527466,-1.9913097620010376,0.38816824555397034,2.3629307746887207,-1.150757908821106
1.412300705909729,0.4868467152118683,-0.6096640825271606,-1.9924991130828857,0.3912471532821655,2.362726926803589,-1.129710078239441
1.4166979789733887,0.4873487055301666,-0.6143636107444763,-1.9936858415603638,0.3943251967430115,2.3625168800354004,-1.1086622476577759
1.4210875034332275,0.4878619909286499,-0.6190546154975891,-1.9948699474334717,0.3974035084247589,2.3622992038726807,-1.0876145362854004
1.4254682064056396,0.48838645219802856,-0.6237360239028931,-1.9960516691207886,0.4004799425601959,2.3620753288269043,-1.0665667057037354
1.4298416376113892,0.4889225363731384,-0.6284098029136658,-1.9972306489944458,0.4035572409629822,2.3618438243865967,-1.0455188751220703
1.434206485748291,0.4894693195819855,-0.6330738663673401,-1.9984073638916016,0.4066332280635834,2.361605644226074,-1.0244711637496948
1.438562035560608,0.49002760648727417,-0.6377279162406921,-1.9995815753936768,0.4097089171409607,2.361360788345337,-1.0034233331680298
1.4429088830947876,0.49059781432151794,-0.6423724889755249,-2.0007529258728027,0.41278398036956787,2.3611090183258057,-0.9823755621910095
1.447247862815857,0.4911786615848541,-0.6470087766647339,-2.001922130584717,0.41585853695869446,2.360849380493164,-0.9613277912139893
1.4515764713287354,0.49177178740501404,-0.6516339778900146,-2.0030887126922607,0.41893282532691956,2.360583543777466,-0.9402799606323242
1.455897569656372,0.4923752546310425,-0.6562508344650269,-2.0042529106140137,0.42200636863708496,2.3603103160858154,-0.919232189655304
1.4602077007293701,0.4929908215999603,-0.6608562469482422,-2.0054144859313965,0.4250793159008026,2.36003041267395,-0.8981844186782837
1.4645098447799683,0.4936176538467407,-0.6654533743858337,-2.006573438644409,0.4281524121761322,2.359743118286133,-0.8771365880966187
1.4688031673431396,0.49425554275512695,-0.6700407862663269,-2.00773024559021,0.4312254786491394,2.3594486713409424,-0.8560888171195984
1.4730861186981201,0.494905024766922,-0.6746172308921814,-2.0088844299316406,0.43429723381996155,2.359147310256958,-0.8350410461425781
1.4773597717285156,0.4955657124519348,-0.679184079170227,-2.0100362300872803,0.4373692572116852,2.3588385581970215,-0.8139932751655579
1.4816235303878784,0.4962380528450012,-0.6837404370307922,-2.011185646057129,0.44044047594070435,2.35852313041687,-0.7929455041885376
1.4858781099319458,0.49692124128341675,-0.6882869601249695,-2.0123324394226074,0.4435119330883026,2.3582000732421875,-0.7718976736068726
1.4901217222213745,0.49761635065078735,-0.6928222179412842,-2.013477087020874,0.4465828537940979,2.35787034034729,-0.7508499026298523
1.4943562746047974,0.498322069644928,-0.6973478198051453,-2.0146191120147705,0.449653297662735,2.3575332164764404,-0.7298020720481873
1.4985814094543457,0.49904003739356995,-0.7018638253211975,-2.015758514404297,0.4527243673801422,2.3571879863739014,-0.708754301071167
1.5027943849563599,0.499769002199173,-0.706367015838623,-2.0168955326080322,0.4557941257953644,2.3568367958068848,-0.6877065300941467
1.5069986581802368,0.5005090236663818,-0.710861086845398,-2.0180306434631348,0.45886409282684326,2.356477737426758,-0.6666587591171265
1.5111920833587646,0.5012613534927368,-0.7153441309928894,-2.019162654876709,0.46193432807922363,2.3561112880706787,-0.6456109881401062
1.5153752565383911,0.5020242929458618,-0.7198166847229004,-2.0202925205230713,0.4650038778781891,2.3557376861572266,-0.6245631575584412
1.5195480585098267,0.502798855304718,-0.7242783904075623,-2.0214200019836426,0.4680734872817993,2.3553566932678223,-0.6035153865814209
1.5237089395523071,0.503584623336792,-0.7287275195121765,-2.022545337677002,0.47114235162734985,2.354969024658203,-0.5824676156044006
1.5278602838516235,0.5043819546699524,-0.733167290687561,-2.023668050765991,0.47421202063560486,2.3545732498168945,-0.5614197850227356
1.532001256942749,0.5051905512809753,-0.7375960350036621,-2.0247883796691895,0.4772813022136688,2.354170083999634,-0.5403720140457153
1.5361313819885254,0.5060105323791504,-0.7420141696929932,-2.025906562805176,0.4803503155708313,2.353759288787842,-0.5193242430686951
1.5402498245239258,0.5068422555923462,-0.7464200258255005,-2.027022361755371,0.48341965675354004,2.3533413410186768,-0.4982764720916748
1.5443572998046875,0.5076853036880493,-0.7508148550987244,-2.028135299682617,0.4864889681339264,2.3529160022735596,-0.47722867131233215
1.548453688621521,0.5085393190383911,-0.7551981210708618,-2.0292463302612305,0.4895575940608978,2.3524832725524902,-0.4561808705329895
1.5525389909744263,0.509405255317688,-0.7595703601837158,-2.0303549766540527,0.49262675642967224,2.3520426750183105,-0.43513309955596924
1.5566132068634033,0.5102824568748474,-0.7639313340187073,-2.031461238861084,0.49569636583328247,2.3515946865081787,-0.4140852987766266
1.5606764554977417,0.5111709833145142,-0.7682812809944153,-2.032565116882324,0.49876558780670166,2.3511388301849365,-0.3930375277996063
1.5647276639938354,0.5120708346366882,-0.7726189494132996,-2.0336666107177734,0.5018342137336731,2.350675582885742,-0.3719896674156189
1.5687671899795532,0.5129825472831726,-0.7769448161125183,-2.0347659587860107,0.5049033761024475,2.350205183029175,-0.3509419560432434
1.5727958679199219,0.51390540599823,-0.7812598943710327,-2.035862922668457,0.5079730153083801,2.349726438522339,-0.329894095659256
1.5768122673034668,0.5148401260375977,-0.7855626344680786,-2.0369575023651123,0.5110430121421814,2.349240303039551,-0.3088463842868805
1.5808180570602417,0.5157859921455383,-0.7898546457290649,-2.0380499362945557,0.5141127109527588,2.3487462997436523,-0.28779855370521545
1.5848116874694824,0.5167436003684998,-0.7941346168518066,-2.039139747619629,0.5171827673912048,2.3482444286346436,-0.2667507827281952
1.588793396949768,0.5177123546600342,-0.7984024882316589,-2.0402278900146484,0.5202533006668091,2.3477349281311035,-0.24570293724536896
1.5927629470825195,0.5186930894851685,-0.8026583790779114,-2.0413131713867188,0.5233234763145447,2.347217559814453,-0.22465524077415466
1.5967202186584473,0.5196850299835205,-0.8069020509719849,-2.042396306991577,0.5263940095901489,2.3466928005218506,-0.20360738039016724
1.6006661653518677,0.5206884741783142,-0.8111342787742615,-2.0434772968292236,0.5294649004936218,2.3461596965789795,-0.18255969882011414
1.6046010255813599,0.5217035412788391,-0.8153555989265442,-2.0445556640625,0.5325360298156738,2.34561824798584,-0.16151177883148193
1.6085225343704224,0.5227301716804504,-0.8195637464523315,-2.0456321239471436,0.5356075763702393,2.345069408416748,-0.14046408236026764
1.6124321222305298,0.5237682461738586,-0.8237598538398743,-2.046706438064575,0.5386793613433838,2.344512939453125,-0.11941622942686081
1.6163291931152344,0.5248183012008667,-0.8279439806938171,-2.0477781295776367,0.541751503944397,2.3439478874206543,-0.09836854040622711
1.620214581489563,0.5258797407150269,-0.8321163058280945,-2.0488476753234863,0.5448244214057922,2.3433749675750732,-0.07732068002223969
1.6240875720977783,0.5269524455070496,-0.8362764716148376,-2.049915313720703,0.5478971004486084,2.342794179916382,-0.056272927671670914
1.6279479265213013,0.5280369520187378,-0.8404243588447571,-2.05098032951355,0.5509702563285828,2.342205047607422,-0.035225074738264084
1.6317960023880005,0.5291335582733154,-0.8445602059364319,-2.0520429611206055,0.5540441274642944,2.3416078090667725,-0.014177379198372364
1.6356321573257446,0.5302414894104004,-0.8486842513084412,-2.0531039237976074,0.5571187138557434,2.3410019874572754,0.006870476063340902
1.6394555568695068,0.5313612222671509,-0.8527957797050476,-2.0541622638702393,0.5601930618286133,2.340388059616089,0.027918169274926186
1.643266201019287,0.5324923396110535,-0.8568950891494751,-2.0552186965942383,0.5632681250572205,2.339766502380371,0.04896608367562294
1.6470640897750854,0.5336354374885559,-0.8609818816184998,-2.056272506713867,0.5663437843322754,2.3391361236572266,0.07001377642154694
1.6508500576019287,0.5347899198532104,-0.8650568723678589,-2.0573244094848633,0.569420576095581,2.3384976387023926,0.09106163680553436
1.6546227931976318,0.5359566807746887,-0.8691190481185913,-2.0583744049072266,0.5724971890449524,2.33785080909729,0.11210932582616806
1.6583826541900635,0.5371347069740295,-0.8731688857078552,-2.0594215393066406,0.5755741000175476,2.337195634841919,0.1331571787595749
1.6621310710906982,0.5383248925209045,-0.8772075772285461,-2.060466766357422,0.5786525011062622,2.336531162261963,0.15420493483543396
1.6658644676208496,0.5395267605781555,-0.8812320232391357,-2.0615100860595703,0.5817306637763977,2.3358592987060547,0.1752527952194214
1.669587254524231,0.5407409071922302,-0.8852459192276001,-2.0625507831573486,0.5848103165626526,2.3351781368255615,0.1963004767894745
1.6732964515686035,0.5419659614562988,-0.8892468214035034,-2.0635898113250732,0.587890088558197,2.334488868713379,0.21734833717346191
1.6769930124282837,0.5432038903236389,-0.8932355046272278,-2.0646262168884277,0.5909713506698608,2.3337905406951904,0.2383960336446762
1.6806755065917969,0.5444527268409729,-0.8972105979919434,-2.0656609535217285,0.5940519571304321,2.3330845832824707,0.2594439387321472
1.6843465566635132,0.5457141399383545,-0.901174783706665,-2.06669282913208,0.5971344709396362,2.3323686122894287,0.2804916501045227
1.6880043745040894,0.5469873547554016,-0.9051264524459839,-2.067723274230957,0.6002176403999329,2.3316445350646973,0.30153951048851013
1.6916495561599731,0.5482725501060486,-0.9090659618377686,-2.068751335144043,0.6033017635345459,2.330911159515381,0.32258719205856323
1.6952813863754272,0.5495696663856506,-0.9129927754402161,-2.069777011871338,0.6063863039016724,2.330169200897217,0.34363505244255066
1.698899507522583,0.550879180431366,-0.9169062972068787,-2.07080078125,0.60947185754776,2.329418897628784,0.36468279361724854
1.702505111694336,0.5522003173828125,-0.9208082556724548,-2.0718226432800293,0.6125580668449402,2.3286592960357666,0.38573065400123596
1.7060974836349487,0.5535334348678589,-0.9246975183486938,-2.0728421211242676,0.6156447529792786,2.327890634536743,0.40677833557128906
1.7096771001815796,0.5548790097236633,-0.9285746812820435,-2.073859453201294,0.6187329888343811,2.327112913131714,0.4278261959552765
1.7132431268692017,0.5562363862991333,-0.9324389696121216,-2.0748748779296875,0.6218217015266418,2.326326370239258,0.448873907327652
1.7167961597442627,0.5576063394546509,-0.936290979385376,-2.07588791847229,0.6249116063117981,2.325530529022217,0.4699217975139618
1.7203369140625,0.5589884519577026,-0.9401316046714783,-2.0768990516662598,0.6280031204223633,2.324725389480591,0.4909695088863373
1.7238634824752808,0.5603825449943542,-0.9439586400985718,-2.0779080390930176,0.631094753742218,2.323911190032959,0.5120173692703247
1.7273774147033691,0.5617890357971191,-0.9477742910385132,-2.0789151191711426,0.6341884136199951,2.323087453842163,0.5330650806427002
1.7308781147003174,0.5632079839706421,-0.9515767693519592,-2.0799198150634766,0.6372823119163513,2.3222546577453613,0.5541129112243652
1.7343652248382568,0.5646390914916992,-0.9553670287132263,-2.0809226036071777,0.6403773427009583,2.3214125633239746,0.5751606822013855
1.7378394603729248,0.5660828948020935,-0.9591452479362488,-2.081923484802246,0.6434744596481323,2.3205606937408447,0.5962085127830505
1.7413010597229004,0.5675386190414429,-0.9629117250442505,-2.0829219818115234,0.6465716361999512,2.319699287414551,0.617256224155426
1.7447481155395508,0.569007158279419,-0.9666646718978882,-2.083918571472168,0.6496704816818237,2.318828821182251,0.6383040547370911
1.7481824159622192,0.5704880952835083,-0.9704056978225708,-2.0849132537841797,0.6527702212333679,2.317948579788208,0.6593517661094666
1.751604676246643,0.5719816088676453,-0.97413569688797,-2.0859057903289795,0.6558720469474792,2.3170580863952637,0.6803996562957764
1.7550125122070312,0.5734876394271851,-0.9778522849082947,-2.0868961811065674,0.6589742302894592,2.3161582946777344,0.7014473676681519
1.7584073543548584,0.5750065445899963,-0.98155677318573,-2.0878846645355225,0.6620783805847168,2.315248727798462,0.7224951982498169
1.761789083480835,0.5765379071235657,-0.9852492809295654,-2.0888710021972656,0.6651836037635803,2.314329147338867,0.7435429096221924
1.7651575803756714,0.5780817270278931,-0.9889297485351562,-2.089855194091797,0.6682897806167603,2.3133997917175293,0.7645907998085022
1.76851224899292,0.5796387791633606,-0.9925975203514099,-2.0908379554748535,0.6713976860046387,2.3124606609344482,0.7856385111808777
1.771854043006897,0.5812084674835205,-0.996253252029419,-2.09181809425354,0.6745072603225708,2.311511278152466,0.8066864013671875
1.7751827239990234,0.5827908515930176,-0.9998975396156311,-2.0927963256835938,0.6776182055473328,2.310551643371582,0.8277340531349182
1.7784984111785889,0.5843859910964966,-1.0035291910171509,-2.0937728881835938,0.6807301640510559,2.309582233428955,0.848781943321228
1.7818000316619873,0.585994303226471,-1.0071487426757812,-2.0947470664978027,0.6838443875312805,2.3086025714874268,0.8698295950889587
1.7850894927978516,0.5876160264015198,-1.0107572078704834,-2.095719337463379,0.6869593262672424,2.3076117038726807,0.8908775448799133
1.7883644104003906,0.5892500877380371,-1.0143523216247559,-2.0966899394989014,0.6900763511657715,2.3066115379333496,0.9119252562522888
1.7916274070739746,0.5908979773521423,-1.0179367065429688,-2.097658157348633,0.6931949853897095,2.305600166320801,0.9329730868339539
1.774905800819397,0.5896008610725403,-1.0046014785766602,-2.088688373565674,0.6849008202552795,2.305842161178589,0.9572504758834839
1.7581813335418701,0.5884749293327332,-0.9912286400794983,-2.079653024673462,0.6766442656517029,2.305971145629883,0.9815278649330139
1.7414565086364746,0.5875192880630493,-0.9778213500976562,-2.0705513954162598,0.668424129486084,2.305989980697632,1.005805253982544
1.724738597869873,0.5867302417755127,-0.9643857479095459,-2.06138277053833,0.6602391600608826,2.3059003353118896,1.0300827026367188
1.7080317735671997,0.5861073136329651,-0.9509262442588806,-2.0521461963653564,0.6520884037017822,2.305703639984131,1.054360032081604
1.6913418769836426,0.5856475830078125,-0.9374483823776245,-2.0428409576416016,0.6439703702926636,2.3054020404815674,1.0786374807357788
1.674673080444336,0.5853501558303833,-0.9239560961723328,-2.033466339111328,0.635884165763855,2.3049964904785156,1.1029149293899536
1.6580307483673096,0.5852125883102417,-0.9104543924331665,-2.0240209102630615,0.6278283596038818,2.3044891357421875,1.1271922588348389
1.6414194107055664,0.5852345824241638,-0.8969482183456421,-2.0145039558410645,0.6198021173477173,2.3038806915283203,1.1514697074890137
1.6248451471328735,0.58541339635849,-0.8834426999092102,-2.0049147605895996,0.6118046045303345,2.3031721115112305,1.175747036933899
1.6083087921142578,0.5857466459274292,-0.8699383735656738,-1.9952518939971924,0.6038311719894409,2.3023664951324463,1.2000244855880737
1.5918208360671997,0.5862355828285217,-0.8564460873603821,-1.9855141639709473,0.5958876609802246,2.301461696624756,1.224301815032959
1.5753824710845947,0.5868777632713318,-0.8429663181304932,-1.9757007360458374,0.5879682302474976,2.3004610538482666,1.2485792636871338
1.5589993000030518,0.5876715183258057,-0.8295044898986816,-1.9658101797103882,0.5800727009773254,2.2993640899658203,1.2728567123413086
1.5426744222640991,0.5886160135269165,-0.8160638213157654,-1.955841302871704,0.5722007155418396,2.2981724739074707,1.2971340417861938
1.5264127254486084,0.5897098183631897,-0.8026482462882996,-1.9457930326461792,0.5643499493598938,2.2968862056732178,1.321411371231079
1.5102171897888184,0.5909515023231506,-0.7892608642578125,-1.9356638193130493,0.5565193891525269,2.295506715774536,1.345688819885254
1.494092345237732,0.5923406481742859,-0.7759051322937012,-1.9254523515701294,0.5487082600593567,2.294034242630005,1.3699662685394287
1.478043556213379,0.5938755869865417,-0.762586772441864,-1.9151573181152344,0.5409160852432251,2.292468786239624,1.394243597984314
1.462070345878601,0.5955560207366943,-0.7493043541908264,-1.9047770500183105,0.5331401824951172,2.2908120155334473,1.4185210466384888
1.446179986000061,0.5973811745643616,-0.7360655069351196,-1.8943097591400146,0.5253811478614807,2.2890625,1.442798376083374
1.4303734302520752,0.5993493795394897,-0.7228700518608093,-1.8837541341781616,0.5176364779472351,2.287221908569336,1.4670758247375488
1.414656162261963,0.6014611124992371,-0.7097236514091492,-1.8731082677841187,0.5099062919616699,2.2852888107299805,1.491353154182434
1.3990272283554077,0.6037148237228394,-0.696624219417572,-1.862370491027832,0.5021879076957703,2.2832658290863037,1.5156306028366089
1.3834933042526245,0.6061096787452698,-0.6835781335830688,-1.851539134979248,0.49448102712631226,2.2811503410339355,1.5399080514907837
1.3680551052093506,0.6086462140083313,-0.6705856323242188,-1.8406116962432861,0.48678460717201233,2.2789435386657715,1.564185380935669
1.3527147769927979,0.6113234758377075,-0.6576484441757202,-1.8295867443084717,0.4790970981121063,2.2766454219818115,1.5884628295898438
1.3374756574630737,0.6141405701637268,-0.6447691917419434,-1.8184617757797241,0.4714166820049286,2.2742555141448975,1.6127402782440186
1.3223395347595215,0.6170984506607056,-0.6319490671157837,-1.807234525680542,0.46374374628067017,2.271773338317871,1.6370174884796143
1.3073081970214844,0.6201956868171692,-0.6191888451576233,-1.795902967453003,0.4560750722885132,2.2691986560821533,1.6612950563430786
1.2923846244812012,0.6234326958656311,-0.6064913272857666,-1.7844643592834473,0.44841089844703674,2.2665302753448486,1.6855723857879639
1.2775686979293823,0.6268097758293152,-0.5938552618026733,-1.7729164361953735,0.44074907898902893,2.2637689113616943,1.7098497152328491
1.2628626823425293,0.6303260326385498,-0.5812821388244629,-1.7612563371658325,0.43308722972869873,2.260913372039795,1.734127163887024
1.2482678890228271,0.633982241153717,-0.5687724947929382,-1.7494813203811646,0.4254259467124939,2.257962942123413,1.7584046125411987
1.233785629272461,0.6377789378166199,-0.5563269853591919,-1.73758864402771,0.4177621006965637,2.2549166679382324,1.782681941986084
1.2194178104400635,0.6417162418365479,-0.5439461469650269,-1.7255746126174927,0.4100951850414276,2.251772880554199,1.8069593906402588
1.2051644325256348,0.6457951664924622,-0.5316295027732849,-1.7134368419647217,0.402423620223999,2.248532295227051,1.831236720085144
1.1910254955291748,0.6500152349472046,-0.5193752646446228,-1.7011712789535522,0.3947438597679138,2.2451930046081543,1.8555141687393188
1.177004098892212,0.6543781161308289,-0.5071860551834106,-1.6887743473052979,0.3870573341846466,2.241752862930298,1.8797916173934937
1.1630991697311401,0.6588844060897827,-0.49505922198295593,-1.676242709159851,0.3793601095676422,2.238211154937744,1.9040690660476685
1.1493117809295654,0.6635352969169617,-0.48299476504325867,-1.663572072982788,0.37165093421936035,2.2345666885375977,1.9283463954925537
1.135642170906067,0.6683326959609985,-0.4709915816783905,-1.650757908821106,0.3639284074306488,2.2308175563812256,1.952623724937439
1.1220903396606445,0.6732757091522217,-0.45904794335365295,-1.637796401977539,0.3561888337135315,2.226961612701416,1.9769011735916138
1.1086565256118774,0.6783685088157654,-0.4471626579761505,-1.6246824264526367,0.3484320044517517,2.2229983806610107,2.001178503036499
1.0953413248062134,0.6836118102073669,-0.4353347420692444,-1.6114109754562378,0.34065550565719604,2.218924045562744,2.025455951690674
1.0821435451507568,0.6890071034431458,-0.42356112599372864,-1.5979769229888916,0.332855224609375,2.2147374153137207,2.0497334003448486
1.069064736366272,0.6945570111274719,-0.4118416905403137,-1.5843746662139893,0.3250311613082886,2.2104358673095703,2.0740108489990234
1.056102991104126,0.7002643346786499,-0.40017226338386536,-1.5705978870391846,0.31717920303344727,2.2060165405273438,2.0982882976531982
1.0432593822479248,0.7061310410499573,-0.38855183124542236,-1.556640625,0.3092973232269287,2.20147705078125,2.122565507888794
1.0305335521697998,0.7121602892875671,-0.37697798013687134,-1.5424959659576416,0.30138349533081055,2.1968135833740234,2.1468429565429688
1.0179235935211182,0.7183555364608765,-0.3654457628726959,-1.5281562805175781,0.29343244433403015,2.192023992538452,2.1711204051971436
1.0054309368133545,0.7247200012207031,-0.3539544343948364,-1.5136146545410156,0.28544339537620544,2.1871039867401123,2.1953976154327393
0.993053138256073,0.7312571406364441,-0.34249788522720337,-1.49886155128479,0.27741026878356934,2.1820502281188965,2.219675302505493
0.9807917475700378,0.7379729747772217,-0.3310757279396057,-1.4838893413543701,0.269333153963089,2.1768581867218018,2.243952512741089
0.9686446189880371,0.7448699474334717,-0.31968164443969727,-1.4686872959136963,0.26120468974113464,2.1715235710144043,2.2682299613952637
0.9566106796264648,0.7519550323486328,-0.3083108365535736,-1.4532458782196045,0.2530220150947571,2.166041612625122,2.2925074100494385
0.9446907639503479,0.7592329382896423,-0.2969604730606079,-1.4375531673431396,0.24478153884410858,2.1604063510894775,2.316784620285034
0.9328832030296326,0.7667099237442017,-0.28562411665916443,-1.421597957611084,0.23647701740264893,2.154613494873047,2.341062068939209
0.9211868047714233,0.7743933796882629,-0.2742964029312134,-1.4053659439086914,0.22810345888137817,2.148655414581299,2.365339517593384
0.909602165222168,0.782290518283844,-0.2629726529121399,-1.388843297958374,0.21965643763542175,2.142526149749756,2.3896169662475586
0.8981262445449829,0.7904092073440552,-0.2516433596611023,-1.3720147609710693,0.21112748980522156,2.1362171173095703,2.4138944149017334
0.8867603540420532,0.798759937286377,-0.24030475318431854,-1.3548622131347656,0.2025124877691269,2.1297218799591064,2.438171625137329
0.87550288438797,0.8073516488075256,-0.2289476841688156,-1.3373677730560303,0.19380266964435577,2.123029947280884,2.462449073791504
0.8643522262573242,0.8161963820457458,-0.21756288409233093,-1.3195099830627441,0.18498961627483368,2.11613130569458,2.4867265224456787
0.8533084392547607,0.8253059983253479,-0.20614191889762878,-1.3012664318084717,0.17606502771377563,2.1090164184570312,2.5110039710998535
0.8423702120780945,0.834696888923645,-0.19467447698116302,-1.2826099395751953,0.16701902449131012,2.1016712188720703,2.535281181335449
0.8315362334251404,0.8443818688392639,-0.18314772844314575,-1.2635138034820557,0.15783870220184326,2.0940825939178467,2.559558629989624
0.8208065032958984,0.8543816804885864,-0.1715506762266159,-1.2439439296722412,0.1485143005847931,2.0862348079681396,2.583836078643799
0.852250874042511,0.8238813877105713,-0.21966037154197693,-1.306264877319336,0.18744513392448425,2.1101911067962646,2.553307294845581
0.8842124342918396,0.7968253493309021,-0.26622724533081055,-1.3639440536499023,0.2240195870399475,2.131381034851074,2.5227785110473633
0.9166483879089355,0.7726993560791016,-0.3116898238658905,-1.4178204536437988,0.2587144374847412,2.1502506732940674,2.4922497272491455
0.9495101571083069,0.7511322498321533,-0.35634395480155945,-1.4685006141662598,0.2918691039085388,2.1671266555786133,2.4617209434509277
0.9827435612678528,0.7318428158760071,-0.4003908932209015,-1.5164427757263184,0.3237282931804657,2.182257652282715,2.43119215965271
1.0162887573242188,0.7146180272102356,-0.443968266248703,-1.5619983673095703,0.35448190569877625,2.195835590362549,2.400663375854492
1.0500774383544922,0.699284553527832,-0.4871622920036316,-1.605449914932251,0.38427263498306274,2.208015203475952,2.3701345920562744
1.084033727645874,0.6857060790061951,-0.5300219058990479,-1.6470227241516113,0.4132130742073059,2.218921661376953,2.3396060466766357
1.118077039718628,0.673770546913147,-0.5725705027580261,-1.6869033575057983,0.4413955807685852,2.2286574840545654,2.309077262878418
1.152116060256958,0.6633810997009277,-0.614801824092865,-1.7252461910247803,0.4688895344734192,2.2373087406158447,2.2785484790802
1.186057448387146,0.6544573903083801,-0.656696081161499,-1.7621824741363525,0.49575522541999817,2.244948387145996,2.2480196952819824
1.219800591468811,0.646929144859314,-0.6982154250144958,-1.7978229522705078,0.5220392346382141,2.2516369819641113,2.2174909114837646
1.253242015838623,0.6407341957092285,-0.7393113970756531,-1.8322628736495972,0.5477803349494934,2.25742769241333,2.186962127685547
1.2898812294006348,0.6658125519752502,-0.7890552282333374,-1.8275649547576904,0.593268096446991,2.24033784866333,2.1548452377319336
1.324879765510559,0.6933113932609558,-0.8381624817848206,-1.82254159450531,0.6397761702537537,2.2212588787078857,2.122728109359741
1.358271598815918,0.7234604358673096,-0.8868381381034851,-1.8171942234039307,0.6874913573265076,2.199958324432373,2.090611219406128
1.3900963068008423,0.7565577030181885,-0.9353327751159668,-1.8115243911743164,0.7366483807563782,2.1761465072631836,2.0584943294525146
1.42039155960083,0.79298996925354,-0.9839521050453186,-1.8055338859558105,0.7875440716743469,2.1494569778442383,2.0263774394989014
1.4491949081420898,0.8332748413085938,-1.0330841541290283,-1.799222707748413,0.8405730128288269,2.1194097995758057,1.9942604303359985
1.476533055305481,0.87811279296875,-1.083228588104248,-1.7925933599472046,0.8962678909301758,2.0853662490844727,1.9621434211730957
1.5024144649505615,0.9284915924072266,-1.135062336921692,-1.785646915435791,0.9553838968276978,2.0464372634887695,1.9300264120101929
1.5268199443817139,0.9858824014663696,-1.1895674467086792,-1.7783849239349365,1.0190556049346924,2.001314163208008,1.8979095220565796
1.5496770143508911,1.0526347160339355,-1.248293399810791,-1.7708090543746948,1.0891255140304565,1.947924256324768,1.8657925128936768
1.5707796812057495,1.1329808235168457,-1.3140140771865845,-1.7629202604293823,1.1689761877059937,1.8825585842132568,1.8336756229400635
1.5895968675613403,1.2362886667251587,-1.3929424285888672,-1.7547205686569214,1.2662646770477295,1.797058343887329,1.8015586137771606
1.6039193868637085,1.397284746170044,-1.5085792541503906,-1.7462108135223389,1.410145878791809,1.661352515220642,1.7694417238235474
1.5711865425109863,1.2543351650238037,-1.4006513357162476,-1.7334778308868408,1.2792929410934448,1.7815498113632202,1.800799012184143
1.5340176820755005,1.1625009775161743,-1.3220000267028809,-1.7202534675598145,1.1872386932373047,1.8572975397109985,1.8321563005447388
1.494354248046875,1.0923805236816406,-1.2536226511001587,-1.7065179347991943,1.1100404262542725,1.914111852645874,1.8635135889053345
1.452741026878357,1.0355384349822998,-1.1903165578842163,-1.6922491788864136,1.0410974025726318,1.9593701362609863,1.8948709964752197
1.4094276428222656,0.9880921840667725,-1.1297717094421387,-1.6774241924285889,0.977461040019989,1.99649977684021,1.9262282848358154
1.3645764589309692,0.9478612542152405,-1.0707411766052246,-1.6620190143585205,0.917509913444519,2.0274429321289062,1.9575855731964111
1.3182940483093262,0.9134837985038757,-1.0124611854553223,-1.6460081338882446,0.860241711139679,2.053429365158081,1.9889429807662964
1.2706819772720337,0.884045422077179,-0.9544410705566406,-1.629363775253296,0.8049781918525696,2.0752944946289062,2.0203001499176025
1.2218363285064697,0.8589048981666565,-0.8963510394096375,-1.6120563745498657,0.7512348890304565,2.0936357975006104,2.0516574382781982
1.171859860420227,0.8375965356826782,-0.8379676938056946,-1.5940537452697754,0.6986418962478638,2.108891487121582,2.083014965057373
1.1208655834197998,0.8197762966156006,-0.7791421413421631,-1.575321912765503,0.6469072103500366,2.1213932037353516,2.1143722534179688
1.0689740180969238,0.8051886558532715,-0.7197766900062561,-1.5558218955993652,0.5957897305488586,2.1313929557800293,2.1457293033599854
1.0163190364837646,0.7936410903930664,-0.6598125100135803,-1.5355124473571777,0.5450789332389832,2.1390812397003174,2.17708683013916
1.0068349838256836,0.76553875207901,-0.6601337194442749,-1.5834569931030273,0.536812424659729,2.1608829498291016,2.15114688873291
0.9960152506828308,0.7393543720245361,-0.6611340045928955,-1.6278002262115479,0.529209315776825,2.1810436248779297,2.12520694732666
0.9838127493858337,0.7148844599723816,-0.6625354886054993,-1.6688501834869385,0.522033154964447,2.199737310409546,2.09926700592041
0.9701775908470154,0.6919758915901184,-0.6641141772270203,-1.7068452835083008,0.5151108503341675,2.2170987129211426,2.0733273029327393
0.9550597071647644,0.6705146431922913,-0.6656850576400757,-1.7419706583023071,0.5083184838294983,2.2332301139831543,2.0473873615264893
0.9384101629257202,0.6504157185554504,-0.6670899391174316,-1.7743709087371826,0.5015638470649719,2.24821138381958,2.0214474201202393
0.9201825261116028,0.6316158771514893,-0.6681904196739197,-1.8041598796844482,0.49478164315223694,2.2621026039123535,1.9955074787139893
0.9003333449363708,0.6140711307525635,-0.6688631772994995,-1.8314266204833984,0.4879285395145416,2.2749507427215576,1.9695675373077393
0.8788237571716309,0.5977521538734436,-0.668996274471283,-1.856240153312683,0.4809781312942505,2.2867913246154785,1.9436277151107788
0.8556237816810608,0.5826424956321716,-0.6684913039207458,-1.8786543607711792,0.4739179313182831,2.297649621963501,1.9176877737045288
0.8307104110717773,0.5687360167503357,-0.6672593951225281,-1.8987098932266235,0.46674835681915283,2.307544708251953,1.8917478322982788
0.8040739893913269,0.5560357570648193,-0.6652252078056335,-1.916437029838562,0.4594818949699402,2.316488265991211,1.8658078908920288
0.7757178544998169,0.5445521473884583,-0.6623272895812988,-1.9318575859069824,0.4521404504776001,2.3244872093200684,1.8398680686950684
0.7456649541854858,0.5343020558357239,-0.6585220098495483,-1.9449877738952637,0.4447541832923889,2.3315439224243164,1.8139281272888184
0.7139540910720825,0.5253070592880249,-0.6537807583808899,-1.9558382034301758,0.4373614192008972,2.3376588821411133,1.7879881858825684
0.6806504130363464,0.5175940990447998,-0.6481003761291504,-1.964414358139038,0.43000859022140503,2.342827081680298,1.7620482444763184
0.6458399295806885,0.5111925601959229,-0.6414983868598938,-1.9707189798355103,0.4227479100227356,2.3470425605773926,1.736108422279358
0.6096371412277222,0.5061347484588623,-0.6340201497077942,-1.9747533798217773,0.41563764214515686,2.3502964973449707,1.710168480873108
0.5721795558929443,0.5024555325508118,-0.6257349848747253,-1.9765143394470215,0.4087412655353546,2.352578639984131,1.684228539466858
0.5336319804191589,0.5001880526542664,-0.616740345954895,-1.975999116897583,0.4021253287792206,2.3538761138916016,1.658288598060608
0.49418073892593384,0.4993675947189331,-0.6071582436561584,-1.9732027053833008,0.3958614468574524,2.3541758060455322,1.6323487758636475
0.4540341794490814,0.5000284910202026,-0.5971362590789795,-1.9681169986724854,0.390023410320282,2.3534600734710693,1.6064088344573975
0.4134143888950348,0.5022034645080566,-0.5868399143218994,-1.9607341289520264,0.38468828797340393,2.3517117500305176,1.5804688930511475
0.372554212808609,0.5059255957603455,-0.5764508843421936,-1.9510421752929688,0.3799353539943695,2.348909854888916,1.554529070854187
0.3316909670829773,0.5112243294715881,-0.5661658644676208,-1.9390277862548828,0.3758452832698822,2.345031499862671,1.528589129447937
0.37079712748527527,0.5094638466835022,-0.6073182821273804,-1.9584323167800903,0.4007873237133026,2.3472867012023926,1.4984893798828125
0.40985092520713806,0.5085796117782593,-0.6482332348823547,-1.9775042533874512,0.42556241154670715,2.3490278720855713,1.4683897495269775
0.4487585425376892,0.5085687041282654,-0.6888304352760315,-1.9962559938430786,0.450186550617218,2.3502562046051025,1.438289999961853
0.48742911219596863,0.5094276070594788,-0.7290364503860474,-2.0146994590759277,0.47467470169067383,2.3509702682495117,1.4081902503967285
0.5257700681686401,0.5111544132232666,-0.7687726020812988,-2.032846450805664,0.4990416169166565,2.351167917251587,1.378090500831604
0.5636922717094421,0.5137479305267334,-0.8079631924629211,-2.050706386566162,0.5232996344566345,2.350844144821167,1.347990870475769
0.601112961769104,0.517204761505127,-0.8465381264686584,-2.0682902336120605,0.5474621057510376,2.349992275238037,1.3178911209106445
0.6379500031471252,0.521524965763092,-0.8844274878501892,-2.0856077671051025,0.5715407133102417,2.348605155944824,1.28779137134552
0.6741327047348022,0.5267082452774048,-0.9215715527534485,-2.1026675701141357,0.5955467820167542,2.346670627593994,1.2576916217803955
0.7095924019813538,0.5327564477920532,-0.9579131007194519,-2.119478225708008,0.6194929480552673,2.3441765308380127,1.2275919914245605
0.7442666888237,0.5396714210510254,-0.9933998584747314,-2.136047840118408,0.6433888077735901,2.341108798980713,1.197492241859436
0.7781063914299011,0.5474601984024048,-1.0279934406280518,-2.152384042739868,0.6672494411468506,2.3374481201171875,1.1673924922943115
0.8110610246658325,0.5561259388923645,-1.061652421951294,-2.1684954166412354,0.6910799145698547,2.333176612854004,1.1372928619384766
0.843092679977417,0.5656799674034119,-1.0943487882614136,-2.1843881607055664,0.7148949503898621,2.328270673751831,1.107193112373352
0.874170184135437,0.576134979724884,-1.1260613203048706,-2.2000699043273926,0.7387049794197083,2.3227038383483887,1.0770933628082275
0.9042653441429138,0.5875067710876465,-1.1567708253860474,-2.2155466079711914,0.7625223398208618,2.3164474964141846,1.046993613243103
0.9333603382110596,0.5998162627220154,-1.186469554901123,-2.2308249473571777,0.7863594889640808,2.30946683883667,1.016893982887268
0.961440920829773,0.6130895614624023,-1.2151527404785156,-2.245911121368408,0.8102299571037292,2.3017241954803467,0.9867941737174988
0.9884979724884033,0.627356767654419,-1.2428208589553833,-2.2608113288879395,0.8341490030288696,2.2931761741638184,0.956694483757019
1.0145246982574463,0.6426559090614319,-1.2694774866104126,-2.2755308151245117,0.8581311106681824,2.2837750911712646,0.9265947937965393
1.039520502090454,0.6590315103530884,-1.2951327562332153,-2.2900750637054443,0.882193922996521,2.2734646797180176,0.8964951038360596
1.0634866952896118,0.6765370965003967,-1.3197991847991943,-2.304450035095215,0.9063571691513062,2.2621824741363525,0.8663953542709351
1.0864250659942627,0.6952350735664368,-1.3434902429580688,-2.318660259246826,0.930641233921051,2.2498579025268555,0.8362956047058105
1.108344316482544,0.7152021527290344,-1.3662278652191162,-2.3327114582061768,0.9550731778144836,2.2364068031311035,0.8061959147453308
1.1292483806610107,0.7365257740020752,-1.3880304098129272,-2.3466081619262695,0.9796789288520813,2.221736192703247,0.7760962247848511
1.1491447687149048,0.7593110203742981,-1.4089211225509644,-2.3603549003601074,1.0044931173324585,2.2057363986968994,0.7459964752197266
1.1728638410568237,0.7673509120941162,-1.4306375980377197,-2.384613513946533,1.018355131149292,2.2016069889068604,0.7171873450279236
1.1960275173187256,0.7761820554733276,-1.4518333673477173,-2.408613920211792,1.0321767330169678,2.1968631744384766,0.6883782148361206
1.2186084985733032,0.7858189940452576,-1.472480058670044,-2.4323668479919434,1.0459566116333008,2.191483497619629,0.6595690846443176
1.2405810356140137,0.7962790727615356,-1.4925501346588135,-2.4558825492858887,1.0596928596496582,2.185443162918091,0.6307599544525146
1.2619209289550781,0.8075799942016602,-1.5120166540145874,-2.479170322418213,1.073383092880249,2.1787164211273193,0.6019508242607117
1.2826050519943237,0.8197418451309204,-1.5308541059494019,-2.5022385120391846,1.0870250463485718,2.1712746620178223,0.5731416940689087
1.3026130199432373,0.8327882885932922,-1.5490386486053467,-2.5250964164733887,1.1006169319152832,2.1630859375,0.5443325638771057
1.3219244480133057,0.8467432260513306,-1.5665456056594849,-2.5477516651153564,1.11415696144104,2.1541173458099365,0.5155234336853027
1.3405214548110962,0.8616320490837097,-1.5833520889282227,-2.5702121257781982,1.1276408433914185,2.144333839416504,0.48671427369117737
1.358386516571045,0.8774843215942383,-1.5994346141815186,-2.592484474182129,1.1410685777664185,2.1336960792541504,0.4579051434993744
1.3755053281784058,0.8943318724632263,-1.6147714853286743,-2.6145758628845215,1.1544371843338013,2.1221625804901123,0.4290960133075714
1.3918637037277222,0.9122049808502197,-1.6293400526046753,-2.6364927291870117,1.167743444442749,2.109691619873047,0.40028688311576843
1.4074493646621704,0.9311390519142151,-1.643117904663086,-2.658240795135498,1.1809858083724976,2.096237897872925,0.37147775292396545
1.3649916648864746,0.8717329502105713,-1.6348960399627686,-2.6451992988586426,1.1415997743606567,2.144185781478882,0.38857942819595337
1.3203108310699463,0.8212732076644897,-1.624232530593872,-2.63081693649292,1.1053177118301392,2.1836700439453125,0.40568113327026367
1.2734915018081665,0.7780271768569946,-1.6110262870788574,-2.6151282787323,1.0716789960861206,2.216376304626465,0.4227828085422516
1.2246158123016357,0.740784764289856,-1.5952304601669312,-2.59816837310791,1.0403759479522705,2.243506908416748,0.4398844838142395
1.1737759113311768,0.7086679339408875,-1.5768499374389648,-2.579972267150879,1.011190414428711,2.2659566402435303,0.4569861590862274
1.1210882663726807,0.6810272932052612,-1.5559418201446533,-2.5605733394622803,0.9839625358581543,2.2844080924987793,0.4740878641605377
1.0666978359222412,0.6573695540428162,-1.5326154232025146,-2.540003776550293,0.9585700631141663,2.2993979454040527,0.49118953943252563
1.010786533355713,0.6373165845870972,-1.5070340633392334,-2.518294095993042,0.9349135756492615,2.311352252960205,0.5082912445068359
0.953568696975708,0.6205706000328064,-1.4794079065322876,-2.495471477508545,0.9129126667976379,2.320618152618408,0.5253928899765015
0.8952972292900085,0.6068964004516602,-1.449998378753662,-2.4715614318847656,0.8924986720085144,2.32747745513916,0.5424945950508118
0.8362551927566528,0.596103310585022,-1.4191062450408936,-2.4465858936309814,0.8736125230789185,2.3321633338928223,0.5595962405204773
0.776749849319458,0.5880323648452759,-1.3870646953582764,-2.420563220977783,0.8562039732933044,2.334869861602783,0.5766979455947876
0.7171087265014648,0.5825477242469788,-1.3542355298995972,-2.3935093879699707,0.8402294516563416,2.3357574939727783,0.5937996506690979
0.6576616168022156,0.5795307755470276,-1.3209878206253052,-2.3654346466064453,0.8256500363349915,2.334961414337158,0.6109013557434082
0.5987358093261719,0.5788750648498535,-1.2876951694488525,-2.3363466262817383,0.8124350905418396,2.3325934410095215,0.6280030012130737
0.5406433343887329,0.5804819464683533,-1.254719614982605,-2.306248664855957,0.8005577921867371,2.3287477493286133,0.645104706287384
0.4836704134941101,0.584261953830719,-1.2224040031433105,-2.2751381397247314,0.7899984121322632,2.3234994411468506,0.6622064113616943
0.4280734658241272,0.5901316404342651,-1.1910661458969116,-2.243008613586426,0.7807449698448181,2.3169095516204834,0.6793080568313599
0.3740670382976532,0.5980139374732971,-1.1609851121902466,-2.209848165512085,0.7727900147438049,2.3090267181396484,0.6964097619056702
0.3218303322792053,0.6078405380249023,-1.132415533065796,-2.1756389141082764,0.7661373615264893,2.29988431930542,0.7135114073753357
0.27149397134780884,0.619550883769989,-1.105566382408142,-2.1403563022613525,0.7607976198196411,2.2895073890686035,0.730613112449646
0.22315576672554016,0.6330961585044861,-1.0806233882904053,-2.1039695739746094,0.7567937970161438,2.277904987335205,0.7477147579193115
0.1768689751625061,0.6484382152557373,-1.057736873626709,-2.066439628601074,0.7541592717170715,2.26507830619812,0.7648165225982666
0.1326613873243332,0.665554940700531,-1.0370442867279053,-2.0277185440063477,0.7529454827308655,2.251011371612549,0.7819181680679321
0.09052753448486328,0.6844401359558105,-1.0186649560928345,-1.9877482652664185,0.7532191872596741,2.235677480697632,0.7990198731422424
0.05043887346982956,0.7051066756248474,-1.0027133226394653,-1.9464595317840576,0.7550703883171082,2.219033718109131,0.816121518611908
0.012347965501248837,0.7275909185409546,-0.9893105030059814,-1.9037681818008423,0.7586162090301514,2.201018810272217,0.8332232236862183
-0.024722743779420853,0.6938861608505249,-0.9364733099937439,-1.9017436504364014,0.7062340974807739,2.224639415740967,0.8649331331253052
-0.06407587230205536,0.6636810898780823,-0.8825052976608276,-1.8993011713027954,0.6550279259681702,2.24532151222229,0.8966430425643921
-0.1057489886879921,0.6366475820541382,-0.8271660804748535,-1.896431803703308,0.6047683358192444,2.2634029388427734,0.9283530116081238
-0.14976122975349426,0.6125421524047852,-0.7702717185020447,-1.8931262493133545,0.5552733540534973,2.279151439666748,0.9600629210472107
-0.19610624015331268,0.5911824107170105,-0.711689829826355,-1.8893764019012451,0.5063913464546204,2.292781352996826,0.9917728304862976
-0.24474182724952698,0.5724360942840576,-0.6513442397117615,-1.8851723670959473,0.45799726247787476,2.3044633865356445,1.0234827995300293
-0.2955884635448456,0.5562071204185486,-0.589209794998169,-1.880506157875061,0.4099818766117096,2.314338207244873,1.0551927089691162
-0.3485158383846283,0.5424296259880066,-0.5253232717514038,-1.875368595123291,0.36225011944770813,2.3225159645080566,1.0869026184082031
-0.40334630012512207,0.5310612916946411,-0.45977547764778137,-1.8697510957717896,0.31471678614616394,2.3290867805480957,1.11861252784729
-0.45984748005867004,0.5220756530761719,-0.39271941781044006,-1.8636443614959717,0.267302930355072,2.334118604660034,1.150322437286377
-0.5177426934242249,0.5154595375061035,-0.3243531584739685,-1.8570395708084106,0.21993139386177063,2.337665557861328,1.1820323467254639
-0.576697051525116,0.5112097263336182,-0.2549377977848053,-1.8499280214309692,0.17253881692886353,2.3397631645202637,1.2137423753738403
-0.6363533139228821,0.5093259811401367,-0.18475516140460968,-1.8423010110855103,0.12505090236663818,2.3404345512390137,1.2454521656036377
-0.6963281631469727,0.509814977645874,-0.1141129657626152,-1.834148645401001,0.07739653438329697,2.3396904468536377,1.2771621942520142
-0.7562291026115417,0.5126828551292419,-0.043326228857040405,-1.8254621028900146,0.029504548758268356,2.337526321411133,1.308872103691101
-0.8156707882881165,0.5179404020309448,0.027301236987113953,-1.8162322044372559,-0.01870189979672432,2.3339247703552246,1.340582013130188
-0.8742915987968445,0.5256019234657288,0.09749435633420944,-1.8064488172531128,-0.06730560213327408,2.328855276107788,1.372291922569275
-0.9317638874053955,0.5356879830360413,0.16701897978782654,-1.7961024045944214,-0.1163952648639679,2.322272539138794,1.4040018320083618
-0.9878049492835999,0.5482275485992432,0.23569485545158386,-1.785182237625122,-0.16607004404067993,2.3141140937805176,1.4357117414474487
-1.0421817302703857,0.5632656812667847,0.3034035265445709,-1.773678183555603,-0.21644268929958344,2.30430006980896,1.4674217700958252
-1.0947136878967285,0.5808643698692322,0.3700938820838928,-1.7615786790847778,-0.26764124631881714,2.292729377746582,1.499131679534912
-1.145269751548767,0.6011109948158264,0.43578362464904785,-1.7488722801208496,-0.3198162317276001,2.2792749404907227,1.5308414697647095
-1.1937692165374756,0.6241273880004883,0.5005665421485901,-1.735546350479126,-0.37314584851264954,2.263779640197754,1.562551498413086
-1.2401673793792725,0.6500784754753113,0.5646041631698608,-1.721587896347046,-0.4278435707092285,2.2460479736328125,1.5942614078521729
-1.2844566106796265,0.6791874170303345,0.6281402111053467,-1.7069826126098633,-0.4841711223125458,2.225834369659424,1.6259711980819702
-1.3266546726226807,0.711750864982605,0.6915030479431152,-1.6917158365249634,-0.5424569249153137,2.2028310298919678,1.6576812267303467
-1.2386224269866943,0.6444466710090637,0.5820723176002502,-1.7390565872192383,-0.4385940730571747,2.2505719661712646,1.6346906423568726
-1.1422057151794434,0.5878026485443115,0.4720657467842102,-1.7833997011184692,-0.34161177277565,2.289428234100342,1.6117000579833984
-1.0365877151489258,0.5403198599815369,0.3587679862976074,-1.8249592781066895,-0.24948453903198242,2.3210179805755615,1.5887095928192139
-0.9211668968200684,0.5011880397796631,0.24027575552463531,-1.8639074563980103,-0.1608310490846634,2.3464159965515137,1.5657190084457397
-0.7958117723464966,0.47005099058151245,0.1155153214931488,-1.9003852605819702,-0.07465829700231552,2.366346836090088,1.5427284240722656
-0.661154568195343,0.44685548543930054,-0.015598827973008156,-1.9345088005065918,0.009781206026673317,2.3812930583953857,1.5197378396987915
-0.5188455581665039,0.4317266345024109,-0.15198774635791779,-1.9663763046264648,0.09307213127613068,2.391550064086914,1.4967472553253174
-0.3716168701648712,0.4248591363430023,-0.29139554500579834,-1.9960705041885376,0.17569415271282196,2.39725923538208,1.4737567901611328
-0.2230355143547058,0.42642495036125183,-0.4306718409061432,-2.0236639976501465,0.2580581307411194,2.3984203338623047,1.4507662057876587
-0.07694847136735916,0.4365326166152954,-0.5663527846336365,-2.049220085144043,0.3405386209487915,2.3948917388916016,1.4277756214141846
0.06318657845258713,0.4552469551563263,-0.6953538656234741,-2.07279634475708,0.4234987497329712,2.386373996734619,1.40478515625
0.19481559097766876,0.4826761484146118,-0.815507709980011,-2.0944459438323975,0.5073232054710388,2.372377395629883,1.3817944526672363
0.3164701759815216,0.5191117525100708,-0.925772488117218,-2.1142191886901855,0.5924509763717651,2.352165699005127,1.3588039875030518
0.36728301644325256,0.5390092134475708,-0.968051552772522,-2.119265556335449,0.6294317841529846,2.340278148651123,1.3306574821472168
0.41613614559173584,0.5608327388763428,-1.008634328842163,-2.1238389015197754,0.6669158935546875,2.326853036880493,1.3025110960006714
0.46307000517845154,0.5847015380859375,-1.0476272106170654,-2.127941131591797,0.7049724459648132,2.3117470741271973,1.2743645906448364
0.5081402659416199,0.6107686758041382,-1.0851669311523438,-2.1315736770629883,0.7436860203742981,2.2947888374328613,1.2462180852890015
0.5514090061187744,0.6392282247543335,-1.1214085817337036,-2.1347386837005615,0.7831582427024841,2.2757720947265625,1.2180715799331665
0.5929412245750427,0.6703253388404846,-1.1565278768539429,-2.1374378204345703,0.8235117793083191,2.2544472217559814,1.189925193786621
0.6328083276748657,0.7043775916099548,-1.1907310485839844,-2.1396725177764893,0.8649085760116577,2.230501174926758,1.1617786884307861
0.6710669994354248,0.7417804598808289,-1.2242417335510254,-2.141446113586426,0.907539427280426,2.2035531997680664,1.1336321830749512
0.7077755928039551,0.7830637097358704,-1.2573347091674805,-2.1427600383758545,0.9516699910163879,2.1731033325195312,1.1054857969284058
0.7429742217063904,0.8289268016815186,-1.2903332710266113,-2.1436171531677246,0.9976511597633362,2.1385040283203125,1.0773391723632812
0.7766849398612976,0.8803372383117676,-1.3236536979675293,-2.1440186500549316,1.045978307723999,2.0988667011260986,1.0491927862167358
0.8088951110839844,0.9386837482452393,-1.3578526973724365,-2.1439685821533203,1.0973764657974243,2.0529308319091797,1.0210462808609009
0.8395335674285889,1.0060973167419434,-1.3937492370605469,-2.143468141555786,1.1529902219772339,1.998776912689209,0.9928998351097107
0.8340815901756287,0.9945364594459534,-1.3857769966125488,-2.139340877532959,1.1426761150360107,2.0079479217529297,0.9742264151573181
0.8285331130027771,0.9833341240882874,-1.3777973651885986,-2.1351964473724365,1.1324846744537354,2.0167953968048096,0.9555529952049255
0.8228880167007446,0.972467839717865,-1.369802713394165,-2.1310343742370605,1.1224055290222168,2.0253396034240723,0.936879575252533
0.8171473145484924,0.9619224071502686,-1.3617891073226929,-2.126854419708252,1.1124303340911865,2.033595085144043,0.9182061553001404
0.8113122582435608,0.9516828656196594,-1.3537529706954956,-2.1226563453674316,1.102552890777588,2.0415754318237305,0.8995327949523926
0.8053839206695557,0.941735565662384,-1.3456909656524658,-2.118440628051758,1.0927667617797852,2.049293279647827,0.880859375
0.7993629574775696,0.9320656061172485,-1.3375986814498901,-2.114206314086914,1.0830650329589844,2.0567617416381836,0.8621859550476074
0.793250560760498,0.922664225101471,-1.3294744491577148,-2.1099534034729004,1.0734437704086304,2.0639896392822266,0.8435125350952148
0.7870453000068665,0.9135164022445679,-1.3213125467300415,-2.105681896209717,1.0638954639434814,2.070991039276123,0.8248391151428223
0.7807503938674927,0.9046155214309692,-1.3131133317947388,-2.101391553878784,1.0544178485870361,2.0777716636657715,0.8061656951904297
0.7743644118309021,0.8959499001502991,-1.3048722743988037,-2.0970821380615234,1.0450050830841064,2.0843424797058105,0.7874922752380371
0.7678886651992798,0.8875129818916321,-1.2965879440307617,-2.0927534103393555,1.035654067993164,2.090710163116455,0.7688188552856445
0.7613231539726257,0.8792945742607117,-1.2882578372955322,-2.088405132293701,1.0263605117797852,2.096883773803711,0.750145435333252
0.7546678781509399,0.8712888360023499,-1.2798795700073242,-2.0840368270874023,1.0171213150024414,2.102869749069214,0.7314720749855042
0.7479246258735657,0.8634874820709229,-1.2714521884918213,-2.0796492099761963,1.0079329013824463,2.1086745262145996,0.7127985954284668
0.7410929799079895,0.8558856844902039,-1.2629740238189697,-2.0752410888671875,0.9987935423851013,2.1143038272857666,0.6941251754760742
0.734173059463501,0.8484756946563721,-1.254442572593689,-2.070812702178955,0.9896993041038513,2.119764566421509,0.6754518151283264
0.7271658182144165,0.8412520289421082,-1.245856761932373,-2.06636381149292,0.9806474447250366,2.1250622272491455,0.6567783951759338
0.7200710773468018,0.8342102766036987,-1.2372151613235474,-2.061893939971924,0.9716362357139587,2.1302011013031006,0.6381049752235413
0.712889552116394,0.8273444771766663,-1.228516697883606,-2.057403087615967,0.9626628160476685,2.1351866722106934,0.6194315552711487
0.7056220173835754,0.8206509947776794,-1.219760537147522,-2.0528907775878906,0.9537261128425598,2.1400227546691895,0.6007581353187561
0.6982673406600952,0.8141237497329712,-1.2109436988830566,-2.0483574867248535,0.9448222517967224,2.1447157859802246,0.5820847153663635
0.6908271312713623,0.8077593445777893,-1.2020666599273682,-2.043802499771118,0.9359506964683533,2.14926815032959,0.563411295413971
0.6833015084266663,0.8015545606613159,-1.1931285858154297,-2.0392253398895264,0.9271090030670166,2.15368390083313,0.5447379350662231
0.6756908297538757,0.7955046892166138,-1.184127688407898,-2.034626007080078,0.9182958006858826,2.1579670906066895,0.5260645151138306
0.6679949760437012,0.7896071076393127,-1.1750634908676147,-2.0300045013427734,0.9095093607902527,2.162121057510376,0.507391095161438
0.6602158546447754,0.7838576436042786,-1.1659358739852905,-2.025360107421875,0.9007473587989807,2.166149139404297,0.4887176752090454
0.6523516774177551,0.7782531380653381,-1.1567424535751343,-2.020692825317383,0.8920090198516846,2.170055389404297,0.47004425525665283
0.644404411315918,0.7727923393249512,-1.147484540939331,-2.0160021781921387,0.883293867111206,2.1738407611846924,0.45137080550193787
0.6363749504089355,0.7674705982208252,-1.1381607055664062,-2.011288642883301,0.8745983242988586,2.1775097846984863,0.4326973855495453
0.6282629370689392,0.7622862458229065,-1.1287708282470703,-2.0065512657165527,0.8659228086471558,2.1810641288757324,0.4140239953994751
0.6200683116912842,0.7572364211082458,-1.1193130016326904,-2.0017900466918945,0.857265293598175,2.1845080852508545,0.3953505754470825
0.6117931604385376,0.7523193955421448,-1.1097891330718994,-1.9970041513442993,0.8486253619194031,2.1878418922424316,0.37667715549468994
0.6034363508224487,0.7475316524505615,-1.100196361541748,-1.992194414138794,0.8400004506111145,2.191070079803467,0.35800376534461975
0.594999372959137,0.7428728342056274,-1.090536117553711,-1.9873594045639038,0.8313906788825989,2.194193124771118,0.3393303453922272
0.5864834785461426,0.7383392453193665,-1.0808080434799194,-1.9824999570846558,0.822794497013092,2.197214126586914,0.3206569254398346
0.5778880715370178,0.7339305877685547,-1.0710111856460571,-1.9776146411895752,0.8142106533050537,2.200134754180908,0.3019835352897644
0.5692151784896851,0.7296439409255981,-1.06114661693573,-1.972704291343689,0.8056389689445496,2.2029566764831543,0.2833101153373718
0.5604636669158936,0.7254784107208252,-1.0512120723724365,-1.9677677154541016,0.7970772981643677,2.2056827545166016,0.26463669538497925
0.5516358017921448,0.7214319705963135,-1.0412099361419678,-1.962805151939392,0.7885255217552185,2.2083139419555664,0.24596329033374786
0.5427324175834656,0.7175037264823914,-1.0311394929885864,-1.9578158855438232,0.7799834609031677,2.2108516693115234,0.2272898256778717
0.5337537527084351,0.7136911153793335,-1.0210003852844238,-1.9528001546859741,0.7714481353759766,2.2132985591888428,0.20861642062664032
0.5247014760971069,0.7099944949150085,-1.010793685913086,-1.9477570056915283,0.7629203200340271,2.2156548500061035,0.18994301557540894
0.5155736804008484,0.7064113020896912,-1.000516653060913,-1.9426867961883545,0.7543984651565552,2.217923641204834,0.17126959562301636
0.5063761472702026,0.702940821647644,-0.9901745319366455,-1.9375889301300049,0.7458826899528503,2.220104217529297,0.15259619057178497
0.497105211019516,0.699581503868103,-0.979762613773346,-1.9324628114700317,0.7373703718185425,2.222200632095337,0.1339227855205536
0.4877651631832123,0.6963333487510681,-0.9692849516868591,-1.9273085594177246,0.7288628816604614,2.2242114543914795,0.1152493804693222
0.4783551096916199,0.6931942701339722,-0.9587394595146179,-1.9221253395080566,0.7203575968742371,2.226139545440674,0.09657598286867142
0.4688761830329895,0.6901641488075256,-0.9481270909309387,-1.9169132709503174,0.7118549942970276,2.2279860973358154,0.07790254801511765
0.459331750869751,0.6872422099113464,-0.9374504685401917,-1.9116716384887695,0.7033544778823853,2.229750394821167,0.05922914668917656
0.4497204124927521,0.6844263672828674,-0.9267069697380066,-1.906400442123413,0.6948535442352295,2.231435775756836,0.040555741637945175
0.44004419445991516,0.6817171573638916,-0.9158985018730164,-1.9010992050170898,0.6863536238670349,2.2330424785614014,0.02188234031200409
0.4303049147129059,0.6791131496429443,-0.9050260782241821,-1.8957674503326416,0.6778521537780762,2.2345709800720215,0.003208908485248685
0.42050430178642273,0.6766148805618286,-0.8940911293029785,-1.8904045820236206,0.6693502068519592,2.2360217571258545,-0.01546449400484562
0.4106414318084717,0.6742199063301086,-0.8830912709236145,-1.8850109577178955,0.6608455181121826,2.2373974323272705,-0.034137897193431854
0.4007197618484497,0.6719292402267456,-0.8720300197601318,-1.8795853853225708,0.6523381471633911,2.2386972904205322,-0.05281129851937294
0.3907403349876404,0.669741153717041,-0.8609064221382141,-1.874127984046936,0.6438268423080444,2.239922523498535,-0.07148472964763641
0.3807039260864258,0.6676558256149292,-0.8497224450111389,-1.8686381578445435,0.6353116631507874,2.241074562072754,-0.09015822410583496
0.37061235308647156,0.6656731367111206,-0.8384787440299988,-1.8631154298782349,0.6267917156219482,2.2421529293060303,-0.10883165150880814
0.3604680895805359,0.6637917160987854,-0.827176570892334,-1.8575595617294312,0.6182662844657898,2.2431588172912598,-0.12750506401062012
0.3502705693244934,0.6620116829872131,-0.8158149719238281,-1.8519700765609741,0.609734058380127,2.244093418121338,-0.1461784541606903
0.34002354741096497,0.660332977771759,-0.8043972253799438,-1.8463464975357056,0.6011947989463806,2.2449564933776855,-0.1648518592119217
0.3297273516654968,0.6587552428245544,-0.7929227352142334,-1.8406882286071777,0.5926481485366821,2.24574875831604,-0.18352529406547546
0.3193855583667755,0.6572771668434143,-0.781394362449646,-1.8349952697753906,0.5840932130813599,2.2464704513549805,-0.20219869911670685
0.3089975118637085,0.6558998823165894,-0.7698111534118652,-1.8292666673660278,0.5755295753479004,2.247122287750244,-0.22087213397026062
0.29856616258621216,0.6546222567558289,-0.7581749558448792,-1.8235024213790894,0.5669558644294739,2.2477049827575684,-0.23954550921916962
0.28809255361557007,0.6534444689750671,-0.7464861273765564,-1.8177013397216797,0.5583716630935669,2.2482190132141113,-0.2582189440727234
0.2775786519050598,0.652366042137146,-0.734745979309082,-1.811863660812378,0.5497750043869019,2.2486648559570312,-0.2768923044204712
0.26702797412872314,0.651387631893158,-0.7229577302932739,-1.8059886693954468,0.5411686897277832,2.2490413188934326,-0.29556572437286377
0.25644010305404663,0.6505078673362732,-0.7111195921897888,-1.800075650215149,0.5325483083724976,2.2493505477905273,-0.31423917412757874
0.24581781029701233,0.6497279405593872,-0.699233889579773,-1.7941241264343262,0.5239149332046509,2.2495920658111572,-0.33291253447532654
0.23516246676445007,0.6490465998649597,-0.6873012781143188,-1.788133978843689,0.5152667760848999,2.2497668266296387,-0.3515859842300415
0.22447776794433594,0.6484649181365967,-0.6753246784210205,-1.7821037769317627,0.5066044330596924,2.249873161315918,-0.3702593445777893
0.21376383304595947,0.6479818820953369,-0.6633034348487854,-1.776033878326416,0.49792611598968506,2.249912977218628,-0.3889327943325043
0.20302367210388184,0.6475985646247864,-0.6512398719787598,-1.769923210144043,0.4892318844795227,2.2498855590820312,-0.40760621428489685
0.19225825369358063,0.6473137736320496,-0.6391335725784302,-1.7637715339660645,0.48051974177360535,2.2497920989990234,-0.42627957463264465
0.18147046864032745,0.647128164768219,-0.6269873380661011,-1.757577657699585,0.47178953886032104,2.249631404876709,-0.4449530243873596
0.17066119611263275,0.6470420956611633,-0.6148008704185486,-1.7513415813446045,0.46304062008857727,2.2494044303894043,-0.4636264443397522
0.1598339080810547,0.6470552682876587,-0.6025769710540771,-1.745062232017517,0.4542720317840576,2.249110698699951,-0.4822998344898224
0.14899031817913055,0.6471683382987976,-0.5903162360191345,-1.7387391328811646,0.4454828202724457,2.2487494945526123,-0.5009732842445374
0.13813088834285736,0.6473803520202637,-0.5780181884765625,-1.7323716878890991,0.4366711676120758,2.2483224868774414,-0.5196467638015747
0.1272587925195694,0.6476924419403076,-0.5656851530075073,-1.725959300994873,0.4278378486633301,2.247828960418701,-0.5383201837539673
0.1163768395781517,0.6481044292449951,-0.5533194541931152,-1.71950101852417,0.4189814329147339,2.247267961502075,-0.5569935441017151
0.10548511147499084,0.6486164331436157,-0.540919303894043,-1.712996244430542,0.41009950637817383,2.246640682220459,-0.5756669640541077
0.09458750486373901,0.649229109287262,-0.5284884572029114,-1.7064440250396729,0.4011927545070648,2.245945453643799,-0.594340443611145
0.08368533104658127,0.6499421000480652,-0.5160265564918518,-1.6998441219329834,0.39225995540618896,2.2451834678649902,-0.6130138039588928
0.07278043031692505,0.6507561802864075,-0.5035349130630493,-1.693195104598999,0.38329988718032837,2.2443535327911377,-0.6316872239112854
0.061874084174633026,0.6516716480255127,-0.4910132586956024,-1.6864967346191406,0.37431058287620544,2.2434561252593994,-0.650360643863678
0.05096985399723053,0.6526885032653809,-0.47846442461013794,-1.6797478199005127,0.36529216170310974,2.242490291595459,-0.6690340042114258
0.0400681346654892,0.653807520866394,-0.46588724851608276,-1.672947645187378,0.3562425374984741,2.2414562702178955,-0.6877074837684631
0.02917230688035488,0.6550286412239075,-0.4532844126224518,-1.6660953760147095,0.34716182947158813,2.2403531074523926,-0.7063808441162109
0.018282897770404816,0.6563526391983032,-0.44065481424331665,-1.659190058708191,0.33804717659950256,2.2391810417175293,-0.7250542640686035
0.01217026449739933,0.6488110423088074,-0.4322563111782074,-1.6687512397766113,0.3298685848712921,2.2445950508117676,-0.7456117868423462
0.00599567499011755,0.6413624882698059,-0.42390450835227966,-1.6782382726669312,0.3217853605747223,2.2499237060546875,-0.7661692500114441
-0.00024321059754583985,0.6340045928955078,-0.41559284925460815,-1.6876527070999146,0.3137931525707245,2.2551698684692383,-0.7867267727851868
-0.006546625867486,0.6267350912094116,-0.4073178172111511,-1.6969959735870361,0.3058887720108032,2.2603344917297363,-0.8072842359542847
-0.012916896492242813,0.6195521354675293,-0.3990737497806549,-1.7062697410583496,0.2980682849884033,2.265420913696289,-0.8278417587280273
-0.01935519650578499,0.6124526262283325,-0.39085620641708374,-1.7154759168624878,0.2903282046318054,2.270430088043213,-0.8483992218971252
-0.025862466543912888,0.605435311794281,-0.3826613426208496,-1.724615216255188,0.2826654314994812,2.2753641605377197,-0.8689566850662231
-0.032440684735774994,0.598497748374939,-0.3744843006134033,-1.733689785003662,0.2750771939754486,2.2802248001098633,-0.8895142078399658
-0.03909110277891159,0.5916385054588318,-0.3663211166858673,-1.7427000999450684,0.26755988597869873,2.285013198852539,-0.9100717306137085
-0.0458160899579525,0.5848561525344849,-0.3581669330596924,-1.7516480684280396,0.26011133193969727,2.2897322177886963,-0.9306291937828064
-0.052616558969020844,0.5781479477882385,-0.350018173456192,-1.7605351209640503,0.25272825360298157,2.2943825721740723,-0.9511867165565491
-0.05949492007493973,0.5715135335922241,-0.34187042713165283,-1.769361972808838,0.24540886282920837,2.2989656925201416,-0.971744179725647
-0.06645186990499496,0.5649504065513611,-0.33372053503990173,-1.778130054473877,0.23815013468265533,2.3034827709198,-0.9923017024993896
-0.07349057495594025,0.5584579706192017,-0.3255632817745209,-1.7868399620056152,0.2309495210647583,2.3079357147216797,-1.0128591060638428
-0.08061161637306213,0.5520338416099548,-0.3173961043357849,-1.7954938411712646,0.22380560636520386,2.3123252391815186,-1.033416748046875
-0.08781836181879044,0.5456779599189758,-0.3092136085033417,-1.8040916919708252,0.21671536564826965,2.31665301322937,-1.0539741516113281
-0.09511171281337738,0.5393880009651184,-0.30101314187049866,-1.812635064125061,0.20967738330364227,2.3209197521209717,-1.0745316743850708
-0.10249440371990204,0.5331637263298035,-0.2927902340888977,-1.8211250305175781,0.20268934965133667,2.3251278400421143,-1.0950891971588135
-0.10996819287538528,0.5270031690597534,-0.28454145789146423,-1.8295621871948242,0.19574950635433197,2.3292765617370605,-1.1156466007232666
-0.11753568798303604,0.5209062695503235,-0.2762625217437744,-1.8379476070404053,0.18885594606399536,2.3333683013916016,-1.1362041234970093
-0.12519830465316772,0.5148712396621704,-0.2679506242275238,-1.846281886100769,0.18200749158859253,2.337402820587158,-1.156761646270752
-0.13295984268188477,0.5088977217674255,-0.25960031151771545,-1.8545664548873901,0.17520128190517426,2.3413827419281006,-1.1773191690444946
-0.14081743359565735,0.5029842257499695,-0.25121355056762695,-1.8628021478652954,0.16843947768211365,2.3453073501586914,-1.1978766918182373
-0.14878331124782562,0.4971306324005127,-0.24277597665786743,-1.8709893226623535,0.16171377897262573,2.3491787910461426,-1.2184340953826904
-0.15685448050498962,0.4913357198238373,-0.23428963124752045,-1.8791288137435913,0.1550263613462448,2.3529977798461914,-1.238991618156433
-0.16503329575061798,0.48559844493865967,-0.22575105726718903,-1.8872216939926147,0.14837610721588135,2.356764316558838,-1.2595491409301758
-0.1733235865831375,0.47991833090782166,-0.2171551138162613,-1.8952685594558716,0.14176101982593536,2.3604798316955566,-1.280106544494629
-0.18172752857208252,0.4742952585220337,-0.20849861204624176,-1.9032702445983887,0.13517987728118896,2.364145040512085,-1.3006640672683716
-0.19024816155433655,0.4687287509441376,-0.19977736473083496,-1.9112272262573242,0.1286318451166153,2.3677608966827393,-1.3212215900421143
-0.19888867437839508,0.4632171094417572,-0.19098709523677826,-1.9191404581069946,0.1221148669719696,2.3713274002075195,-1.341779112815857
-0.20765157043933868,0.4577609896659851,-0.1821242868900299,-1.9270099401474,0.11562814563512802,2.3748459815979004,-1.3623366355895996
-0.21654100716114044,0.4523593485355377,-0.1731840968132019,-1.9348373413085938,0.10917042940855026,2.378316640853882,-1.3828941583633423
-0.22555941343307495,0.4470119774341583,-0.16416282951831818,-1.9426223039627075,0.10274061560630798,2.3817405700683594,-1.4034515619277954
-0.23470963537693024,0.44171854853630066,-0.155056893825531,-1.9503662586212158,0.09633792191743851,2.385118246078491,-1.424009084701538
-0.2439972162246704,0.4364785850048065,-0.14585988223552704,-1.9580689668655396,0.08995991945266724,2.3884501457214355,-1.4445666074752808
-0.2534234821796417,0.4312921464443207,-0.13656970858573914,-1.9657317399978638,0.08360734581947327,2.3917367458343506,-1.4651240110397339
-0.2629929780960083,0.4261585772037506,-0.12718090415000916,-1.9733548164367676,0.07727818936109543,2.394979238510132,-1.4856815338134766
-0.2727094888687134,0.4210776686668396,-0.11768900603055954,-1.9809386730194092,0.07097146660089493,2.398177146911621,-1.5062390565872192
-0.28257641196250916,0.41604986786842346,-0.10809005051851273,-1.9884839057922363,0.06468667089939117,2.401331663131714,-1.526796579360962
-0.2925988435745239,0.41107428073883057,-0.09837793558835983,-1.9959913492202759,0.0584220252931118,2.4044432640075684,-1.547353982925415
-0.30277976393699646,0.40615153312683105,-0.08854924887418747,-2.0034608840942383,0.05217735469341278,2.4075119495391846,-1.5679115056991577
-0.31312310695648193,0.4012807309627533,-0.07859931886196136,-2.0108933448791504,0.04595157131552696,2.410538673400879,-1.5884690284729004
-0.32363393902778625,0.3964631259441376,-0.06852255761623383,-2.01828932762146,0.03974403813481331,2.4135236740112305,-1.6090264320373535
-0.33431509137153625,0.39169830083847046,-0.05831513926386833,-2.025648832321167,0.03355378285050392,2.4164674282073975,-1.6295840740203857
-0.34517377614974976,0.38698577880859375,-0.04796990752220154,-2.032972812652588,0.027379216626286507,2.419370174407959,-1.6501414775848389
-0.3562118709087372,0.3823257386684418,-0.03748416155576706,-2.0402615070343018,0.021220553666353226,2.4222326278686523,-1.6706990003585815
-0.36743468046188354,0.37772002816200256,-0.026852037757635117,-2.047515392303467,0.015077092684805393,2.4250552654266357,-1.6912565231323242
-0.3788481652736664,0.3731668293476105,-0.016067024320364,-2.054734706878662,0.008946911431849003,2.427837610244751,-1.7118139266967773
-0.39045479893684387,0.3686674237251282,-0.005126273725181818,-2.061919927597046,0.0028306390158832073,2.4305808544158936,-1.7323715686798096
-0.4022616147994995,0.3642217516899109,0.005978031549602747,-2.0690715312957764,-0.0032732337713241577,2.433284282684326,-1.7529289722442627
-0.41427332162857056,0.35983043909072876,0.01725052297115326,-2.076190233230591,-0.009365499019622803,2.4359498023986816,-1.7734864950180054
-0.4264942705631256,0.35549432039260864,0.028696099296212196,-2.08327579498291,-0.01544702798128128,2.4385769367218018,-1.7940438985824585
-0.4389286935329437,0.3512135446071625,0.040319763123989105,-2.0903286933898926,-0.021517306566238403,2.4411654472351074,-1.8146014213562012
-0.45158401131629944,0.34698835015296936,0.05212896317243576,-2.0973494052886963,-0.027578109875321388,2.443716049194336,-1.8351589441299438
-0.46446308493614197,0.3428199589252472,0.06412716209888458,-2.1043384075164795,-0.033629629760980606,2.4462289810180664,-1.8557164669036865
-0.4775732457637787,0.3387080430984497,0.07632198184728622,-2.1112959384918213,-0.039672814309597015,2.448704481124878,-1.8762738704681396
-0.4909185469150543,0.33465495705604553,0.08871787786483765,-2.118222236633301,-0.045708004385232925,2.451143264770508,-1.8968313932418823
-0.5045050382614136,0.3306591510772705,0.10132110863924026,-2.125117778778076,-0.05173603817820549,2.4535443782806396,-1.9173890352249146
-0.518337607383728,0.32672375440597534,0.11413714289665222,-2.1319828033447266,-0.05775761231780052,2.455909252166748,-1.9379464387893677
-0.5324211120605469,0.3228480815887451,0.1271706372499466,-2.13881778717041,-0.06377269327640533,2.458238124847412,-1.9585039615631104
-0.5467619299888611,0.3190338909626007,0.1404288113117218,-2.145622491836548,-0.06978261470794678,2.4605298042297363,-1.9790613651275635
-0.5613644123077393,0.3152812123298645,0.1539161056280136,-2.152397871017456,-0.07578731328248978,2.4627857208251953,-1.9996190071105957
-0.5762341022491455,0.3115921914577484,0.16763836145401,-2.1591439247131348,-0.08178795129060745,2.46500563621521,-2.020176410675049
-0.5913757085800171,0.3079671859741211,0.1816004365682602,-2.165860652923584,-0.08778472989797592,2.4671895503997803,-2.040734052658081
-0.6067954897880554,0.30440759658813477,0.19580882787704468,-2.172548532485962,-0.0937783345580101,2.4693379402160645,-2.061291456222534
-0.6224970817565918,0.3009142577648163,0.21026751399040222,-2.1792080402374268,-0.09976942092180252,2.4714503288269043,-2.0818488597869873
-0.6384851336479187,0.2974895238876343,0.22498132288455963,-2.1858391761779785,-0.10575807839632034,2.473527669906616,-2.1024062633514404
-0.6547639966011047,0.2941330373287201,0.23995473980903625,-2.1924424171447754,-0.11174514144659042,2.475569486618042,-2.1229639053344727
-0.671337902545929,0.29084765911102295,0.255192369222641,-2.1990180015563965,-0.11773116886615753,2.477576494216919,-2.143521308898926
-0.6882107853889465,0.28763386607170105,0.27069810032844543,-2.205565929412842,-0.12371625751256943,2.479548454284668,-2.164078950881958
-0.7053870558738708,0.28449368476867676,0.2864767611026764,-2.2120866775512695,-0.12970156967639923,2.4814846515655518,-2.184636354446411
-0.7228687405586243,0.2814282774925232,0.3025304079055786,-2.2185802459716797,-0.13568741083145142,2.483386278152466,-2.2051937580108643
-0.7406585812568665,0.27843934297561646,0.3188619315624237,-2.2250466346740723,-0.14167362451553345,2.485252857208252,-2.2257513999938965
-0.7587597370147705,0.27552905678749084,0.33547481894493103,-2.2314865589141846,-0.1476617008447647,2.4870846271514893,-2.2463088035583496
-0.7771741151809692,0.2726973593235016,0.35237088799476624,-2.2379002571105957,-0.15365146100521088,2.4888813495635986,-2.2668662071228027
-0.7958999872207642,0.269948273897171,0.36954858899116516,-2.2442874908447266,-0.15964314341545105,2.4906442165374756,-2.287423849105835
-0.8149421811103821,0.2672823965549469,0.3870130181312561,-2.2506487369537354,-0.16563786566257477,2.4923715591430664,-2.307981252670288
-0.8342986106872559,0.26470109820365906,0.40476202964782715,-2.256984233856201,-0.17163589596748352,2.4940638542175293,-2.3285388946533203
-0.8539685606956482,0.2622072100639343,0.42279520630836487,-2.263293981552124,-0.17763808369636536,2.4957215785980225,-2.3490960597991943
-0.8739497065544128,0.2598017752170563,0.4411100745201111,-2.269578218460083,-0.18364384770393372,2.497344732284546,-2.3696537017822266
-0.89424067735672,0.2574869692325592,0.459705650806427,-2.2758374214172363,-0.18965421617031097,2.4989328384399414,-2.390211343765259
-0.9148387312889099,0.2552642822265625,0.47857901453971863,-2.282071113586426,-0.19566987454891205,2.500485897064209,-2.410768747329712
-0.9357373714447021,0.2531367838382721,0.49772387742996216,-2.2882800102233887,-0.20169082283973694,2.502004623413086,-2.431326389312744
-0.9569337368011475,0.25110486149787903,0.517137348651886,-2.294464111328125,-0.2077178806066513,2.503488302230835,-2.4518837928771973
-0.9784204959869385,0.24917180836200714,0.5368123650550842,-2.300623655319214,-0.21375125646591187,2.504936456680298,-2.4724414348602295
-1.0001918077468872,0.2473388910293579,0.556742787361145,-2.3067586421966553,-0.21979200839996338,2.506349563598633,-2.4929986000061035
-1.0222362279891968,0.24560758471488953,0.5769174695014954,-2.3128695487976074,-0.2258395552635193,2.507728099822998,-2.5135562419891357
-1.0445479154586792,0.24397994577884674,0.597330629825592,-2.318955898284912,-0.23189452290534973,2.509070873260498,-2.534113883972168
-1.0671155452728271,0.24245832860469818,0.617970883846283,-2.3250184059143066,-0.23795804381370544,2.510378122329712,-2.554671287536621
-1.0899251699447632,0.24104368686676025,0.6388243436813354,-2.331057071685791,-0.24403032660484314,2.5116500854492188,-2.575228691101074
-1.112966537475586,0.2397383451461792,0.6598807573318481,-2.3370718955993652,-0.25011101365089417,2.5128865242004395,-2.5957860946655273
-1.1362253427505493,0.2385438084602356,0.6811256408691406,-2.3430631160736084,-0.2562013864517212,2.5140867233276367,-2.6163437366485596
