1.3907428979873657,0.9457741379737854,-0.8915804028511047,-1.4528937339782715,0.7775334119796753,2.0231235027313232,-1.998876690864563
1.3908052444458008,0.9417497515678406,-0.8900002241134644,-1.4587812423706055,0.7749692797660828,2.0263671875,-1.9775433540344238
1.3908613920211792,0.9377586245536804,-0.8884652853012085,-1.464630365371704,0.7724494934082031,2.029583215713501,-1.9562101364135742
1.3909128904342651,0.9338000416755676,-0.8869760632514954,-1.4704413414001465,0.7699726223945618,2.0327703952789307,-1.934876799583435
1.3909595012664795,0.9298731088638306,-0.8855310678482056,-1.4762153625488281,0.7675379514694214,2.0359296798706055,-1.913543462753296
1.391000747680664,0.9259774088859558,-0.8841288089752197,-1.48195219039917,0.7651433944702148,2.039062023162842,-1.8922102451324463
1.3910363912582397,0.9221116900444031,-0.882766842842102,-1.4876527786254883,0.7627869248390198,2.0421688556671143,-1.8708769083023071
1.3910671472549438,0.9182760119438171,-0.8814457058906555,-1.4933180809020996,0.7604686617851257,2.0452492237091064,-1.849543571472168
1.391093134880066,0.9144691824913025,-0.8801639676094055,-1.498948097229004,0.7581868767738342,2.048304319381714,-1.8282103538513184
1.3911134004592896,0.9106900691986084,-0.8789196014404297,-1.5045435428619385,0.7559403777122498,2.051334857940674,-1.8068770170211792
1.3911285400390625,0.9069390892982483,-0.8777121305465698,-1.5101051330566406,0.753728449344635,2.0543417930603027,-1.78554368019104
1.3911389112472534,0.9032148122787476,-0.8765408396720886,-1.5156333446502686,0.7515496611595154,2.0573248863220215,-1.7642104625701904
1.3911442756652832,0.8995170593261719,-0.8754048943519592,-1.5211286544799805,0.749403178691864,2.0602846145629883,-1.7428771257400513
1.391144037246704,0.8958449959754944,-0.8743019700050354,-1.5265913009643555,0.7472872734069824,2.0632224082946777,-1.721543788909912
1.391139030456543,0.8921992778778076,-0.8732337355613708,-1.5320215225219727,0.7452030777931213,2.0661368370056152,-1.7002105712890625
1.3911285400390625,0.8885774612426758,-0.8721968531608582,-1.5374202728271484,0.7431474328041077,2.069030284881592,-1.6788772344589233
1.391113519668579,0.8849807381629944,-0.8711921572685242,-1.542788028717041,0.741121232509613,2.071901798248291,-1.6575440168380737
1.391093134880066,0.8814073204994202,-0.8702181577682495,-1.5481247901916504,0.7391226291656494,2.0747528076171875,-1.6362106800079346
1.3910669088363647,0.8778573274612427,-0.8692728877067566,-1.553431749343872,0.737149715423584,2.0775840282440186,-1.6148773431777954
1.391037106513977,0.8743306398391724,-0.8683590292930603,-1.558708667755127,0.7352046370506287,2.0803933143615723,-1.5935441255569458
1.3910003900527954,0.8708257079124451,-0.8674715161323547,-1.563955545425415,0.7332834005355835,2.0831847190856934,-1.5722107887268066
1.39095938205719,0.8673434257507324,-0.86661297082901,-1.569173812866211,0.7313880324363708,2.0859556198120117,-1.5508774518966675
1.3909136056900024,0.8638824820518494,-0.8657820224761963,-1.5743632316589355,0.7295163869857788,2.088707447052002,-1.5295441150665283
1.3908629417419434,0.8604432940483093,-0.8649779558181763,-1.579524278640747,0.7276684045791626,2.091440439224243,-1.5082108974456787
1.3908063173294067,0.8570240139961243,-0.8641985058784485,-1.5846574306488037,0.7258423566818237,2.094155788421631,-1.4868775606155396
1.3907445669174194,0.8536254167556763,-0.8634446263313293,-1.5897626876831055,0.7240382432937622,2.096853256225586,-1.4655442237854004
1.39067804813385,0.850247323513031,-0.8627162575721741,-1.5948405265808105,0.7222565412521362,2.099532127380371,-1.4442110061645508
1.3906059265136719,0.8468887209892273,-0.8620114922523499,-1.5998914241790771,0.7204947471618652,2.102193832397461,-1.4228776693344116
1.3905292749404907,0.8435500860214233,-0.8613311052322388,-1.6049156188964844,0.7187538146972656,2.1048381328582764,-1.401544451713562
1.3904473781585693,0.8402296304702759,-0.8606736063957214,-1.6099135875701904,0.7170323729515076,2.107465982437134,-1.3802111148834229
1.3903602361679077,0.8369285464286804,-0.8600389361381531,-1.6148850917816162,0.7153301239013672,2.110076427459717,-1.3588777780532837
1.390268087387085,0.8336458206176758,-0.8594266176223755,-1.6198313236236572,0.713646411895752,2.112671136856079,-1.337544560432434
1.3901708126068115,0.8303806185722351,-0.8588358759880066,-1.6247522830963135,0.7119818329811096,2.1152498722076416,-1.316211223602295
1.390068769454956,0.8271333575248718,-0.8582667708396912,-1.6296477317810059,0.7103337645530701,2.117812395095825,-1.2948778867721558
1.389960765838623,0.8239038586616516,-0.8577179908752441,-1.6345183849334717,0.7087030410766602,2.1203596591949463,-1.2735446691513062
1.3898484706878662,0.8206916451454163,-0.8571902513504028,-1.63936448097229,0.7070895433425903,2.1228911876678467,-1.252211332321167
1.3897308111190796,0.8174963593482971,-0.8566827178001404,-1.6441859006881714,0.7054926156997681,2.1254074573516846,-1.2308781147003174
1.3896071910858154,0.814317524433136,-0.8561935424804688,-1.6489834785461426,0.7039103507995605,2.1279091835021973,-1.2095447778701782
1.3894798755645752,0.8111550807952881,-0.8557251691818237,-1.6537573337554932,0.7023447155952454,2.1303961277008057,-1.188211441040039
1.3893433809280396,0.8080066442489624,-0.855270504951477,-1.6585075855255127,0.7007892727851868,2.1328701972961426,-1.1668782234191895
1.3892040252685547,0.8048760294914246,-0.8548377156257629,-1.6632343530654907,0.6992514133453369,2.135329008102417,-1.1455448865890503
1.3890604972839355,0.8017609119415283,-0.8544238209724426,-1.6679383516311646,0.6977289915084839,2.137773275375366,-1.1242115497589111
1.3889105319976807,0.7986611127853394,-0.8540264368057251,-1.672619104385376,0.6962192058563232,2.1402039527893066,-1.102878212928772
1.3887560367584229,0.7955765724182129,-0.8536472320556641,-1.6772773265838623,0.6947232484817505,2.1426210403442383,-1.0815448760986328
1.3885962963104248,0.7925073504447937,-0.8532852530479431,-1.6819132566452026,0.6932410001754761,2.145024299621582,-1.0602116584777832
1.3884316682815552,0.789452314376831,-0.8529402613639832,-1.6865270137786865,0.6917708516120911,2.147414207458496,-1.038878321647644
1.3882607221603394,0.7864118218421936,-0.8526105284690857,-1.691118597984314,0.6903126835823059,2.149791717529297,-1.0175451040267944
1.388085126876831,0.7833858132362366,-0.8522976636886597,-1.6956887245178223,0.6888671517372131,2.152155876159668,-0.9962117671966553
1.3879040479660034,0.7803736925125122,-0.8520002365112305,-1.7002372741699219,0.6874329447746277,2.154507637023926,-0.9748784899711609
1.3877183198928833,0.777376115322113,-0.8517195582389832,-1.7047642469406128,0.6860110759735107,2.156845808029175,-0.9535452127456665
1.3875263929367065,0.7743919491767883,-0.8514527678489685,-1.7092701196670532,0.6845995187759399,2.159172296524048,-0.9322118759155273
1.3873295783996582,0.7714210748672485,-0.8512014746665955,-1.7137551307678223,0.6831984519958496,2.1614863872528076,-0.910878598690033
1.3871269226074219,0.7684633135795593,-0.8509641885757446,-1.71821928024292,0.6818082332611084,2.1637890338897705,-0.8895453214645386
1.3869194984436035,0.7655187845230103,-0.8507421612739563,-1.7226629257202148,0.680428147315979,2.166079044342041,-0.8682120442390442
1.3867067098617554,0.7625874280929565,-0.850534200668335,-1.7270857095718384,0.6790581941604614,2.1683568954467773,-0.846878707408905
1.3864887952804565,0.7596688866615295,-0.8503406047821045,-1.731488823890686,0.6776980757713318,2.170623540878296,-0.8255454301834106
1.3862656354904175,0.7567633390426636,-0.8501607179641724,-1.73587167263031,0.6763472557067871,2.1728780269622803,-0.8042121529579163
1.3860362768173218,0.7538695931434631,-0.8499935865402222,-1.740234613418579,0.6750051379203796,2.175122022628784,-0.7828788757324219
1.3858017921447754,0.7509883642196655,-0.8498402833938599,-1.7445777654647827,0.6736724972724915,2.177354097366333,-0.7615455985069275
1.3855628967285156,0.7481192350387573,-0.8497006297111511,-1.748901605606079,0.6723483204841614,2.179574966430664,-0.7402122020721436
1.3853166103363037,0.7452616095542908,-0.8495713472366333,-1.7532058954238892,0.671031653881073,2.181786060333252,-0.7188789248466492
1.3850657939910889,0.7424165606498718,-0.8494563102722168,-1.7574909925460815,0.6697239875793457,2.1839852333068848,-0.69754558801651
1.384809970855713,0.7395826578140259,-0.849354088306427,-1.7617568969726562,0.6684242486953735,2.186173915863037,-0.6762123703956604
1.3845484256744385,0.7367608547210693,-0.8492635488510132,-1.766003966331482,0.6671320796012878,2.188351631164551,-0.654879093170166
1.3842811584472656,0.7339503169059753,-0.8491852879524231,-1.7702319622039795,0.665847897529602,2.190518856048584,-0.6335458159446716
1.3840088844299316,0.7311509251594543,-0.8491189479827881,-1.7744415998458862,0.6645704507827759,2.192675828933716,-0.6122125387191772
1.3837305307388306,0.7283626794815063,-0.8490636348724365,-1.7786327600479126,0.6633002758026123,2.194822311401367,-0.5908790826797485
1.3834471702575684,0.7255852818489075,-0.8490201830863953,-1.7828054428100586,0.6620368361473083,2.1969590187072754,-0.5695458054542542
1.3831579685211182,0.7228190898895264,-0.848987877368927,-1.7869597673416138,0.6607801914215088,2.199085235595703,-0.5482125878334045
1.3828628063201904,0.720063328742981,-0.848966121673584,-1.7910962104797363,0.6595293879508972,2.201201915740967,-0.5268792510032654
1.3825629949569702,0.7173184752464294,-0.8489564657211304,-1.7952146530151367,0.658285915851593,2.20330810546875,-0.505545973777771
1.3822567462921143,0.7145838737487793,-0.8489565253257751,-1.7993152141571045,0.6570480465888977,2.2054052352905273,-0.484212726354599
1.381946086883545,0.7118602395057678,-0.8489687442779541,-1.8033978939056396,0.655816376209259,2.207491397857666,-0.4628794491291046
1.381629228591919,0.7091463208198547,-0.848990261554718,-1.80746328830719,0.6545902490615845,2.209568977355957,-0.4415460228919983
1.3813059329986572,0.7064428329467773,-0.8490215539932251,-1.8115109205245972,0.653369128704071,2.211637020111084,-0.4202127456665039
1.3809776306152344,0.7037491798400879,-0.8490636944770813,-1.8155415058135986,0.6521538496017456,2.213695526123047,-0.3988794982433319
1.3806426525115967,0.7010650634765625,-0.8491142988204956,-1.8195546865463257,0.6509432792663574,2.215745449066162,-0.3775462210178375
1.3803032636642456,0.6983914971351624,-0.8491765856742859,-1.823550820350647,0.649738609790802,2.217785120010376,-0.35621291399002075
1.3799577951431274,0.6957273483276367,-0.8492478728294373,-1.8275299072265625,0.6485382914543152,2.219815969467163,-0.33487966656684875
1.37960684299469,0.693073034286499,-0.8493289351463318,-1.8314918279647827,0.6473429203033447,2.2218375205993652,-0.31354638934135437
1.3792505264282227,0.6904283165931702,-0.8494200706481934,-1.8354370594024658,0.6461521983146667,2.2238497734069824,-0.29221296310424805
1.3788877725601196,0.6877927780151367,-0.8495193719863892,-1.8393659591674805,0.6449660062789917,2.22585391998291,-0.27087968587875366
1.378519058227539,0.6851668953895569,-0.8496279120445251,-1.8432780504226685,0.6437833905220032,2.227849006652832,-0.24954642355442047
1.3781450986862183,0.6825500130653381,-0.8497458100318909,-1.8471735715866089,0.6426056027412415,2.229835033416748,-0.2282131463289261
1.3777647018432617,0.6799424290657043,-0.8498721718788147,-1.8510527610778809,0.6414313912391663,2.2318129539489746,-0.2068798542022705
1.3773789405822754,0.6773436665534973,-0.8500073552131653,-1.8549158573150635,0.6402611136436462,2.2337820529937744,-0.18554659187793732
1.3769867420196533,0.67475426197052,-0.8501508235931396,-1.8587623834609985,0.6390944719314575,2.2357423305511475,-0.164213165640831
1.376589059829712,0.6721736788749695,-0.8503031730651855,-1.8625930547714233,0.6379314661026001,2.237694263458252,-0.1428799033164978
1.3761866092681885,0.6696017384529114,-0.8504649996757507,-1.8664077520370483,0.6367719769477844,2.2396373748779297,-0.12154661118984222
1.375777006149292,0.6670385599136353,-0.8506338000297546,-1.870206356048584,0.635615348815918,2.241572856903076,-0.10021335631608963
1.3753615617752075,0.6644845008850098,-0.850811243057251,-1.8739891052246094,0.6344625949859619,2.243499517440796,-0.07888007164001465
1.374940276145935,0.6619382500648499,-0.8509962558746338,-1.8777564764022827,0.6333123445510864,2.2454185485839844,-0.05754678323864937
1.3745126724243164,0.6594009399414062,-0.8511892557144165,-1.8815078735351562,0.6321650743484497,2.2473292350769043,-0.036213524639606476
1.3740794658660889,0.6568719148635864,-0.8513899445533752,-1.8852438926696777,0.6310208439826965,2.2492318153381348,-0.014880117028951645
1.3736404180526733,0.654351532459259,-0.8515992164611816,-1.8889641761779785,0.6298789978027344,2.2511260509490967,0.006453170441091061
1.3731950521469116,0.6518391966819763,-0.8518152832984924,-1.8926692008972168,0.6287400126457214,2.2530126571655273,0.027786457911133766
1.3727437257766724,0.6493349075317383,-0.8520389795303345,-1.8963589668273926,0.6276025772094727,2.2548916339874268,0.04911971464753151
1.3722866773605347,0.6468389630317688,-0.8522705435752869,-1.9000332355499268,0.626468300819397,2.2567620277404785,0.07045300304889679
1.3718229532241821,0.6443508863449097,-0.8525089621543884,-1.9036924839019775,0.6253363490104675,2.2586252689361572,0.09178625792264938
1.3713536262512207,0.64187091588974,-0.8527548313140869,-1.907336711883545,0.6242061257362366,2.2604804039001465,0.11311955004930496
1.3708782196044922,0.6393990516662598,-0.8530080318450928,-1.9109656810760498,0.6230779886245728,2.2623279094696045,0.1344529539346695
1.3703956604003906,0.636935293674469,-0.853267252445221,-1.9145798683166504,0.621951699256897,2.2641677856445312,0.15578624606132507
1.3699073791503906,0.6344788074493408,-0.8535337448120117,-1.9181791543960571,0.6208271384239197,2.266000509262085,0.17711952328681946
1.369412899017334,0.6320300698280334,-0.8538071513175964,-1.92176353931427,0.6197044253349304,2.2678256034851074,0.19845278561115265
1.3689128160476685,0.6295895576477051,-0.8540877103805542,-1.9253332614898682,0.6185826659202576,2.2696425914764404,0.21978607773780823
1.3684054613113403,0.6271563172340393,-0.8543741703033447,-1.9288880825042725,0.6174634099006653,2.2714526653289795,0.24111934006214142
1.3678921461105347,0.6247305870056152,-0.8546673655509949,-1.9324284791946411,0.6163445115089417,2.2732553482055664,0.262452632188797
1.3673725128173828,0.6223124265670776,-0.8549670577049255,-1.9359543323516846,0.6152277588844299,2.2750508785247803,0.28378602862358093
1.366847038269043,0.6199015974998474,-0.855273425579071,-1.9394656419754028,0.6141114830970764,2.276838779449463,0.3051193058490753
1.3663157224655151,0.6174984574317932,-0.8555867671966553,-1.942962646484375,0.6129973530769348,2.2786190509796143,0.3264525830745697
1.3657768964767456,0.6151025891304016,-0.8559051752090454,-1.9464449882507324,0.6118831038475037,2.2803924083709717,0.3477858603000641
1.331880807876587,0.5867540240287781,-0.8201618194580078,-1.9610158205032349,0.5737365484237671,2.2996723651885986,0.37644162774086
1.2964692115783691,0.5600647926330566,-0.7839359641075134,-1.9751935005187988,0.5364187359809875,2.317469596862793,0.4050973951816559
1.2594263553619385,0.534914493560791,-0.7470082640647888,-1.9889817237854004,0.4998171627521515,2.3339076042175293,0.4337531626224518
1.2206264734268188,0.5112042427062988,-0.7091657519340515,-2.0023841857910156,0.46383604407310486,2.349092721939087,0.4624089300632477
1.1799373626708984,0.48885640501976013,-0.6702002286911011,-2.015404224395752,0.4283919930458069,2.3631138801574707,0.49106472730636597
1.1372194290161133,0.4678117036819458,-0.6299055218696594,-2.0280447006225586,0.39341500401496887,2.3760485649108887,0.5197204947471619
1.0923261642456055,0.4480259120464325,-0.5880768299102783,-2.0403079986572266,0.3588414490222931,2.3879637718200684,0.5483762621879578
1.0451130867004395,0.42946889996528625,-0.5445184707641602,-2.0521955490112305,0.3246173560619354,2.398916244506836,0.5770320296287537
0.9954370260238647,0.41212430596351624,-0.4990401268005371,-2.0637106895446777,0.29069462418556213,2.4089560508728027,0.6056877970695496
0.9431645274162292,0.39598745107650757,-0.451466828584671,-2.0748538970947266,0.2570302188396454,2.418126106262207,0.6343435645103455
0.8881789445877075,0.38106414675712585,-0.40164196491241455,-2.0856270790100098,0.22358599305152893,2.4264636039733887,0.6629993319511414
0.8303905725479126,0.3673713505268097,-0.34944355487823486,-2.096031665802002,0.1903274804353714,2.434000015258789,0.6916550993919373
0.7697453498840332,0.354934424161911,-0.2947837710380554,-2.1060686111450195,0.1572233885526657,2.4407637119293213,0.7203108668327332
0.7224088907241821,0.3283770978450775,-0.2804892957210541,-2.144871234893799,0.14154309034347534,2.4563498497009277,0.6950252056121826
0.6683590412139893,0.30363208055496216,-0.2612954080104828,-2.1802806854248047,0.12451738119125366,2.470417022705078,0.6697395443916321
0.6066313982009888,0.28080737590789795,-0.23617781698703766,-2.2123076915740967,0.10615212470293045,2.4829773902893066,0.6444538831710815
0.5362069010734558,0.2600555121898651,-0.20403461158275604,-2.24094295501709,0.08647644519805908,2.4940366744995117,0.619168221950531
0.45612621307373047,0.24157167971134186,-0.16379787027835846,-2.2661638259887695,0.06554526090621948,2.503596067428589,0.5938825607299805
0.36567890644073486,0.2255934774875641,-0.11461802572011948,-2.2879385948181152,0.043439704924821854,2.5116515159606934,0.5685968995094299
0.26468732953071594,0.21239179372787476,-0.05615468695759773,-2.3062291145324707,0.020267074927687645,2.518198013305664,0.5433111786842346
0.15385839343070984,0.20224778354167938,0.011080420576035976,-2.320998191833496,-0.0038394539151340723,2.5232303142547607,0.5180255770683289
0.035081446170806885,0.19542117416858673,0.08541823923587799,-2.3322105407714844,-0.028723236173391342,2.526742696762085,0.49273988604545593
-0.15232253074645996,0.199239119887352,0.26682278513908386,-2.3356142044067383,-0.09050377458333969,2.52604603767395,0.5231968760490417
-0.32812073826789856,0.20956777036190033,0.4365905523300171,-2.338286876678467,-0.15233081579208374,2.523200511932373,0.5536538362503052
-0.4853519797325134,0.225758895277977,0.5878602862358093,-2.3402347564697266,-0.21426713466644287,2.5181519985198975,0.5841107368469238
-0.6215611100196838,0.24705462157726288,0.7182793617248535,-2.341463565826416,-0.27638018131256104,2.510810375213623,0.614567756652832
-0.7375970482826233,0.27279117703437805,0.8288040161132812,-2.3419830799102783,-0.33874452114105225,2.501044511795044,0.6450246572494507
-0.835929811000824,0.3025053143501282,0.9220190048217773,-2.3418025970458984,-0.4014469385147095,2.488675117492676,0.6754816174507141
-0.9194499850273132,0.3359586298465729,1.0009394884109497,-2.340935230255127,-0.46459147334098816,2.4734671115875244,0.7059386372566223
-0.9908620119094849,0.3731307089328766,1.0684103965759277,-2.3393940925598145,-0.5283061265945435,2.4551126956939697,0.7363955974578857
-1.0524550676345825,0.41420602798461914,1.1268829107284546,-2.3371951580047607,-0.592751145362854,2.433216094970703,0.7668525576591492
-1.106083631515503,0.4595780074596405,1.1784006357192993,-2.3343544006347656,-0.6581352949142456,2.4072604179382324,0.7973094582557678
-1.153211236000061,0.5098738670349121,1.224665880203247,-2.3308908939361572,-0.7247340679168701,2.3765652179718018,0.8277664184570312
-1.1949714422225952,0.566010594367981,1.2671163082122803,-2.3268239498138428,-0.792923629283905,2.3402206897735596,0.8582233786582947
-1.2322286367416382,0.6293103098869324,1.3070261478424072,-2.322174549102783,-0.863236129283905,2.2969698905944824,0.8886803388595581
-1.2415153980255127,0.582386314868927,1.3078044652938843,-2.3520278930664062,-0.8232879638671875,2.331739902496338,0.8579777479171753
-1.2533676624298096,0.5387657880783081,1.312954306602478,-2.381453514099121,-0.7849122881889343,2.3634541034698486,0.8272752165794373
-1.2682609558105469,0.4980553388595581,1.3227300643920898,-2.4104666709899902,-0.7478213906288147,2.3924951553344727,0.7965726256370544
-1.2867634296417236,0.45996326208114624,1.337528109550476,-2.4390816688537598,-0.7117852568626404,2.4191651344299316,0.7658700346946716
-1.3095533847808838,0.42427539825439453,1.3578907251358032,-2.4673125743865967,-0.6766128540039062,2.4437098503112793,0.7351675033569336
-1.3374460935592651,0.39084792137145996,1.384524941444397,-2.4951701164245605,-0.6421433091163635,2.46632981300354,0.7044649124145508
-1.371422529220581,0.3596000075340271,1.4183268547058105,-2.5226659774780273,-0.6082395315170288,2.487190008163452,0.6737623810768127
-1.412642002105713,0.3305147886276245,1.4603869915008545,-2.549809455871582,-0.5747817754745483,2.5064282417297363,0.6430597901344299
-1.4624485969543457,0.3036420941352844,1.5119953155517578,-2.5766098499298096,-0.541663408279419,2.5241613388061523,0.6123571991920471
-1.5223524570465088,0.27910715341567993,1.5746203660964966,-2.603074550628662,-0.5087895393371582,2.5404820442199707,0.5816546678543091
-1.5938940048217773,0.2571119964122772,1.649771809577942,-2.6292099952697754,-0.47607195377349854,2.5554728507995605,0.5509520769119263
-1.6784427165985107,0.23794521391391754,1.7387967109680176,-2.6550230979919434,-0.4434298872947693,2.569199562072754,0.5202494859695435
-1.7767729759216309,0.2219691425561905,1.842456340789795,-2.680518388748169,-0.4107864797115326,2.5817158222198486,0.4895469546318054
-1.8234950304031372,0.2353571504354477,1.8572781085968018,-2.6890997886657715,-0.43259239196777344,2.5787763595581055,0.46309900283813477
-1.8650665283203125,0.2491084784269333,1.866508960723877,-2.696566581726074,-0.4550095200538635,2.5751395225524902,0.4366510808467865
-1.9021532535552979,0.26319068670272827,1.8708877563476562,-2.702902317047119,-0.47798457741737366,2.5707905292510986,0.41020312905311584
-1.9353151321411133,0.2775895297527313,1.87105393409729,-2.70809268951416,-0.5014585256576538,2.565716028213501,0.3837551772594452
-1.9650310277938843,0.29230430722236633,1.8675739765167236,-2.712125301361084,-0.5253705978393555,2.55989933013916,0.35730722546577454
-1.9917048215866089,0.307346373796463,1.8609387874603271,-2.7149910926818848,-0.549653947353363,2.55332612991333,0.33085930347442627
-2.015683650970459,0.32273799180984497,1.8515931367874146,-2.716684341430664,-0.5742418766021729,2.545980930328369,0.3044113516807556
-2.0372698307037354,0.33850905299186707,1.839937686920166,-2.7172019481658936,-0.5990653038024902,2.5378475189208984,0.27796339988708496
-2.056729316711426,0.35469651222229004,1.8263390064239502,-2.7165443897247314,-0.6240554451942444,2.5289106369018555,0.2515154778957367
-2.0742976665496826,0.3713443875312805,1.8111335039138794,-2.714715003967285,-0.6491460800170898,2.5191526412963867,0.22506752610206604
-2.0901854038238525,0.3884976804256439,1.7946325540542603,-2.711721181869507,-0.6742722392082214,2.508559226989746,0.19861958920955658
-2.1045844554901123,0.406207799911499,1.7771267890930176,-2.7075726985931396,-0.6993739604949951,2.497112274169922,0.17217163741588593
-2.117669105529785,0.4245254099369049,1.7588878870010376,-2.702282190322876,-0.7243961691856384,2.484795093536377,0.14572370052337646
-2.1318416595458984,0.42511022090911865,1.736517310142517,-2.6902670860290527,-0.7256200313568115,2.4817705154418945,0.12250863760709763
-2.141833782196045,0.4251359701156616,1.7113850116729736,-2.6764302253723145,-0.7257037162780762,2.4787802696228027,0.09929357469081879
-2.1476850509643555,0.4246499836444855,1.6835856437683105,-2.660830020904541,-0.7245563864707947,2.475834846496582,0.07607851922512054
-2.149425983428955,0.42371615767478943,1.6531826257705688,-2.643524646759033,-0.7221080660820007,2.4729347229003906,0.05286344885826111
-2.147088050842285,0.42241665720939636,1.6202198266983032,-2.624569892883301,-0.7183085083961487,2.470066547393799,0.029648393392562866
-2.1407032012939453,0.4208478033542633,1.584723949432373,-2.6040191650390625,-0.7131258249282837,2.4672064781188965,0.006433333735913038
-2.1303114891052246,0.4191189110279083,1.5467133522033691,-2.5819225311279297,-0.7065417766571045,2.464322090148926,-0.016781723126769066
-2.115964889526367,0.41735005378723145,1.506205439567566,-2.5583248138427734,-0.6985543966293335,2.4613723754882812,-0.03999679908156395
-2.0977301597595215,0.41566920280456543,1.4632210731506348,-2.5332655906677246,-0.6891700625419617,2.458311080932617,-0.06321185827255249
-2.075700044631958,0.41421210765838623,1.4177982807159424,-2.5067782402038574,-0.6784064173698425,2.4550864696502686,-0.08642691373825073
-2.049994945526123,0.4131183922290802,1.3699954748153687,-2.4788901805877686,-0.6662859320640564,2.451643943786621,-0.10964199155569077
-2.0207715034484863,0.4125295877456665,1.3199024200439453,-2.4496216773986816,-0.6528372764587402,2.447925567626953,-0.1328570395708084
-1.9882206916809082,0.41258904337882996,1.267638921737671,-2.418985366821289,-0.6380911469459534,2.443873167037964,-0.15607209503650665
-1.952580451965332,0.4134380519390106,1.213366150856018,-2.386986494064331,-0.6220810413360596,2.439425468444824,-0.1792871505022049
-1.9141230583190918,0.4152146279811859,1.157282829284668,-2.3536217212677,-0.6048380732536316,2.4345223903656006,-0.20250222086906433
-1.8731673955917358,0.4180516302585602,1.0996276140213013,-2.3188796043395996,-0.5863939523696899,2.429100513458252,-0.22571730613708496
-1.8300586938858032,0.4220767915248871,1.0406649112701416,-2.28273868560791,-0.5667773485183716,2.423097610473633,-0.248932346701622
-1.7851715087890625,0.42740926146507263,0.9806867241859436,-2.2451682090759277,-0.5460121631622314,2.4164481163024902,-0.27214741706848145
-1.7388930320739746,0.4341623783111572,0.9199950695037842,-2.2061262130737305,-0.5241180062294006,2.409085273742676,-0.2953624427318573
-1.6916162967681885,0.4424411952495575,0.8588953018188477,-2.165558099746704,-0.5011082291603088,2.400938034057617,-0.31857752799987793
-1.643722414970398,0.45234405994415283,0.7976772785186768,-2.123396396636963,-0.4769872725009918,2.3919310569763184,-0.34179261326789856
-1.595571756362915,0.4639674127101898,0.7366042733192444,-2.079557180404663,-0.45175161957740784,2.381984233856201,-0.3650076687335968
-1.5474978685379028,0.4774042069911957,0.6759065985679626,-2.0339388847351074,-0.4253862500190735,2.371006488800049,-0.38822272419929504
-1.5400891304016113,0.4800378978252411,0.6725131273269653,-2.0287787914276123,-0.42488864064216614,2.3691325187683105,-0.40914130210876465
-1.5327472686767578,0.48270925879478455,0.6691799759864807,-2.02357816696167,-0.42442208528518677,2.3672327995300293,-0.43005990982055664
-1.5254703760147095,0.4854172468185425,0.6659057140350342,-2.018336534500122,-0.4239855706691742,2.365307331085205,-0.45097848773002625
-1.5182602405548096,0.4881622791290283,0.6626921892166138,-2.013054370880127,-0.42357900738716125,2.363355875015259,-0.47189706563949585
-1.511115550994873,0.49094411730766296,0.6595382690429688,-2.0077309608459473,-0.4232022762298584,2.3613781929016113,-0.49281567335128784
-1.5040358304977417,0.4937635362148285,0.656444251537323,-2.002366065979004,-0.42285680770874023,2.359374761581421,-0.5137342810630798
-1.4970219135284424,0.49661949276924133,0.6534107327461243,-1.9969598054885864,-0.4225415885448456,2.35734486579895,-0.5346528887748718
-1.4900736808776855,0.4995119571685791,0.6504378914833069,-1.9915119409561157,-0.42225733399391174,2.355288505554199,-0.555571436882019
-1.4831897020339966,0.502441942691803,0.647524893283844,-1.9860221147537231,-0.4220042824745178,2.353206157684326,-0.576490044593811
-1.4763712882995605,0.5054084062576294,0.6446731090545654,-1.9804902076721191,-0.42178231477737427,2.3510968685150146,-0.597408652305603
-1.4696171283721924,0.5084117650985718,0.6418816447257996,-1.974915862083435,-0.42159178853034973,2.3489608764648438,-0.6183272004127502
-1.4629288911819458,0.5114519000053406,0.639152467250824,-1.969299077987671,-0.42143329977989197,2.346797466278076,-0.6392458081245422
-1.4563040733337402,0.514529287815094,0.6364833116531372,-1.9636391401290894,-0.4213066101074219,2.344607353210449,-0.6601644158363342
-1.449743390083313,0.5176441073417664,0.63387531042099,-1.95793616771698,-0.42121198773384094,2.3423898220062256,-0.6810830235481262
-1.4432464838027954,0.5207951068878174,0.6313285231590271,-1.9521900415420532,-0.4211498498916626,2.3401451110839844,-0.7020015716552734
-1.4368131160736084,0.5239839553833008,0.6288430094718933,-1.9463999271392822,-0.42112094163894653,2.3378725051879883,-0.7229201197624207
-1.4304437637329102,0.5272095799446106,0.6264194846153259,-1.9405661821365356,-0.42112401127815247,2.3355720043182373,-0.7438387870788574
-1.4241375923156738,0.5304728150367737,0.6240577697753906,-1.9346879720687866,-0.4211609661579132,2.3332431316375732,-0.7647573351860046
-1.4178926944732666,0.5337727665901184,0.6217559576034546,-1.9287654161453247,-0.4212309718132019,2.3308868408203125,-0.7856759428977966
-1.4117116928100586,0.5371105074882507,0.61951744556427,-1.9227980375289917,-0.4213353991508484,2.3285014629364014,-0.8065945506095886
-1.405592679977417,0.5404855608940125,0.6173405051231384,-1.916785478591919,-0.4214731454849243,2.326087474822998,-0.8275130987167358
-1.3995345830917358,0.5438984036445618,0.6152245998382568,-1.9107270240783691,-0.42164549231529236,2.3236446380615234,-0.8484317064285278
-1.3935377597808838,0.5473493933677673,0.613170325756073,-1.90462327003479,-0.42185208201408386,2.3211731910705566,-0.869350254535675
-1.3876028060913086,0.5508377552032471,0.6111790537834167,-1.8984730243682861,-0.422094464302063,2.318671464920044,-0.8902689218521118
-1.381727933883667,0.5543645024299622,0.6092492341995239,-1.8922761678695679,-0.4223712980747223,2.316141128540039,-0.9111875295639038
-1.3759132623672485,0.5579292178153992,0.6073815226554871,-1.8860323429107666,-0.42268434166908264,2.31358003616333,-0.932106077671051
-1.3701591491699219,0.5615323781967163,0.6055766940116882,-1.8797411918640137,-0.42303404211997986,2.3109889030456543,-0.9530246257781982
-1.364463448524475,0.5651746392250061,0.6038332581520081,-1.8734019994735718,-0.4234195053577423,2.30836820602417,-0.973943293094635
-1.3588272333145142,0.5688556432723999,0.6021527051925659,-1.8670148849487305,-0.42384180426597595,2.305716037750244,-0.9948618412017822
-1.3532507419586182,0.5725752115249634,0.6005357503890991,-1.8605788946151733,-0.424301415681839,2.303032636642456,-1.0157804489135742
-1.3477312326431274,0.576334536075592,0.5989804267883301,-1.8540937900543213,-0.4247989058494568,2.300318479537964,-1.0366990566253662
-1.3422703742980957,0.5801331400871277,0.5974887013435364,-1.8475592136383057,-0.4253348410129547,2.297572135925293,-1.0576175451278687
-1.3368661403656006,0.5839719772338867,0.5960593223571777,-1.8409746885299683,-0.42590805888175964,2.294794797897339,-1.0785362720489502
-1.3315197229385376,0.5878501534461975,0.5946939587593079,-1.8343393802642822,-0.4265214502811432,2.2919840812683105,-1.0994547605514526
-1.3262295722961426,0.5917690992355347,0.5933917164802551,-1.827652931213379,-0.42717424035072327,2.2891414165496826,-1.1203733682632446
-1.3209954500198364,0.5957288146018982,0.5921531915664673,-1.8209148645401,-0.4278673529624939,2.2862651348114014,-1.1412919759750366
-1.315816879272461,0.5997291803359985,0.5909783244132996,-1.8141247034072876,-0.42860037088394165,2.283355951309204,-1.1622105836868286
-1.3106900453567505,0.6037695407867432,0.5898634791374207,-1.8072819709777832,-0.42937156558036804,2.2804136276245117,-1.1831291913986206
-1.3056230545043945,0.607853889465332,0.5888189673423767,-1.8003853559494019,-0.4301888942718506,2.277435541152954,-1.204047679901123
-1.300608515739441,0.6119799017906189,0.5878370404243469,-1.7934348583221436,-0.4310474991798401,2.274423837661743,-1.224966287612915
-1.295648455619812,0.6161482334136963,0.5869205594062805,-1.7864296436309814,-0.4319493770599365,2.271376609802246,-1.2458850145339966
-1.2907421588897705,0.6203600764274597,0.5860700607299805,-1.7793692350387573,-0.4328952133655548,2.268293619155884,-1.266803503036499
-1.2858885526657104,0.6246147155761719,0.5852848887443542,-1.7722529172897339,-0.43388572335243225,2.2651748657226562,-1.287722110748291
-1.2810873985290527,0.628913402557373,0.5845656394958496,-1.7650798559188843,-0.4349207878112793,2.2620198726654053,-1.308640718460083
-1.2763384580612183,0.6332564949989319,0.5839131474494934,-1.7578493356704712,-0.43600186705589294,2.2588272094726562,-1.3295592069625854
-1.271640658378601,0.6376444697380066,0.5833268761634827,-1.7505607604980469,-0.4371291697025299,2.2555980682373047,-1.3504778146743774
-1.266993761062622,0.6420779228210449,0.5828080773353577,-1.7432130575180054,-0.43830394744873047,2.2523303031921387,-1.3713964223861694
-1.2623978853225708,0.6465572714805603,0.5823575258255005,-1.7358057498931885,-0.43952682614326477,2.249023914337158,-1.3923150300979614
-1.2578518390655518,0.6510835289955139,0.5819752812385559,-1.7283376455307007,-0.4407987892627716,2.245678186416626,-1.4132336378097534
-1.2533553838729858,0.6556563973426819,0.5816617608070374,-1.7208080291748047,-0.44212105870246887,2.242292881011963,-1.434152364730835
-1.2489092350006104,0.6602779626846313,0.5814191699028015,-1.7132163047790527,-0.44349566102027893,2.2388665676116943,-1.4550708532333374
-1.2445106506347656,0.664947509765625,0.5812456011772156,-1.7055608034133911,-0.4449200928211212,2.2353997230529785,-1.4759894609451294
-1.2401607036590576,0.6696670055389404,0.5811435580253601,-1.6978411674499512,-0.44639912247657776,2.231890916824341,-1.4969079494476318
-1.23585844039917,0.6744362711906433,0.5811132192611694,-1.6900560855865479,-0.447931706905365,2.228339672088623,-1.5178265571594238
-1.2316043376922607,0.6792562007904053,0.581156313419342,-1.6822049617767334,-0.4495197832584381,2.224745035171509,-1.5387451648712158
-1.2273961305618286,0.6841281056404114,0.5812720060348511,-1.674285888671875,-0.45116516947746277,2.221106767654419,-1.5596637725830078
-1.2232348918914795,0.6890525221824646,0.5814629197120667,-1.6662983894348145,-0.45286789536476135,2.2174229621887207,-1.5805822610855103
-1.2191193103790283,0.6940298080444336,0.5817286372184753,-1.658241629600525,-0.45462968945503235,2.2136943340301514,-1.6015009880065918
-1.215050220489502,0.6990625858306885,0.5820725560188293,-1.6501131057739258,-0.4564529061317444,2.2099177837371826,-1.6224195957183838
-1.2110249996185303,0.7041502594947815,0.5824924111366272,-1.641912579536438,-0.4583373963832855,2.2060952186584473,-1.6433382034301758
-1.2070443630218506,0.7092941999435425,0.582991361618042,-1.633638620376587,-0.46028611063957214,2.2022242546081543,-1.6642568111419678
-1.2031090259552002,0.7144960165023804,0.5835719704627991,-1.6252896785736084,-0.46230053901672363,2.198302984237671,-1.6851752996444702
-1.199216604232788,0.7197566032409668,0.5842332243919373,-1.6168642044067383,-0.4643816649913788,2.194331645965576,-1.7060939073562622
-1.1953675746917725,0.7250773906707764,0.584977924823761,-1.608360767364502,-0.466531902551651,2.1903088092803955,-1.7270123958587646
-1.191560983657837,0.7304587364196777,0.5858065485954285,-1.599778175354004,-0.46875205636024475,2.1862339973449707,-1.7479310035705566
-1.1877977848052979,0.7359028458595276,0.5867229700088501,-1.5911142826080322,-0.47104623913764954,2.1821041107177734,-1.7688497304916382
-1.1840757131576538,0.7414107918739319,0.5877266526222229,-1.5823678970336914,-0.4734147787094116,2.177919864654541,-1.7897682189941406
-1.1803950071334839,0.7469846606254578,0.5888202786445618,-1.5735368728637695,-0.47586047649383545,2.1736791133880615,-1.8106868267059326
-1.1767548322677612,0.7526249289512634,0.590005099773407,-1.564619541168213,-0.47838544845581055,2.1693811416625977,-1.8316054344177246
-1.1731559038162231,0.7583342790603638,0.5912854075431824,-1.5556137561798096,-0.48099270462989807,2.1650230884552,-1.8525240421295166
-1.169596552848816,0.7641134858131409,0.592661440372467,-1.5465178489685059,-0.4836847484111786,2.1606054306030273,-1.873442530632019
-1.1660771369934082,0.7699649333953857,0.5941367745399475,-1.5373296737670898,-0.4864644408226013,2.156125068664551,-1.894361138343811
-1.162596344947815,0.7758905291557312,0.5957130789756775,-1.5280470848083496,-0.48933449387550354,2.151581048965454,-1.9152798652648926
-1.1591548919677734,0.7818918824195862,0.5973944664001465,-1.518667221069336,-0.4922977685928345,2.1469712257385254,-1.936198353767395
-1.1557512283325195,0.7879711985588074,0.5991825461387634,-1.5091886520385742,-0.49535828828811646,2.14229416847229,-1.957116961479187
-1.1523849964141846,0.7941311001777649,0.6010806560516357,-1.4996075630187988,-0.49851906299591064,2.1375479698181152,-1.978035569190979
-1.1490565538406372,0.8003739714622498,0.6030934453010559,-1.4899225234985352,-0.5017848610877991,2.1327297687530518,-1.998954176902771
-1.145764946937561,0.8067011833190918,0.6052233576774597,-1.4801299571990967,-0.505158007144928,2.127838611602783,-2.0198726654052734
-1.1425094604492188,0.8131166100502014,0.6074746251106262,-1.4702274799346924,-0.5086445212364197,2.1228718757629395,-2.0407912731170654
-1.1392900943756104,0.8196231126785278,0.609852135181427,-1.4602112770080566,-0.5122483968734741,2.117826223373413,-2.0617098808288574
-1.1361063718795776,0.8262227177619934,0.6123597621917725,-1.4500787258148193,-0.515974760055542,2.1126997470855713,-2.0826284885406494
-1.1329572200775146,0.832919180393219,0.6150016188621521,-1.439826250076294,-0.5198276042938232,2.1074907779693604,-2.1035470962524414
-1.1298421621322632,0.8397159576416016,0.617783784866333,-1.4294500350952148,-0.5238139629364014,2.1021950244903564,-2.1244657039642334
-1.12676203250885,0.8466159701347351,0.6207125186920166,-1.4189462661743164,-0.5279399156570435,2.0968096256256104,-2.1453843116760254
-1.1237151622772217,0.8536233305931091,0.623792827129364,-1.408311367034912,-0.5322109460830688,2.091331958770752,-2.1663029193878174
-1.1207010746002197,0.8607438206672668,0.6270323395729065,-1.3975398540496826,-0.5366358757019043,2.0857574939727783,-2.1872215270996094
-1.117720365524292,0.8679787516593933,0.6304376125335693,-1.3866286277770996,-0.5412209033966064,2.0800833702087402,-2.2081401348114014
-1.1147708892822266,0.8753345608711243,0.6340157389640808,-1.3755717277526855,-0.5459736585617065,2.074306011199951,-2.2290587425231934
-1.1118533611297607,0.8828169107437134,0.6377761960029602,-1.3643643856048584,-0.5509047508239746,2.068420171737671,-2.2499773502349854
-1.1089669466018677,0.8904299736022949,0.6417281031608582,-1.353001356124878,-0.5560240745544434,2.0624213218688965,-2.2708957195281982
-1.1061105728149414,0.8981797099113464,0.6458799839019775,-1.3414759635925293,-0.5613398551940918,2.056305408477783,-2.2918143272399902
-1.1032849550247192,0.9060729146003723,0.6502450108528137,-1.3297832012176514,-0.5668655633926392,2.0500659942626953,-2.3127329349517822
-1.1004889011383057,0.9141164422035217,0.6548343300819397,-1.3179149627685547,-0.5726140141487122,2.0436975955963135,-2.333651542663574
-1.0977212190628052,0.9223172664642334,0.6596599817276001,-1.3058652877807617,-0.578596830368042,2.03719425201416,-2.354570150375366
-1.0949817895889282,0.9306839108467102,0.664737343788147,-1.2936248779296875,-0.5848314762115479,2.0305492877960205,-2.375488758087158
-1.0922709703445435,0.9392238855361938,0.670082688331604,-1.2811875343322754,-0.5913330912590027,2.023754835128784,-2.39640736579895
-1.0895860195159912,0.947948157787323,0.6757118105888367,-1.2685422897338867,-0.5981197357177734,2.016803741455078,-2.417325973510742
-1.0869284868240356,0.9568672776222229,0.6816474795341492,-1.2556800842285156,-0.6052143573760986,2.009685516357422,-2.438244342803955
-1.0842959880828857,0.9659913182258606,0.6879082918167114,-1.2425909042358398,-0.6126375794410706,2.002392292022705,-2.459162950515747
-1.0816891193389893,0.9753345847129822,0.6945211291313171,-1.229262351989746,-0.6204151511192322,1.9949116706848145,-2.480081796646118
-1.0791062116622925,0.9849113821983337,0.7015125751495361,-1.215681791305542,-0.6285765171051025,1.9872322082519531,-2.501000165939331
-1.076546549797058,0.9947353601455688,0.7089120149612427,-1.2018368244171143,-0.6371512413024902,1.9793422222137451,-2.521919012069702
-1.074009656906128,1.0048259496688843,0.7167564630508423,-1.187711238861084,-0.6461768746376038,1.9712246656417847,-2.542837619781494
-1.0715022087097168,1.0151965618133545,0.7250905632972717,-1.1732885837554932,-0.6556962728500366,1.9628640413284302,-2.563756227493286
-1.0690081119537354,1.0258814096450806,0.7339500188827515,-1.15855073928833,-0.6657558679580688,1.954241156578064,-2.584674596786499
-1.0665339231491089,1.0368998050689697,0.7433919310569763,-1.143476963043213,-0.676409125328064,1.9453343152999878,-2.605593204498291
-1.0640761852264404,1.0482797622680664,0.7534735798835754,-1.128044843673706,-0.687716007232666,1.936122179031372,-2.626512050628662
-1.0616382360458374,1.0600545406341553,0.7642722725868225,-1.1122288703918457,-0.6997552514076233,1.9265727996826172,-2.647430419921875
-1.0592148303985596,1.0722641944885254,0.7758672833442688,-1.0960006713867188,-0.7126088738441467,1.9166561365127563,-2.668349027633667
-1.0568053722381592,1.0849518775939941,0.7883574366569519,-1.079326868057251,-0.7263792753219604,1.9063342809677124,-2.689267635345459
