-0.2403026521205902,0.9825578927993774,-0.9650299549102783,-1.463573694229126,0.8486666083335876,1.9949860572814941,2.5741400718688965
-0.2460782527923584,0.9761205315589905,-0.9542135000228882,-1.463332176208496,0.8378496170043945,1.9999785423278809,2.554475784301758
-0.25188887119293213,0.9698315262794495,-0.9434572458267212,-1.4630794525146484,0.827133059501648,2.0048458576202393,2.534811496734619
-0.2577332556247711,0.9636862874031067,-0.9327582716941833,-1.462815761566162,0.8165140748023987,2.0095913410186768,2.5151469707489014
-0.2636118233203888,0.9576786756515503,-0.9221110939979553,-1.462540626525879,0.805986225605011,2.014220714569092,2.4954826831817627
-0.2695232629776001,0.9518076777458191,-0.9115152955055237,-1.462254524230957,0.7955484390258789,2.0187346935272217,2.475818395614624
-0.2754687964916229,0.9460663795471191,-0.9009639024734497,-1.4619569778442383,0.785193681716919,2.0231399536132812,2.4561541080474854
-0.2814478576183319,0.940453052520752,-0.8904556632041931,-1.4616479873657227,0.7749202251434326,2.027438163757324,2.4364898204803467
-0.2874593734741211,0.9349638223648071,-0.8799877762794495,-1.4613277912139893,0.7647239565849304,2.031632423400879,2.416825532913208
-0.2935034930706024,0.9295958876609802,-0.8695580363273621,-1.4609956741333008,0.7546030282974243,2.0357255935668945,2.3971610069274902
-0.2995796501636505,0.9243457317352295,-0.8591634035110474,-1.4606523513793945,0.7445535063743591,2.039720296859741,2.3774967193603516
-0.3056884706020355,0.9192097783088684,-0.8488004803657532,-1.4602975845336914,0.7345705628395081,2.0436198711395264,2.357832431793213
-0.3118290603160858,0.9141853451728821,-0.8384674787521362,-1.4599313735961914,0.7246536016464233,2.047426700592041,2.338168144226074
-0.3180014193058014,0.9092707633972168,-0.8281622529029846,-1.4595537185668945,0.7147997617721558,2.051143169403076,2.3185038566589355
-0.324205219745636,0.9044633507728577,-0.8178832530975342,-1.4591641426086426,0.7050061821937561,2.0547709465026855,2.298839569091797
-0.3304399847984314,0.8997609615325928,-0.8076285123825073,-1.4587631225585938,0.6952715516090393,2.058312177658081,2.279175043106079
-0.33670565485954285,0.8951603174209595,-0.7973955273628235,-1.458350419998169,0.6855924129486084,2.061769485473633,2.2595107555389404
-0.3430023491382599,0.8906604647636414,-0.7871827483177185,-1.45792555809021,0.6759665012359619,2.0651445388793945,2.2398464679718018
-0.34932941198349,0.8862590789794922,-0.776988685131073,-1.4574894905090332,0.6663922667503357,2.068439483642578,2.220182180404663
-0.355686217546463,0.881953775882721,-0.7668121457099915,-1.4570417404174805,0.656868040561676,2.0716552734375,2.2005178928375244
-0.36207303404808044,0.8777436017990112,-0.7566513419151306,-1.4565815925598145,0.6473920345306396,2.074794054031372,2.1808536052703857
-0.3684883415699005,0.8736268281936646,-0.7465065717697144,-1.4561100006103516,0.637963056564331,2.0778563022613525,2.161189079284668
-0.37493419647216797,0.8696007132530212,-0.736372709274292,-1.4556260108947754,0.6285768747329712,2.080846071243286,2.1415247917175293
-0.38140934705734253,0.8656646013259888,-0.7262505888938904,-1.4551301002502441,0.6192337274551392,2.083763360977173,2.1218605041503906
-0.3879128694534302,0.8618163466453552,-0.7161389589309692,-1.454622507095337,0.6099314093589783,2.086609363555908,2.102196216583252
-0.3944449722766876,0.8580554723739624,-0.7060366868972778,-1.4541029930114746,0.6006691455841064,2.089385747909546,2.0825319290161133
-0.40100517868995667,0.8543797731399536,-0.6959428787231445,-1.45357084274292,0.5914440155029297,2.0920937061309814,2.0628674030303955
-0.40759336948394775,0.8507884740829468,-0.6858563423156738,-1.4530267715454102,0.5822564363479614,2.0947341918945312,2.043203115463257
-0.41420838236808777,0.8472796082496643,-0.675776481628418,-1.4524712562561035,0.5731041431427002,2.097308874130249,2.023538827896118
-0.42085200548171997,0.8438535332679749,-0.6657008528709412,-1.4519023895263672,0.5639854669570923,2.099818706512451,2.0038745403289795
-0.4275214672088623,0.8405075073242188,-0.6556309461593628,-1.4513216018676758,0.5548999309539795,2.102264404296875,1.9842102527618408
-0.4342181980609894,0.8372412323951721,-0.6455636620521545,-1.4507286548614502,0.5458455085754395,2.104647636413574,1.9645458459854126
-0.4409411549568176,0.8340533971786499,-0.6354990601539612,-1.4501235485076904,0.5368215441703796,2.1069693565368652,1.944881558418274
-0.4476894736289978,0.8309437036514282,-0.62543785572052,-1.4495058059692383,0.5278273224830627,2.109229326248169,1.9252172708511353
-0.45446422696113586,0.8279098272323608,-0.615376353263855,-1.448875904083252,0.5188595652580261,2.1114306449890137,1.9055529832839966
-0.46126317977905273,0.8249527215957642,-0.6053172945976257,-1.4482331275939941,0.5099212527275085,2.1135716438293457,1.8858884572982788
-0.46808746457099915,0.8220699429512024,-0.5952575206756592,-1.4475781917572021,0.5010073781013489,2.115654945373535,1.8662241697311401
-0.474936842918396,0.8192612528800964,-0.5851964950561523,-1.4469103813171387,0.4921179711818695,2.1176810264587402,1.8465598821640015
-0.48180973529815674,0.8165255188941956,-0.5751349329948425,-1.446230411529541,0.48325297236442566,2.1196506023406982,1.8268954753875732
-0.4887067377567291,0.813862681388855,-0.5650713443756104,-1.4455375671386719,0.474410742521286,2.1215639114379883,1.8072311878204346
-0.49562710523605347,0.8112716674804688,-0.5550058484077454,-1.4448318481445312,0.46559056639671326,2.123422145843506,1.787566900253296
-0.5025708079338074,0.8087519407272339,-0.5449370741844177,-1.4441134929656982,0.4567912518978119,2.1252262592315674,1.7679026126861572
-0.5095365643501282,0.8063027858734131,-0.5348655581474304,-1.4433822631835938,0.4480120837688446,2.126976251602173,1.7482383251190186
-0.5165239572525024,0.8039225339889526,-0.5247913002967834,-1.4426383972167969,0.4392528533935547,2.1286725997924805,1.7285739183425903
-0.5235345363616943,0.8016121983528137,-0.5147111415863037,-1.4418821334838867,0.43051066994667053,2.1303179264068604,1.708909511566162
-0.5305655598640442,0.7993704080581665,-0.50462806224823,-1.4411120414733887,0.4217873513698578,2.1319100856781006,1.6892452239990234
-0.5376180410385132,0.7971966862678528,-0.49453920125961304,-1.4403297901153564,0.41307973861694336,2.1334517002105713,1.6695809364318848
-0.5446903705596924,0.7950906753540039,-0.48444634675979614,-1.4395339488983154,0.40438899397850037,2.134941339492798,1.6499165296554565
-0.5517826676368713,0.7930516004562378,-0.4743480980396271,-1.438725233078003,0.3957130014896393,2.136380910873413,1.6302522420883179
-0.6077842712402344,0.7623218297958374,-0.3863278329372406,-1.4587152004241943,0.31809788942337036,2.1589179039001465,1.6452827453613281
-0.6657628417015076,0.7367761135101318,-0.29945212602615356,-1.4774079322814941,0.24366755783557892,2.1774706840515137,1.6603132486343384
-0.7255099415779114,0.7159779071807861,-0.21326203644275665,-1.4948618412017822,0.17173366248607635,2.192478895187378,1.6753437519073486
-0.786759614944458,0.6996188163757324,-0.1274992823600769,-1.511131763458252,0.10176320374011993,2.2042617797851562,1.6903742551803589
-0.849196195602417,0.687486469745636,-0.04205255210399628,-1.5262644290924072,0.033323246985673904,2.213050603866577,1.7054047584533691
-0.9124546647071838,0.6794346570968628,0.04307221621274948,-1.54030179977417,-0.03394683822989464,2.2190053462982178,1.7204352617263794
-0.9761353731155396,0.6753703951835632,0.12778779864311218,-1.553283929824829,-0.10035999119281769,2.22222900390625,1.7354657649993896
-1.0398131608963013,0.6752442717552185,0.21194973587989807,-1.5652461051940918,-0.1661933958530426,2.2227725982666016,1.7504961490631104
-1.1030609607696533,0.6790445446968079,0.29539254307746887,-1.5762219429016113,-0.23170819878578186,2.2206385135650635,1.7655266523361206
-1.1654596328735352,0.6867989897727966,0.37795019149780273,-1.5862419605255127,-0.2971561849117279,2.215782880783081,1.7805571556091309
-1.2266196012496948,0.6985775828361511,0.4594881534576416,-1.5953352451324463,-0.36279234290122986,2.2081100940704346,1.7955876588821411
-1.2861900329589844,0.7144997715950012,0.5399221181869507,-1.603529930114746,-0.42888695001602173,2.1974692344665527,1.8106181621551514
-1.343872308731079,0.7347533702850342,0.6192466020584106,-1.6108522415161133,-0.49574223160743713,2.1836400032043457,1.8256486654281616
-1.3088284730911255,0.7068588733673096,0.567752480506897,-1.62992525100708,-0.4479769170284271,2.20375919342041,1.7942469120025635
-1.2725236415863037,0.681225597858429,0.5166612863540649,-1.6484557390213013,-0.4018588066101074,2.222022294998169,1.7628450393676758
-1.2349354028701782,0.657669186592102,0.46572908759117126,-1.6664650440216064,-0.3571564555168152,2.238609790802002,1.7314432859420776
-1.1960477828979492,0.636043906211853,0.41475731134414673,-1.6839723587036133,-0.31367987394332886,2.253671169281006,1.7000415325164795
-1.1558501720428467,0.6162344217300415,0.3635820150375366,-1.7009958028793335,-0.27126815915107727,2.2673301696777344,1.6686397790908813
-1.1143444776535034,0.5981495380401611,0.3120763599872589,-1.7175517082214355,-0.22978633642196655,2.2796902656555176,1.6372379064559937
-1.0715460777282715,0.5817167162895203,0.2601441442966461,-1.7336554527282715,-0.18912215530872345,2.2908387184143066,1.6058361530303955
-1.0274827480316162,0.5668802261352539,0.20771710574626923,-1.7493212223052979,-0.1491747796535492,2.3008499145507812,1.5744343996047974
-0.9822017550468445,0.5535956025123596,0.15475834906101227,-1.7645624876022339,-0.1098596453666687,2.309784412384033,1.5430325269699097
-0.9357677698135376,0.541830837726593,0.10125842690467834,-1.7793917655944824,-0.07110169529914856,2.317694902420044,1.5116307735443115
-0.8882647156715393,0.5315617322921753,0.04723504185676575,-1.7938207387924194,-0.03283298388123512,2.3246257305145264,1.4802290201187134
-0.8397979736328125,0.5227699279785156,-0.007265450898557901,-1.8078604936599731,0.005003559868782759,2.3306126594543457,1.4488271474838257
-0.7904934287071228,0.5154438018798828,-0.062170762568712234,-1.8215216398239136,0.0424625389277935,2.335685968399048,1.4174253940582275
-0.8315696716308594,0.5078737139701843,-0.018272778019309044,-1.832995891571045,0.012377322651445866,2.3407607078552246,1.4056804180145264
-0.8733238577842712,0.5012438297271729,0.026006411761045456,-1.8442261219024658,-0.017481176182627678,2.3452510833740234,1.3939354419708252
-0.9156846404075623,0.4955524206161499,0.07062029838562012,-1.8552172183990479,-0.047139305621385574,2.349170446395874,1.382190465927124
-0.9585710167884827,0.4907981753349304,0.11551080644130707,-1.8659735918045044,-0.07661855965852737,2.3525285720825195,1.3704454898834229
-1.0018928050994873,0.4869818687438965,0.1606093943119049,-1.876499891281128,-0.10594090074300766,2.355332851409912,1.3587005138397217
-1.0455524921417236,0.48410463333129883,0.2058391273021698,-1.8867998123168945,-0.135126993060112,2.3575899600982666,1.346955418586731
-1.0894485712051392,0.48216676712036133,0.25111764669418335,-1.8968784809112549,-0.1641957312822342,2.3593027591705322,1.3352104425430298
-1.1334699392318726,0.4811703860759735,0.29635247588157654,-1.9067387580871582,-0.1931643784046173,2.360473155975342,1.3234654664993286
-1.1775078773498535,0.4811166524887085,0.34145256876945496,-1.9163850545883179,-0.22205153107643127,2.361100912094116,1.3117204904556274
-1.2214480638504028,0.48200753331184387,0.3863212764263153,-1.9258209466934204,-0.2508726716041565,2.3611834049224854,1.2999755144119263
-1.2651801109313965,0.483843594789505,0.4308640658855438,-1.935050129890442,-0.2796453535556793,2.3607168197631836,1.288230538368225
-1.3085957765579224,0.4866270422935486,0.47498926520347595,-1.9440758228302002,-0.3083842396736145,2.359694004058838,1.276485562324524
-1.3515896797180176,0.49035966396331787,0.5186076164245605,-1.9529025554656982,-0.3371056318283081,2.358107566833496,1.2647405862808228
-1.39406418800354,0.495044082403183,0.5616371631622314,-1.9615323543548584,-0.3658252954483032,2.3559460639953613,1.2529956102371216
-1.435929298400879,0.5006834864616394,0.6040041446685791,-1.969969391822815,-0.39455923438072205,2.3531956672668457,1.2412506341934204
-1.477102518081665,0.5072832107543945,0.6456418037414551,-1.978216528892517,-0.42332300543785095,2.349841356277466,1.2295056581497192
-1.517510175704956,0.5148492455482483,0.6864927411079407,-1.9862772226333618,-0.4521333575248718,2.3458645343780518,1.217760682106018
-1.5570908784866333,0.5233908891677856,0.7265122532844543,-1.9941545724868774,-0.48100754618644714,2.341243028640747,1.2060155868530273
-1.5957902669906616,0.5329194068908691,0.7656630873680115,-2.0018515586853027,-0.5099626779556274,2.3359522819519043,1.1942706108093262
-1.6335644721984863,0.5434503555297852,0.8039190173149109,-2.009371757507324,-0.5390188694000244,2.3299636840820312,1.1825257539749146
-1.6703757047653198,0.5550016164779663,0.8412607908248901,-2.0167179107666016,-0.5681921243667603,2.3232460021972656,1.1707807779312134
-1.706205129623413,0.5676000118255615,0.8776900768280029,-2.023892879486084,-0.5975108742713928,2.3157591819763184,1.1590356826782227
-1.7410311698913574,0.5812753438949585,0.9132058620452881,-2.030900001525879,-0.6269957423210144,2.307462453842163,1.1472907066345215
-1.7748446464538574,0.5960640907287598,0.9478222727775574,-2.0377421379089355,-0.6566736102104187,2.2983055114746094,1.1355457305908203
-1.8076393604278564,0.6120113134384155,0.9815579056739807,-2.044422149658203,-0.6865720152854919,2.2882347106933594,1.1238007545471191
-1.8394179344177246,0.6291717290878296,1.0144431591033936,-2.05094313621521,-0.7167251706123352,2.2771849632263184,1.112055778503418
-1.871100664138794,0.6302343010902405,1.055830955505371,-2.085209369659424,-0.7410637140274048,2.2786266803741455,1.1196075677871704
-1.901148796081543,0.6325079202651978,1.0959223508834839,-2.118335723876953,-0.7647560238838196,2.27925181388855,1.1271593570709229
-1.9294366836547852,0.6359133124351501,1.1346323490142822,-2.1503701210021973,-0.7877973914146423,2.279102087020874,1.1347112655639648
-1.9558510780334473,0.640367865562439,1.1718870401382446,-2.181352138519287,-0.8101771473884583,2.2782208919525146,1.1422630548477173
-1.9802943468093872,0.645789384841919,1.2076276540756226,-2.2113161087036133,-0.831884503364563,2.2766504287719727,1.1498148441314697
-2.0026838779449463,0.6520940065383911,1.2418065071105957,-2.240288734436035,-0.8529046773910522,2.2744338512420654,1.1573666334152222
-2.022951126098633,0.6591951251029968,1.2743923664093018,-2.2682929039001465,-0.8732221722602844,2.271616220474243,1.1649184226989746
-2.041043281555176,0.6670059561729431,1.3053672313690186,-2.2953457832336426,-0.8928201198577881,2.2682430744171143,1.1724703311920166
-2.0569167137145996,0.6754374504089355,1.3347227573394775,-2.3214597702026367,-0.9116805791854858,2.26436448097229,1.180022120475769
-2.0705406665802,0.6843911409378052,1.3624610900878906,-2.346644401550293,-0.929778516292572,2.260037422180176,1.1875739097595215
-2.0818943977355957,0.6937751173973083,1.3885960578918457,-2.370903491973877,-0.9470953941345215,2.255316734313965,1.195125699043274
-2.0909688472747803,0.7034927010536194,1.4131513833999634,-2.394237518310547,-0.9636123776435852,2.250262498855591,1.2026774883270264
-2.09775972366333,0.7134427428245544,1.4361549615859985,-2.4166440963745117,-0.9793073534965515,2.2449400424957275,1.2102293968200684
-2.102271556854248,0.7235249876976013,1.4576433897018433,-2.4381165504455566,-0.9941614866256714,2.2394165992736816,1.2177811861038208
-2.104515552520752,0.7336392998695374,1.477658748626709,-2.4586453437805176,-1.0081584453582764,2.2337613105773926,1.2253329753875732
-2.104505777359009,0.7436842322349548,1.49624502658844,-2.478217124938965,-1.0212819576263428,2.228046417236328,1.2328847646713257
-2.1022605895996094,0.7535614371299744,1.5134494304656982,-2.496816635131836,-1.033521294593811,2.2223434448242188,1.2404365539550781
-2.0978024005889893,0.7631754279136658,1.5293208360671997,-2.514425277709961,-1.0448682308197021,2.216724395751953,1.2479883432388306
-2.091155767440796,0.7724382877349854,1.5439083576202393,-2.531022071838379,-1.055321216583252,2.2112557888031006,1.2555402517318726
-2.0823471546173096,0.7812705636024475,1.5572606325149536,-2.5465831756591797,-1.0648839473724365,2.205998420715332,1.263092041015625
-2.071402072906494,0.7895984053611755,1.5694206953048706,-2.5610837936401367,-1.0735660791397095,2.2010109424591064,1.2706438302993774
-2.0583503246307373,0.7973699569702148,1.58043372631073,-2.5744965076446533,-1.0813888311386108,2.196333169937134,1.2781956195831299
-2.0432193279266357,0.8045423626899719,1.590335726737976,-2.586792469024658,-1.0883784294128418,2.1919984817504883,1.2857474088668823
-2.02603816986084,0.8110946416854858,1.599159836769104,-2.5979418754577637,-1.0945740938186646,2.188023090362549,1.2932993173599243
-2.0068359375,0.8170247077941895,1.6069319248199463,-2.607914686203003,-1.1000239849090576,2.1844069957733154,1.3008511066436768
-1.9856432676315308,0.8223536610603333,1.6136733293533325,-2.616680145263672,-1.1047863960266113,2.181130886077881,1.3084028959274292
-1.9400404691696167,0.7242637276649475,1.586093544960022,-2.5889077186584473,-1.0255939960479736,2.255128860473633,1.281818151473999
-1.8868294954299927,0.644607424736023,1.5506699085235596,-2.5601654052734375,-0.9507815837860107,2.3112597465515137,1.2552335262298584
-1.8254361152648926,0.5782567262649536,1.5065780878067017,-2.53041934967041,-0.8790123462677002,2.3545610904693604,1.2286487817764282
-1.7550219297409058,0.5221433639526367,1.4528316259384155,-2.4996330738067627,-0.809485912322998,2.3881654739379883,1.202064037322998
-1.674583077430725,0.4743729829788208,1.388323426246643,-2.4677696228027344,-0.741670548915863,2.4141464233398438,1.1754792928695679
-1.5830507278442383,0.43380507826805115,1.3119031190872192,-2.4347872734069824,-0.6751950979232788,2.433932065963745,1.1488946676254272
-1.4794721603393555,0.3998105227947235,1.2225453853607178,-2.400641918182373,-0.6097678542137146,2.448538064956665,1.122309923171997
-1.3633065223693848,0.3721398711204529,1.1196357011795044,-2.365285873413086,-0.5451532602310181,2.4586939811706543,1.095725178718567
-1.2348004579544067,0.3508117198944092,1.0033488273620605,-2.3286666870117188,-0.48114630579948425,2.4649295806884766,1.0691405534744263
-1.0954163074493408,0.33600544929504395,0.8750627040863037,-2.290724992752075,-0.4175565838813782,2.467625141143799,1.042555809020996
-0.9480748176574707,0.3279437720775604,0.7376033067703247,-2.251397132873535,-0.3541983962059021,2.4670472145080566,1.015971064567566
-0.7969951033592224,0.3267750144004822,0.5950776934623718,-2.210608959197998,-0.29088032245635986,2.463369369506836,0.9893863201141357
-0.6470206379890442,0.332486629486084,0.452195942401886,-2.168278217315674,-0.22739793360233307,2.4566869735717773,0.9628016948699951
-0.5026522874832153,0.3448840379714966,0.3132970631122589,-2.1243104934692383,-0.16352275013923645,2.4470245838165283,0.9362169504165649
-0.36724746227264404,0.36364051699638367,0.18153826892375946,-2.078596591949463,-0.09899277985095978,2.434340238571167,0.9096322655677795
-0.24268722534179688,0.38839149475097656,0.05855145677924156,-2.031010150909424,-0.03349749743938446,2.418522596359253,0.8830475211143494
-0.14449819922447205,0.39379221200942993,-0.03904203698039055,-2.021728038787842,0.022548601031303406,2.41512393951416,0.8509525656700134
-0.048717111349105835,0.40284112095832825,-0.13467937707901,-2.0117883682250977,0.07885981351137161,2.4098117351531982,0.8188576102256775
0.04363493621349335,0.41548511385917664,-0.22744998335838318,-2.001185178756714,0.13553588092327118,2.402534246444702,0.7867626547813416
0.13179898262023926,0.4316706657409668,-0.316715270280838,-1.989912509918213,0.19268842041492462,2.3932113647460938,0.7546676993370056
0.21528880298137665,0.45136162638664246,-0.4021226167678833,-1.9779644012451172,0.2504439353942871,2.3817334175109863,0.7225727438926697
0.29386886954307556,0.47455498576164246,-0.48358750343322754,-1.9653356075286865,0.3089506924152374,2.367955207824707,0.6904777884483337
0.3675077259540558,0.5012996196746826,-0.5612527132034302,-1.9520212411880493,0.3683834969997406,2.3516886234283447,0.6583828330039978
0.43632739782333374,0.5317129492759705,-0.635447084903717,-1.9380147457122803,0.42895352840423584,2.332693576812744,0.6262878775596619
0.5005529522895813,0.5660023093223572,-0.7066419720649719,-1.9233115911483765,0.4909224212169647,2.3106625080108643,0.5941929221153259
0.5604681372642517,0.6044881343841553,-0.7754291296005249,-1.9079062938690186,0.554617702960968,2.285201072692871,0.56209796667099
0.616379976272583,0.6476452350616455,-0.8425072431564331,-1.891791820526123,0.6204653978347778,2.255793571472168,0.530003011226654
0.6685935258865356,0.6961530447006226,-0.9086955189704895,-1.8749630451202393,0.6890299916267395,2.2217557430267334,0.4979080557823181
0.7173936367034912,0.7509950399398804,-0.974983274936676,-1.8574120998382568,0.7610945701599121,2.182145118713379,0.4658131003379822
0.7550696134567261,0.7492383122444153,-0.9847103357315063,-1.8694034814834595,0.7667518258094788,2.183945894241333,0.4922149181365967
0.7925330996513367,0.7491703033447266,-0.9947816729545593,-1.8794487714767456,0.7734403610229492,2.18445086479187,0.5186167359352112
0.8296568989753723,0.7507565021514893,-1.005089282989502,-1.8875658512115479,0.7810948491096497,2.1836812496185303,0.5450185537338257
0.866320013999939,0.7539657950401306,-1.0155435800552368,-1.8937687873840332,0.7896612286567688,2.181652307510376,0.5714203119277954
0.9024067521095276,0.7587714791297913,-1.026068925857544,-1.8980693817138672,0.7990890145301819,2.1783764362335205,0.5978221297264099
0.9378102421760559,0.7651489973068237,-1.0366086959838867,-1.900477647781372,0.8093371987342834,2.1738622188568115,0.6242239475250244
0.9724339246749878,0.7730787396430969,-1.0471246242523193,-1.901000738143921,0.8203730583190918,2.1681127548217773,0.6506257653236389
1.006192922592163,0.7825467586517334,-1.0575999021530151,-1.8996447324752808,0.8321725130081177,2.1611268520355225,0.6770275831222534
1.0390101671218872,0.7935415506362915,-1.068031907081604,-1.8964139223098755,0.8447191715240479,2.1529006958007812,0.7034293413162231
1.0708204507827759,0.8060598969459534,-1.0784399509429932,-1.8913099765777588,0.8580090999603271,2.1434240341186523,0.7298312187194824
1.1015713214874268,0.8201051354408264,-1.0888643264770508,-1.8843337297439575,0.8720501065254211,2.1326799392700195,0.7562329769134521
1.1312153339385986,0.8356881141662598,-1.0993605852127075,-1.8754831552505493,0.8868610858917236,2.12064790725708,0.7826348543167114
1.1597182750701904,0.8528317809104919,-1.1100094318389893,-1.8647534847259521,0.9024816155433655,2.1072959899902344,0.8090366125106812
1.1870522499084473,0.8715718388557434,-1.1209124326705933,-1.8521368503570557,0.9189678430557251,2.0925827026367188,0.8354384303092957
1.213195562362671,0.8919594883918762,-1.1321942806243896,-1.8376216888427734,0.936400294303894,2.0764548778533936,0.8618402481079102
1.238134741783142,0.9140684604644775,-1.1440117359161377,-1.8211919069290161,0.9548890590667725,2.058839797973633,0.8882420063018799
1.26185941696167,0.93799889087677,-1.156554102897644,-1.802825689315796,0.974582314491272,2.039644718170166,0.9146438837051392
1.284363865852356,0.9638882279396057,-1.1700561046600342,-1.7824946641921997,0.9956778883934021,2.018744468688965,0.9410456418991089
1.30564284324646,0.9919232130050659,-1.1848094463348389,-1.760162115097046,1.018436074256897,1.9959741830825806,0.9674474596977234
1.3256932497024536,1.0223591327667236,-1.2011864185333252,-1.7357814311981201,1.0432103872299194,1.9711103439331055,0.9938492774963379
1.2766720056533813,0.9766882658004761,-1.1320350170135498,-1.7010209560394287,0.9743404388427734,2.0061511993408203,1.0174530744552612
1.224977970123291,0.9400289058685303,-1.0627377033233643,-1.6647207736968994,0.9083929061889648,2.0335896015167236,1.0410568714141846
1.1708673238754272,0.9109187722206116,-0.9926813244819641,-1.6267213821411133,0.8443458676338196,2.054790496826172,1.064660668373108
1.1146044731140137,0.8884342312812805,-0.9215112924575806,-1.5868382453918457,0.7814868688583374,2.0706405639648438,1.0882644653320312
1.0564751625061035,0.8719850182533264,-0.84902423620224,-1.544851303100586,0.7192659974098206,2.0817267894744873,1.1118682622909546
0.9967900514602661,0.8612106442451477,-0.7751071453094482,-1.500493049621582,0.657220184803009,2.088423728942871,1.135472059249878
0.9358848929405212,0.8559223413467407,-0.6996889710426331,-1.4534358978271484,0.594916582107544,2.090947389602661,1.1590757369995117
0.874110758304596,0.8560802340507507,-0.6226950287818909,-1.4032659530639648,0.531909704208374,2.089371919631958,1.182679533958435
0.8118391633033752,0.8617916107177734,-0.5440148115158081,-1.34944748878479,0.46771040558815,2.0836331844329834,1.2062833309173584
0.7494319081306458,0.8733292818069458,-0.463412880897522,-1.2912611961364746,0.40170764923095703,2.073514461517334,1.2298872470855713
0.6872474551200867,0.8911831974983215,-0.38045358657836914,-1.2277073860168457,0.33309829235076904,2.0585997104644775,1.253490924835205
0.625626802444458,0.9161805510520935,-0.29433631896972656,-1.1573052406311035,0.2607259452342987,2.0381760597229004,1.277094841003418
0.5648887157440186,0.9497436881065369,-0.20358207821846008,-1.077697515487671,0.18277117609977722,2.0110280513763428,1.3006985187530518
0.5673887133598328,0.93891841173172,-0.20174553990364075,-1.096956491470337,0.18044564127922058,2.0196518898010254,1.2793965339660645
0.5699170231819153,0.9284129738807678,-0.2001090943813324,-1.1156425476074219,0.1783161610364914,2.0280022621154785,1.2580945491790771
0.57247394323349,0.9181997179985046,-0.19865228235721588,-1.133805513381958,0.17636127769947052,2.036104440689087,1.2367925643920898
0.5750603079795837,0.9082545638084412,-0.19735915958881378,-1.1514849662780762,0.17456461489200592,2.043975830078125,1.2154905796051025
0.57767653465271,0.898559033870697,-0.19621558487415314,-1.1687171459197998,0.1729118376970291,2.0516340732574463,1.1941885948181152
0.5803253650665283,0.8890991806983948,-0.1952139437198639,-1.1855354309082031,0.1713942587375641,2.059093952178955,1.1728867292404175
0.5830039978027344,0.8798484802246094,-0.19433648884296417,-1.2019670009613037,0.16999347507953644,2.0663700103759766,1.1515847444534302
0.5857144594192505,0.8707988262176514,-0.1935773491859436,-1.2180376052856445,0.1687031090259552,2.0734734535217285,1.1302827596664429
0.5884573459625244,0.8619369864463806,-0.19292902946472168,-1.233769416809082,0.16751590371131897,2.0804147720336914,1.1089807748794556
0.591233491897583,0.8532507419586182,-0.19238485395908356,-1.2491834163665771,0.16642391681671143,2.0872039794921875,1.0876787900924683
0.594043493270874,0.844731330871582,-0.19193904101848602,-1.2642970085144043,0.16542088985443115,2.093848466873169,1.066376805305481
0.5968877673149109,0.8363679051399231,-0.19158580899238586,-1.2791271209716797,0.16450081765651703,2.1003575325012207,1.0450748205184937
0.5997669696807861,0.8281534314155579,-0.19132083654403687,-1.293689250946045,0.16365878283977509,2.1067376136779785,1.0237728357315063
0.6026814579963684,0.8200795650482178,-0.19113974273204803,-1.3079962730407715,0.16289056837558746,2.1129941940307617,1.002470850944519
0.6056323647499084,0.8121383190155029,-0.19103911519050598,-1.3220620155334473,0.16219130158424377,2.1191353797912598,0.9811689257621765
0.6086199283599854,0.8043251037597656,-0.19101564586162567,-1.3358964920043945,0.16155800223350525,2.12516450881958,0.9598669409751892
0.6116447448730469,0.7966330051422119,-0.19106626510620117,-1.3495116233825684,0.16098731756210327,2.131087303161621,0.9385649561882019
0.6147079467773438,0.7890561819076538,-0.1911890059709549,-1.362917184829712,0.16047532856464386,2.136908769607544,0.9172629714012146
0.617809534072876,0.7815902233123779,-0.19138069450855255,-1.376121997833252,0.16002008318901062,2.1426329612731934,0.8959609866142273
0.6209501624107361,0.7742299437522888,-0.19163952767848969,-1.389134168624878,0.15961900353431702,2.148263692855835,0.8746590614318848
0.6241311430931091,0.7669711709022522,-0.1919642835855484,-1.4019625186920166,0.1592695415019989,2.1538050174713135,0.8533570170402527
0.6273524761199951,0.759809672832489,-0.1923525184392929,-1.4146132469177246,0.15896953642368317,2.15925931930542,0.8320550918579102
0.6306149363517761,0.752741813659668,-0.19280306994915009,-1.4270942211151123,0.15871737897396088,2.1646313667297363,0.8107531070709229
0.6339198350906372,0.7457640171051025,-0.193315327167511,-1.4394114017486572,0.1585107147693634,2.169922113418579,0.7894511222839355
0.6372668147087097,0.7388734817504883,-0.1938869208097458,-1.4515700340270996,0.15834875404834747,2.175136089324951,0.7681491374969482
0.640657365322113,0.7320665717124939,-0.19451765716075897,-1.4635772705078125,0.15822909772396088,2.1802754402160645,0.7468472123146057
0.6440917253494263,0.725340723991394,-0.19520646333694458,-1.4754371643066406,0.15815147757530212,2.1853420734405518,0.7255451679229736
0.6475709676742554,0.71869295835495,-0.19595250487327576,-1.4871549606323242,0.15811333060264587,2.1903390884399414,0.7042432427406311
0.6510961055755615,0.7121202349662781,-0.19675575196743011,-1.4987359046936035,0.1581144630908966,2.19526743888855,0.6829412579536438
0.6546671986579895,0.7056208848953247,-0.1976148635149002,-1.5101838111877441,0.15815313160419464,2.2001304626464844,0.6616392731666565
0.6582852005958557,0.6991923451423645,-0.19852934777736664,-1.52150297164917,0.15822887420654297,2.204929828643799,0.6403372883796692
0.6619511246681213,0.6928327679634094,-0.19949951767921448,-1.5326969623565674,0.1583404690027237,2.2096662521362305,0.6190353631973267
0.6656654477119446,0.686540424823761,-0.20052438974380493,-1.5437700748443604,0.15848712623119354,2.2143425941467285,0.5977333188056946
0.6694295406341553,0.6803121566772461,-0.20160438120365143,-1.5547258853912354,0.1586681753396988,2.2189602851867676,0.5764313340187073
0.6732438802719116,0.6741476058959961,-0.20273903012275696,-1.5655672550201416,0.15888196229934692,2.223520517349243,0.5551294088363647
0.6771089434623718,0.6680443286895752,-0.20392784476280212,-1.5762975215911865,0.159128800034523,2.228025197982788,0.5338274240493774
0.6810261607170105,0.6620000004768372,-0.20517131686210632,-1.5869202613830566,0.15940800309181213,2.2324752807617188,0.5125254392623901
0.6849963665008545,0.6560150384902954,-0.20646968483924866,-1.5974371433258057,0.15971912443637848,2.2368721961975098,0.49122345447540283
0.6890199184417725,0.6500868797302246,-0.2078223079442978,-1.6078519821166992,0.1600601226091385,2.2412171363830566,0.4699214994907379
0.6930978894233704,0.6442136168479919,-0.20922955870628357,-1.6181671619415283,0.16043220460414886,2.2455122470855713,0.448619544506073
0.6972325444221497,0.6383940577507019,-0.21069294214248657,-1.6283851861953735,0.16083428263664246,2.249756336212158,0.4273175299167633
0.7014226317405701,0.6326282620429993,-0.21221047639846802,-1.6385082006454468,0.1612652689218521,2.253953218460083,0.4060155749320984
0.7056713700294495,0.6269140243530273,-0.2137850672006607,-1.6485382318496704,0.16172687709331512,2.25810170173645,0.38471361994743347
0.709977924823761,0.6212498545646667,-0.21541449427604675,-1.658478021621704,0.16221505403518677,2.2622036933898926,0.36341166496276855
0.7143440246582031,0.6156352758407593,-0.21710045635700226,-1.6683298349380493,0.16273227334022522,2.266261100769043,0.3421096205711365
0.7187708020210266,0.6100696921348572,-0.2188432812690735,-1.6780946254730225,0.1632774919271469,2.270273208618164,0.32080766558647156
0.7232586145401001,0.6045517921447754,-0.22064290940761566,-1.687774896621704,0.163849875330925,2.2742416858673096,0.29950571060180664
0.7278098464012146,0.599079966545105,-0.2225009799003601,-1.6973731517791748,0.16445031762123108,2.278167247772217,0.2782037556171417
0.7324247360229492,0.5936546325683594,-0.2244175225496292,-1.7068896293640137,0.16507785022258759,2.282050132751465,0.25690171122550964
0.7371044754981995,0.5882739424705505,-0.2263929396867752,-1.71632719039917,0.1657324731349945,2.285891532897949,0.23559977114200592
0.7418503165245056,0.5829378962516785,-0.2284279465675354,-1.7256871461868286,0.1664130836725235,2.2896926403045654,0.214297816157341
0.7466637492179871,0.5776451230049133,-0.23052364587783813,-1.7349706888198853,0.1671200394630432,2.2934529781341553,0.1929958611726761
0.7515453696250916,0.572395384311676,-0.2326803207397461,-1.744179606437683,0.16785350441932678,2.2971742153167725,0.1716938316822052
0.7564969062805176,0.5671872496604919,-0.23489896953105927,-1.7533155679702759,0.1686130166053772,2.300856828689575,0.15039187669754028
0.7615194320678711,0.562021017074585,-0.2371804118156433,-1.7623792886734009,0.16939860582351685,2.3045010566711426,0.12908992171287537
0.7666137218475342,0.5568962097167969,-0.23952500522136688,-1.7713724374771118,0.170209139585495,2.308107376098633,0.10778795927762985
0.771782636642456,0.5518115162849426,-0.24193498492240906,-1.7802964448928833,0.17104597389698029,2.311676502227783,0.08648592978715897
0.7770260572433472,0.5467663407325745,-0.2444101721048355,-1.7891521453857422,0.17190778255462646,2.315208911895752,0.06518397480249405
0.7823458909988403,0.5417612195014954,-0.2469518482685089,-1.7979408502578735,0.17279571294784546,2.3187053203582764,0.04388201981782913
0.7877428531646729,0.5367947220802307,-0.24956026673316956,-1.806663990020752,0.1737082451581955,2.3221664428710938,0.022580066695809364
0.7932194471359253,0.5318671464920044,-0.25223779678344727,-1.8153221607208252,0.17464597523212433,2.325592279434204,0.0012780327815562487
0.7987762689590454,0.5269773602485657,-0.2549845576286316,-1.8239166736602783,0.1756087839603424,2.3289833068847656,-0.020023921504616737
0.7493999600410461,0.5219936966896057,-0.195503368973732,-1.8226677179336548,0.13416992127895355,2.331879138946533,0.012021400965750217
0.6994260549545288,0.5187658071517944,-0.13549961149692535,-1.8210444450378418,0.09279176592826843,2.3337011337280273,0.04406672343611717
0.649083137512207,0.5172918438911438,-0.07515187561511993,-1.8190447092056274,0.05142717435956001,2.3344614505767822,0.0761120393872261
0.5986068248748779,0.517570972442627,-0.01464618369936943,-1.8166667222976685,0.01002940908074379,2.3341665267944336,0.10815736651420593
0.5482373237609863,0.5196056365966797,0.045826733112335205,-1.813908576965332,-0.03144756332039833,2.3328142166137695,0.14020268619060516
0.49821043014526367,0.5233992338180542,0.10608172416687012,-1.8107683658599854,-0.07305166870355606,2.330396890640259,0.1722480058670044
0.44875091314315796,0.5289582014083862,0.16594655811786652,-1.8072443008422852,-0.11483224481344223,2.326897621154785,0.20429332554340363
0.40006715059280396,0.5362916588783264,0.22526702284812927,-1.8033344745635986,-0.15684206783771515,2.3222923278808594,0.23633866012096405
0.35234782099723816,0.545413613319397,0.28391537070274353,-1.799036979675293,-0.19913631677627563,2.3165478706359863,0.2683839499950409
0.30575481057167053,0.5563434958457947,0.3417873680591583,-1.7943503856658936,-0.24177631735801697,2.3096225261688232,0.3004292845726013
0.2604256570339203,0.5691102743148804,0.39881470799446106,-1.7892723083496094,-0.28482693433761597,2.301464080810547,0.33247458934783936
0.21647003293037415,0.5837533473968506,0.45496150851249695,-1.783801794052124,-0.32836320996284485,2.2920093536376953,0.3645199239253998
0.17396947741508484,0.6003255248069763,0.5102293491363525,-1.7779364585876465,-0.37246987223625183,2.281179189682007,0.3965652287006378
0.13298283517360687,0.6188961267471313,0.5646522045135498,-1.771674633026123,-0.41724029183387756,2.2688798904418945,0.42861056327819824
0.09354716539382935,0.6395583152770996,0.6182998418807983,-1.7650142908096313,-0.4627867639064789,2.2549996376037598,0.4606558680534363
0.055677879601716995,0.6624308228492737,0.6712809205055237,-1.757953405380249,-0.5092395544052124,2.23940110206604,0.4927012324333191
0.019376205280423164,0.6876667141914368,0.7237401008605957,-1.750490427017212,-0.5567528009414673,2.221918821334839,0.5247464776039124
-0.015371589921414852,0.7154636383056641,0.7758675217628479,-1.7426226139068604,-0.6055164337158203,2.202348470687866,0.5567918419837952
-0.04858466610312462,0.7460744976997375,0.8278970122337341,-1.7343478202819824,-0.6557604074478149,2.1804397106170654,0.5888371467590332
-0.0802919864654541,0.7798295021057129,0.8801267147064209,-1.7256641387939453,-0.7077794671058655,2.155874252319336,0.620882511138916
-0.11051998287439346,0.8171640038490295,0.9329290390014648,-1.7165684700012207,-0.7619501352310181,2.1282453536987305,0.6529277563095093
-0.13929370045661926,0.8586623668670654,0.9867871403694153,-1.7070581912994385,-0.8187770247459412,2.097015857696533,0.6849731206893921
-0.1666298359632492,0.9051362872123718,1.0423493385314941,-1.6971299648284912,-0.8789557218551636,2.0614519119262695,0.7170184254646301
-0.19252337515354156,0.9577569365501404,1.1005234718322754,-1.6867809295654297,-0.9434952735900879,2.0205092430114746,0.7490637898445129
-0.21693351864814758,1.018326759338379,1.1626834869384766,-1.6760075092315674,-1.0139614343643188,1.9725964069366455,0.7811090350151062
-0.239757239818573,1.0898871421813965,1.23114013671875,-1.6648049354553223,-1.0930341482162476,1.9150481224060059,0.813154399394989
-0.19491039216518402,0.9895527958869934,1.1345782279968262,-1.6823328733444214,-0.9815730452537537,1.9954954385757446,0.7811069488525391
-0.14679481089115143,0.9091809988021851,1.04909086227417,-1.6989933252334595,-0.8855828046798706,2.058417558670044,0.7490594387054443
-0.09558627754449844,0.8420469164848328,0.9695066809654236,-1.7147976160049438,-0.7991412281990051,2.1097254753112793,0.7170119881629944
-0.04127606749534607,0.7846688032150269,0.8930785059928894,-1.729755163192749,-0.7192248106002808,2.152523994445801,0.6849645376205444
0.01622205786406994,0.7349796295166016,0.8180912137031555,-1.74387526512146,-0.6440417170524597,2.188692569732666,0.6529170274734497
0.07702088356018066,0.691653311252594,0.7433669567108154,-1.757164478302002,-0.5724278688430786,2.2194721698760986,0.6208695769309998
0.14122937619686127,0.6537981629371643,0.6680509448051453,-1.769631028175354,-0.5035746097564697,2.245730400085449,0.5888221263885498
0.20892789959907532,0.6208037734031677,0.5915144085884094,-1.7812798023223877,-0.43689441680908203,2.2680957317352295,0.5567746162414551
0.28014495968818665,0.5922461748123169,0.5133070349693298,-1.7921168804168701,-0.37194085121154785,2.287039041519165,0.5247271656990051
0.3548327088356018,0.5678372979164124,0.4331413209438324,-1.8021472692489624,-0.3083650469779968,2.3029158115386963,0.4926797151565552
0.43284186720848083,0.5473855137825012,0.35089004039764404,-1.8113763332366943,-0.2458866983652115,2.315997838973999,0.46063223481178284
0.513906717300415,0.5307703614234924,0.2665903866291046,-1.8198087215423584,-0.18427224457263947,2.3264918327331543,0.4285847842693329
0.5976289510726929,0.51792311668396,0.18043677508831024,-1.8274495601654053,-0.12332642823457718,2.334552049636841,0.39653730392456055
0.5425899624824524,0.5120618343353271,0.24631810188293457,-1.847017526626587,-0.16691869497299194,2.3390979766845703,0.3987201750278473
0.4872983992099762,0.5083364248275757,0.31202036142349243,-1.8658934831619263,-0.20998258888721466,2.34236216545105,0.40090304613113403
0.4320851266384125,0.5067245960235596,0.3772906959056854,-1.8841040134429932,-0.25258997082710266,2.3443684577941895,0.4030859172344208
0.3772859275341034,0.5072050094604492,0.4418678283691406,-1.9016728401184082,-0.2948073148727417,2.3451290130615234,0.40526875853538513
0.32323330640792847,0.5097588300704956,0.5054819583892822,-1.9186235666275024,-0.33669373393058777,2.3446481227874756,0.4074516296386719
0.2702423930168152,0.5143676996231079,0.5678816437721252,-1.9349771738052368,-0.3783067762851715,2.3429183959960938,0.4096345007419586
0.21860328316688538,0.5210176706314087,0.6288362145423889,-1.9507538080215454,-0.4196990430355072,2.3399224281311035,0.41181737184524536
0.1685718297958374,0.52969890832901,0.6881465315818787,-1.9659724235534668,-0.4609227180480957,2.335634231567383,0.4140002429485321
0.1203625351190567,0.5404081344604492,0.7456544637680054,-1.9806511402130127,-0.5020290613174438,2.3300132751464844,0.41618308424949646
0.07415168732404709,0.5531526803970337,0.8012393712997437,-1.9948068857192993,-0.5430706143379211,2.323009490966797,0.4183659553527832
0.030071021988987923,0.5679516792297363,0.854826033115387,-2.008455753326416,-0.5841014385223389,2.3145577907562256,0.42054885625839233
-0.011785361915826797,0.5848410129547119,0.906378448009491,-2.021613597869873,-0.6251793503761292,2.3045785427093506,0.4227317273616791
-0.05136064067482948,0.6038762331008911,0.9559018015861511,-2.034294605255127,-0.66636723279953,2.2929720878601074,0.42491456866264343
-0.08863019198179245,0.6251387596130371,1.003437876701355,-2.046513795852661,-0.7077357769012451,2.279618263244629,0.4270974397659302
0.019917532801628113,0.5832476615905762,0.9033994674682617,-2.0215344429016113,-0.6224249005317688,2.305600643157959,0.40221378207206726
0.13585416972637177,0.5511753559112549,0.7963674068450928,-1.9945896863937378,-0.5389784574508667,2.324228048324585,0.37733012437820435
0.2582087516784668,0.5281145572662354,0.6827744245529175,-1.9656035900115967,-0.45678257942199707,2.3365707397460938,0.35244646668434143
0.38543280959129333,0.5135924816131592,0.5637081861495972,-1.9344923496246338,-0.37532883882522583,2.343348503112793,0.32756277918815613
0.5154615044593811,0.5073234438896179,0.4408048391342163,-1.9011609554290771,-0.2941599488258362,2.3450284004211426,0.3026791214942932
0.6459121704101562,0.5091144442558289,0.31601789593696594,-1.8654996156692505,-0.21282324194908142,2.341883420944214,0.2777954638004303
0.7743776440620422,0.5188169479370117,0.1912909597158432,-1.827380895614624,-0.13083666563034058,2.334019899368286,0.2529118061065674
0.898735761642456,0.5363273024559021,0.06821734458208084,-1.7866519689559937,-0.04764768108725548,2.3213906288146973,0.22802814841270447
1.0173614025115967,0.5616233944892883,-0.05221594497561455,-1.7431294918060303,0.03740978613495827,2.3037900924682617,0.20314449071884155
1.1292208433151245,0.5948303937911987,-0.169785276055336,-1.6965880393981934,0.12518587708473206,2.2808289527893066,0.17826083302497864
1.2338263988494873,0.6363215446472168,-0.2850807011127472,-1.6467481851577759,0.21681171655654907,2.251887083053589,0.15337717533111572
1.3311253786087036,0.6868517994880676,-0.3995579183101654,-1.5932536125183105,0.31386974453926086,2.216017961502075,0.1284935027360916
1.4213546514511108,0.7477850317955017,-0.5156877636909485,-1.53564453125,0.41870567202568054,2.171773910522461,0.1036098524928093
1.4135147333145142,0.7489790320396423,-0.5084584355354309,-1.5302789211273193,0.4132806360721588,2.1707468032836914,0.08260394632816315
1.405691385269165,0.7502224445343018,-0.5012292861938477,-1.5248761177062988,0.40785178542137146,2.1696836948394775,0.0615980364382267
1.3978842496871948,0.7515146136283875,-0.4939996898174286,-1.5194358825683594,0.40241676568984985,2.1685853004455566,0.04059212654829025
1.3900940418243408,0.7528568506240845,-0.4867698550224304,-1.5139567852020264,0.3969760239124298,2.1674511432647705,0.019586220383644104
1.3823200464248657,0.7542482018470764,-0.47953853011131287,-1.5084388256072998,0.39152809977531433,2.1662817001342773,-0.0014196921838447452
1.3745641708374023,0.7556886672973633,-0.47230759263038635,-1.5028822422027588,0.3860745131969452,2.16507625579834,-0.022425595670938492
1.3668264150619507,0.7571793794631958,-0.46507635712623596,-1.4972848892211914,0.38061344623565674,2.1638343334198,-0.04343150928616524
1.3591060638427734,0.7587194442749023,-0.4578436017036438,-1.491647720336914,0.37514424324035645,2.1625566482543945,-0.06443741172552109
1.3514039516448975,0.7603102922439575,-0.4506096839904785,-1.485969066619873,0.36966684460639954,2.161242723464966,-0.08544331789016724
1.3437210321426392,0.7619508504867554,-0.44337552785873413,-1.4802484512329102,0.3641815185546875,2.1598916053771973,-0.10644923895597458
1.336057186126709,0.7636420130729675,-0.43614038825035095,-1.4744856357574463,0.35868650674819946,2.158503532409668,-0.12745513021945953
1.3284121751785278,0.7653841972351074,-0.42890334129333496,-1.468679428100586,0.35318151116371155,2.157078504562378,-0.14846104383468628
1.3207865953445435,0.7671769261360168,-0.42166441679000854,-1.462829828262329,0.3476666212081909,2.155616283416748,-0.16946694254875183
1.3131812810897827,0.7690212726593018,-0.414424329996109,-1.456935167312622,0.34214073419570923,2.154116153717041,-0.19047287106513977
1.305595874786377,0.7709174156188965,-0.4071822762489319,-1.4509952068328857,0.3366035223007202,2.1525776386260986,-0.21147875487804413
1.2980308532714844,0.7728645205497742,-0.3999374508857727,-1.445009708404541,0.3310542106628418,2.151001453399658,-0.23248468339443207
1.2904863357543945,0.7748638987541199,-0.3926897644996643,-1.4389774799346924,0.32549211382865906,2.1493868827819824,-0.2534905672073364
1.2829629182815552,0.7769168615341187,-0.3854402005672455,-1.4328970909118652,0.31991738080978394,2.1477324962615967,-0.27449649572372437
1.2754602432250977,0.779021680355072,-0.3781864047050476,-1.4267687797546387,0.3143286108970642,2.1460392475128174,-0.2955023944377899
1.2679792642593384,0.7811797857284546,-0.3709293305873871,-1.4205904006958008,0.30872538685798645,2.1443068981170654,-0.31650832295417786
1.2605197429656982,0.7833918929100037,-0.36366814374923706,-1.4143619537353516,0.3031071722507477,2.142533779144287,-0.337514191865921
1.2530821561813354,0.7856572270393372,-0.3564026653766632,-1.4080829620361328,0.29747268557548523,2.1407203674316406,-0.3585200905799866
1.245666265487671,0.7879779934883118,-0.3491319417953491,-1.4017510414123535,0.2918218970298767,2.1388659477233887,-0.3795260190963745
1.2382738590240479,0.7903532385826111,-0.34185728430747986,-1.3953659534454346,0.2861546576023102,2.136970043182373,-0.40053194761276245
1.2309025526046753,0.7927842736244202,-0.3345752954483032,-1.3889272212982178,0.28046876192092896,2.135032892227173,-0.4215378165245056
1.2235547304153442,0.7952706217765808,-0.3272875249385834,-1.3824331760406494,0.274763822555542,2.1330528259277344,-0.44254374504089355
1.2162293195724487,0.7978143692016602,-0.3199923634529114,-1.3758821487426758,0.26903873682022095,2.131030321121216,-0.4635496735572815
1.2089271545410156,0.8004140853881836,-0.31268981099128723,-1.3692739009857178,0.2632935643196106,2.1289639472961426,-0.48455560207366943
1.2016479969024658,0.803072988986969,-0.3053785562515259,-1.3626062870025635,0.25752705335617065,2.1268539428710938,-0.5055615305900574
1.194392442703247,0.8057888150215149,-0.2980583906173706,-1.355879306793213,0.2517377436161041,2.124699115753174,-0.5265673398971558
1.1871603727340698,0.808565080165863,-0.29072868824005127,-1.349090576171875,0.24592548608779907,2.122499465942383,-0.5475732684135437
1.1799523830413818,0.8114002346992493,-0.28338879346847534,-1.3422391414642334,0.24008892476558685,2.120253324508667,-0.5685791969299316
1.1727678775787354,0.8142959475517273,-0.27603691816329956,-1.3353242874145508,0.23422682285308838,2.1179611682891846,-0.5895851254463196
1.1656076908111572,0.8172525763511658,-0.268672913312912,-1.328343152999878,0.22833772003650665,2.115621566772461,-0.6105909943580627
1.1584715843200684,0.8202719688415527,-0.2612961232662201,-1.3212947845458984,0.2224218249320984,2.1132335662841797,-0.6315969228744507
1.1513601541519165,0.8233543038368225,-0.2539050877094269,-1.3141777515411377,0.21647727489471436,2.11079740524292,-0.6526028513908386
1.1442726850509644,0.8265007138252258,-0.24649837613105774,-1.306990146636963,0.21050189435482025,2.1083106994628906,-0.6736087203025818
1.1372102499008179,0.8297123312950134,-0.23907585442066193,-1.2997303009033203,0.2044956088066101,2.105773687362671,-0.6946146488189697
1.1301723718643188,0.8329892754554749,-0.23163557052612305,-1.2923963069915771,0.19845625758171082,2.1031851768493652,-0.7156205773353577
1.123159646987915,0.836333155632019,-0.22417676448822021,-1.2849867343902588,0.19238336384296417,2.100543975830078,-0.7366265058517456
1.1161718368530273,0.8397455215454102,-0.21669813990592957,-1.2774991989135742,0.186274453997612,2.0978496074676514,-0.757632315158844
1.1092089414596558,0.843226969242096,-0.20919761061668396,-1.2699315547943115,0.18012872338294983,2.0951008796691895,-0.7786382436752319
1.1022717952728271,0.8467795848846436,-0.20167501270771027,-1.2622811794281006,0.17394430935382843,2.0922954082489014,-0.7996441125869751
1.0953595638275146,0.8504043221473694,-0.19412735104560852,-1.2545461654663086,0.16771936416625977,2.0894336700439453,-0.820650041103363
1.0884730815887451,0.8541023135185242,-0.1865541934967041,-1.2467241287231445,0.16145223379135132,2.086513042449951,-0.841655969619751
1.0816115140914917,0.8578757643699646,-0.17895245552062988,-1.2388124465942383,0.15514013171195984,2.083533763885498,-0.8626618981361389
1.0747764110565186,0.8617251515388489,-0.171321839094162,-1.2308080196380615,0.14878281950950623,2.0804924964904785,-0.8836678266525269
1.0679666996002197,0.8656529784202576,-0.16365927457809448,-1.2227087020874023,0.14237645268440247,2.077389717102051,-0.9046737551689148
1.061182975769043,0.8696610331535339,-0.15596351027488708,-1.2145109176635742,0.13591992855072021,2.0742220878601074,-0.9256796836853027
1.0544250011444092,0.8737512826919556,-0.1482311338186264,-1.206211805343628,0.12941081821918488,2.0709891319274902,-0.9466854929924011
1.047693133354187,0.877925455570221,-0.1404607743024826,-1.1978070735931396,0.12284495681524277,2.0676887035369873,-0.9676914215087891
1.0409873723983765,0.8821854591369629,-0.13264933228492737,-1.1892948150634766,0.11622140556573868,2.064319133758545,-0.988697350025177
1.0343077182769775,0.8865345120429993,-0.12479452788829803,-1.1806697845458984,0.10953690856695175,2.060877799987793,-1.009703278541565
1.0276548862457275,0.8909697532653809,-0.11689328402280807,-1.1719281673431396,0.10278799384832382,2.057363271713257,-1.030709147453308
1.0210280418395996,0.8955034613609314,-0.10894293338060379,-1.1630663871765137,0.09597266465425491,2.0537726879119873,-1.0517151355743408
1.0144271850585938,0.9001333117485046,-0.10093867033720016,-1.1540791988372803,0.08908537775278091,2.0501041412353516,-1.072721004486084
1.0078530311584473,0.9048625826835632,-0.09287842363119125,-1.1449613571166992,0.08212356269359589,2.0463547706604004,-1.0937269926071167
1.0013054609298706,0.9096948504447937,-0.08475799113512039,-1.1357085704803467,0.07508378475904465,2.0425217151641846,-1.1147328615188599
0.994784414768219,0.9146328568458557,-0.07657283544540405,-1.1263148784637451,0.06796093285083771,2.038602590560913,-1.1357386112213135
0.9882901310920715,0.9196802973747253,-0.06831879913806915,-1.116774082183838,0.060750048607587814,2.0345940589904785,-1.1567445993423462
0.981822669506073,0.9248408675193787,-0.05999100208282471,-1.1070797443389893,0.05344739928841591,2.030491828918457,-1.1777504682540894
0.9753848314285278,0.9301216006278992,-0.05158879607915878,-1.097224473953247,0.04604966565966606,2.0262930393218994,-1.198756456375122
0.9689709544181824,0.935522735118866,-0.04309697449207306,-1.0872013568878174,0.03854445740580559,2.021994113922119,-1.2197623252868652
0.9625839591026306,0.941053032875061,-0.034513965249061584,-1.0770013332366943,0.030928723514080048,2.0175893306732178,-1.240768313407898
0.9562243819236755,0.9467160105705261,-0.025833657011389732,-1.0666167736053467,0.023195240646600723,2.013075351715088,-1.2617741823196411
0.9498917460441589,0.9525178074836731,-0.017048019915819168,-1.056037187576294,0.015337778255343437,2.0084471702575684,-1.2827800512313843
0.9435871839523315,0.9584662318229675,-0.008150073699653149,-1.0452511310577393,0.007347280625253916,2.003696918487549,-1.303786039352417
0.9373096823692322,0.9645681381225586,0.0008707412052899599,-1.0342488288879395,-0.000786018674261868,1.9988220930099487,-1.3247917890548706
0.9310598373413086,0.9708300828933716,0.01002344861626625,-1.0230159759521484,-0.009072673507034779,1.993813157081604,-1.3457977771759033
0.9248378276824951,0.9772613048553467,0.01931944489479065,-1.0115399360656738,-0.017522865906357765,1.9886645078659058,-1.3668036460876465
0.9186437129974365,0.9838738441467285,0.028771022334694862,-0.9998021125793457,-0.026149755343794823,1.9833664894104004,-1.3878096342086792
0.9124775528907776,0.9906758666038513,0.038391996175050735,-0.987788200378418,-0.034967608749866486,1.9779109954833984,-1.4088155031204224
