-0.0022403737530112267,0.9050111770629883,1.0167326927185059,-1.6655946969985962,-0.8600195050239563,2.06052565574646,-1.0737955570220947
0.020537590608000755,0.855828583240509,0.9543951749801636,-1.6763732433319092,-0.7937493920326233,2.098081111907959,-1.0890934467315674
0.04513358324766159,0.8127549886703491,0.8941127061843872,-1.686120629310608,-0.7316100001335144,2.1303791999816895,-1.1043914556503296
0.071564219892025,0.7747651934623718,0.83500736951828,-1.6948506832122803,-0.6726562976837158,2.158352851867676,-1.1196893453598022
0.0998496264219284,0.7411412596702576,0.7764453887939453,-1.702575445175171,-0.6162160634994507,2.1826672554016113,-1.1349873542785645
0.1300056278705597,0.7113664150238037,0.717954158782959,-1.7093050479888916,-0.5617886185646057,2.2038164138793945,-1.150285243988037
0.16203467547893524,0.6850590705871582,0.6591777801513672,-1.7150473594665527,-0.5089885592460632,2.222177505493164,-1.1655832529067993
0.19592110812664032,0.6619343757629395,0.5998486280441284,-1.719809889793396,-0.45750582218170166,2.2380433082580566,-1.180881142616272
0.23161344230175018,0.6417840719223022,0.5397896766662598,-1.7235959768295288,-0.40709829330444336,2.2516403198242188,-1.1961791515350342
0.2690376341342926,0.6244482398033142,0.47887998819351196,-1.7264103889465332,-0.3575536608695984,2.2631518840789795,-1.2114770412445068
0.30808374285697937,0.6098116040229797,0.4170624315738678,-1.7282546758651733,-0.3086930215358734,2.272721290588379,-1.226775050163269
0.3486033082008362,0.5977904796600342,0.3543391525745392,-1.729129433631897,-0.2603612542152405,2.280460834503174,-1.2420729398727417
0.39041122794151306,0.5883263349533081,0.29076239466667175,-1.729034185409546,-0.21241754293441772,2.2864582538604736,-1.2573708295822144
0.43328744173049927,0.5813795328140259,0.22642923891544342,-1.727967381477356,-0.16473427414894104,2.290778636932373,-1.2726688385009766
0.3840091824531555,0.5820493698120117,0.2773078382015228,-1.7366199493408203,-0.2015422135591507,2.2907726764678955,-1.2426133155822754
0.33485040068626404,0.5841003060340881,0.32792454957962036,-1.7449281215667725,-0.23830479383468628,2.2898833751678467,-1.2125576734542847
0.2859380841255188,0.5875405073165894,0.378194123506546,-1.7528975009918213,-0.2750609219074249,2.2880983352661133,-1.1825021505355835
0.23739002645015717,0.5923854112625122,0.42804011702537537,-1.7605328559875488,-0.31185483932495117,2.2853987216949463,-1.1524465084075928
0.1893288493156433,0.5986469984054565,0.4773794412612915,-1.7678405046463013,-0.3487197756767273,2.281761646270752,-1.1223909854888916
0.141861230134964,0.6063496470451355,0.5261479020118713,-1.7748239040374756,-0.38570135831832886,2.2771573066711426,-1.0923354625701904
0.09508410841226578,0.6155188679695129,0.5742923617362976,-1.7814888954162598,-0.42284250259399414,2.271547555923462,-1.0622798204421997
0.049085892736911774,0.6261874437332153,0.6217695474624634,-1.787839651107788,-0.460190087556839,2.264887571334839,-1.032224178314209
0.00394469266757369,0.6383978724479675,0.6685501933097839,-1.793880820274353,-0.49779343605041504,2.257124662399292,-1.0021686553955078
-0.04027446731925011,0.6522024273872375,0.7146224975585938,-1.7996165752410889,-0.5357089638710022,2.2481939792633057,-0.9721130728721619
-0.0835164487361908,0.6676647663116455,0.7599886655807495,-1.8050519227981567,-0.5739960670471191,2.238020658493042,-0.9420574903488159
-0.12573829293251038,0.6848637461662292,0.8046700954437256,-1.810191035270691,-0.6127253174781799,2.2265143394470215,-0.9120019674301147
-0.16690535843372345,0.7038986682891846,0.848704993724823,-1.8150380849838257,-0.6519749164581299,2.213568687438965,-0.8819463849067688
-0.15542234480381012,0.6957449316978455,0.8335959911346436,-1.8154486417770386,-0.6377476453781128,2.2192492485046387,-0.8644199967384338
-0.14379222691059113,0.6878279447555542,0.8184286952018738,-1.8158326148986816,-0.6236120462417603,2.2247347831726074,-0.8468935489654541
-0.1320153921842575,0.680141806602478,0.803199291229248,-1.8161898851394653,-0.6095648407936096,2.230031728744507,-0.8293671607971191
-0.12009091675281525,0.6726807951927185,0.7879026532173157,-1.8165202140808105,-0.5955998301506042,2.2351455688476562,-0.8118407726287842
-0.10801907628774643,0.6654396057128906,0.772535502910614,-1.8168234825134277,-0.5817140340805054,2.240081787109375,-0.7943143248558044
-0.09579931944608688,0.6584134101867676,0.7570932507514954,-1.817099928855896,-0.5679027438163757,2.2448461055755615,-0.7767879366874695
-0.08343206346035004,0.6515973210334778,0.7415728569030762,-1.8173489570617676,-0.5541624426841736,2.2494430541992188,-0.7592614889144897
-0.07091744989156723,0.6449877619743347,0.7259713411331177,-1.8175708055496216,-0.5404900908470154,2.2538766860961914,-0.7417351007461548
-0.05825459957122803,0.6385806798934937,0.7102847695350647,-1.817765235900879,-0.526881217956543,2.2581522464752197,-0.7242087125778198
-0.045446041971445084,0.6323719024658203,0.6945121884346008,-1.8179324865341187,-0.5133333802223206,2.2622733116149902,-0.7066822648048401
-0.032490167766809464,0.6263589859008789,0.6786497831344604,-1.8180716037750244,-0.4998437166213989,2.2662434577941895,-0.6891558766365051
-0.01938830316066742,0.6205378770828247,0.662695586681366,-1.8181836605072021,-0.48640841245651245,2.2700672149658203,-0.6716294884681702
-0.006141583900898695,0.6149067282676697,0.6466484069824219,-1.818267583847046,-0.4730251431465149,2.273747444152832,-0.6541030406951904
0.007248851004987955,0.6094623804092407,0.6305069327354431,-1.8183237314224243,-0.45969173312187195,2.277287006378174,-0.6365766525268555
0.0207830760627985,0.6042025685310364,0.6142684817314148,-1.8183517456054688,-0.4464045464992523,2.2806897163391113,-0.6190502047538757
0.03445824608206749,0.5991247296333313,0.5979335904121399,-1.8183517456054688,-0.4331623315811157,2.2839579582214355,-0.6015238165855408
0.048272985965013504,0.5942267775535583,0.5815014839172363,-1.8183237314224243,-0.41996246576309204,2.2870941162109375,-0.5839974284172058
0.06222692131996155,0.5895074605941772,0.5649703145027161,-1.8182674646377563,-0.40680181980133057,2.290102005004883,-0.5664709806442261
0.07631702721118927,0.5849642157554626,0.5483410358428955,-1.818183183670044,-0.39367955923080444,2.292983055114746,-0.5489445924758911
0.0905417799949646,0.5805961489677429,0.531613290309906,-1.8180698156356812,-0.3805924355983734,2.2957396507263184,-0.5314182043075562
0.10489831119775772,0.5764011144638062,0.5147876143455505,-1.817928433418274,-0.36753910779953003,2.2983741760253906,-0.5138918161392212
0.11938460916280746,0.5723786950111389,0.4978644847869873,-1.8177580833435059,-0.3545176386833191,2.300888776779175,-0.49636533856391907
0.13399749994277954,0.568526566028595,0.480845183134079,-1.8175591230392456,-0.3415260314941406,2.3032848834991455,-0.4788389503955841
0.14873456954956055,0.5648443698883057,0.46373000741004944,-1.8173314332962036,-0.3285622000694275,2.305565118789673,-0.46131253242492676
0.16359226405620575,0.5613307356834412,0.4465211033821106,-1.8170750141143799,-0.31562507152557373,2.3077306747436523,-0.4437861442565918
0.17856663465499878,0.5579850077629089,0.429220587015152,-1.8167896270751953,-0.3027123212814331,2.3097829818725586,-0.42625972628593445
0.1936555802822113,0.5548065900802612,0.41182899475097656,-1.8164750337600708,-0.28982216119766235,2.3117239475250244,-0.4087333381175995
0.20885324478149414,0.5517942309379578,0.39435040950775146,-1.816131591796875,-0.27695444226264954,2.3135550022125244,-0.39120689034461975
0.2241571992635727,0.5489470958709717,0.376785546541214,-1.8157590627670288,-0.26410552859306335,2.315277099609375,-0.3736804723739624
0.23956306278705597,0.5462654829025269,0.3591374456882477,-1.815356731414795,-0.25127506256103516,2.316891670227051,-0.35615408420562744
0.2550657391548157,0.5437483191490173,0.3414095938205719,-1.8149253129959106,-0.23846127092838287,2.3184001445770264,-0.3386276662349701
0.27066102623939514,0.5413949489593506,0.32360467314720154,-1.8144646883010864,-0.22566281259059906,2.319803476333618,-0.32110127806663513
0.2863433361053467,0.5392047166824341,0.3057267367839813,-1.8139746189117432,-0.21287788450717926,2.3211021423339844,-0.3035748600959778
0.30210864543914795,0.5371792316436768,0.2877783477306366,-1.8134547472000122,-0.2001052051782608,2.322298288345337,-0.2860484719276428
0.3179505169391632,0.5353153347969055,0.26976457238197327,-1.8129053115844727,-0.18734364211559296,2.3233911991119385,-0.2685220539569855
0.3338642120361328,0.5336142778396606,0.2516885995864868,-1.8123259544372559,-0.17459186911582947,2.3243823051452637,-0.25099557638168335
0.34984371066093445,0.5320761203765869,0.23355509340763092,-1.8117172718048096,-0.1618487536907196,2.325273275375366,-0.23346920311450958
0.3658836781978607,0.5306996703147888,0.21536800265312195,-1.8110785484313965,-0.14911219477653503,2.3260626792907715,-0.21594280004501343
0.38197803497314453,0.5294856429100037,0.1971319615840912,-1.8104101419448853,-0.13638094067573547,2.3267533779144287,-0.19841638207435608
0.3981204628944397,0.5284330248832703,0.17885002493858337,-1.809711217880249,-0.12365403771400452,2.3273439407348633,-0.18088997900485992
0.41430556774139404,0.5275430083274841,0.1605301946401596,-1.8089828491210938,-0.11093027144670486,2.327836513519287,-0.16336357593536377
0.4305262565612793,0.5268138647079468,0.14217601716518402,-1.8082237243652344,-0.09820826351642609,2.3282294273376465,-0.1458371877670288
0.44677650928497314,0.5262465476989746,0.1237921491265297,-1.8074350357055664,-0.08548609167337418,2.328524589538574,-0.12831078469753265
0.46304988861083984,0.5258414149284363,0.10538363456726074,-1.8066155910491943,-0.07276353985071182,2.3287222385406494,-0.11078431457281113
0.4793403446674347,0.5255971550941467,0.08695527166128159,-1.805765986442566,-0.06003822013735771,2.3288214206695557,-0.09325795620679855
0.4956406056880951,0.5255146622657776,0.06851278990507126,-1.8048861026763916,-0.04730967804789543,2.3288228511810303,-0.07573152333498001
0.5119447112083435,0.5255940556526184,0.05006108433008194,-1.8039758205413818,-0.03457682579755783,2.3287272453308105,-0.05820513889193535
0.5282461643218994,0.525834321975708,0.03160472586750984,-1.8030351400375366,-0.0218368973582983,2.32853364944458,-0.04067870229482651
0.5445382595062256,0.5262368321418762,0.01314952690154314,-1.8020637035369873,-0.009089985862374306,2.328242301940918,-0.023152267560362816
0.5608144402503967,0.526800811290741,-0.005299591459333897,-1.801061749458313,0.003665383206680417,2.327852964401245,-0.005625883582979441
0.5770683884620667,0.5275260210037231,-0.023737600073218346,-1.800028920173645,0.016431227326393127,2.3273653984069824,0.011900552548468113
0.5932936072349548,0.5284138917922974,-0.04215925931930542,-1.7989658117294312,0.029208119958639145,2.32677960395813,0.029426906257867813
0.609484076499939,0.5294633507728577,-0.060560330748558044,-1.7978715896606445,0.04199804738163948,2.3260951042175293,0.04695337265729904
0.625633180141449,0.5306751132011414,-0.07893556356430054,-1.7967466115951538,0.054802075028419495,2.3253116607666016,0.06447972357273102
0.6417357325553894,0.5320488214492798,-0.09728095680475235,-1.7955907583236694,0.06762150675058365,2.3244283199310303,0.08200616389513016
0.6577844023704529,0.5335854291915894,-0.11559099704027176,-1.7944039106369019,0.08045785874128342,2.3234453201293945,0.09953262656927109
0.6737743020057678,0.535284698009491,-0.13386210799217224,-1.7931861877441406,0.09331250190734863,2.3223612308502197,0.11705898493528366
0.6896992921829224,0.5371466875076294,-0.1520896852016449,-1.7919373512268066,0.1061868965625763,2.3211758136749268,0.1345854252576828
0.705554723739624,0.5391713976860046,-0.17027072608470917,-1.790657639503479,0.11908292025327682,2.319888114929199,0.15211179852485657
0.7213346362113953,0.5413599014282227,-0.1884007453918457,-1.7893465757369995,0.13200165331363678,2.318497657775879,0.1696382313966751
0.7370333075523376,0.5437131524085999,-0.20647569000720978,-1.7880041599273682,0.14494451880455017,2.3170037269592285,0.18716458976268768
0.7526470422744751,0.5462303161621094,-0.22449353337287903,-1.7866308689117432,0.15791372954845428,2.3154046535491943,0.2046910524368286
0.768170177936554,0.5489117503166199,-0.24245023727416992,-1.7852261066436768,0.1709103286266327,2.313699722290039,0.2222174108028412
0.7835982441902161,0.5517593026161194,-0.26034295558929443,-1.783790111541748,0.18393616378307343,2.3118882179260254,0.23974384367465973
0.7989273071289062,0.5547726154327393,-0.27816978096961975,-1.782322645187378,0.19699321687221527,2.3099682331085205,0.25727030634880066
0.814152717590332,0.5579524040222168,-0.29592761397361755,-1.7808234691619873,0.21008269488811493,2.307938575744629,0.27479666471481323
0.8292708396911621,0.5612996220588684,-0.3136145770549774,-1.779293417930603,0.22320695221424103,2.3057987689971924,0.29232311248779297
0.8442776799201965,0.5648152828216553,-0.33122867345809937,-1.7777317762374878,0.23636727035045624,2.3035471439361572,0.30984947085380554
0.8591704368591309,0.5684996843338013,-0.3487693667411804,-1.776138186454773,0.24956634640693665,2.301180362701416,0.3273759186267853
0.8739445805549622,0.5723543763160706,-0.3662337362766266,-1.7745132446289062,0.2628052234649658,2.298699140548706,0.34490227699279785
0.8885989785194397,0.5763798356056213,-0.38362276554107666,-1.7728564739227295,0.27608737349510193,2.296099901199341,0.3624287545681
0.9031291604042053,0.580578088760376,-0.40093424916267395,-1.7711684703826904,0.28941330313682556,2.293382167816162,0.3799552023410797
0.9175329804420471,0.5849496722221375,-0.41816821694374084,-1.7694483995437622,0.3027862012386322,2.2905426025390625,0.3974815607070923
0.9318077564239502,0.5894972085952759,-0.43532419204711914,-1.7676963806152344,0.3162083029747009,2.2875804901123047,0.41500797867774963
0.9459525346755981,0.5942204594612122,-0.4524036943912506,-1.7659130096435547,0.32968229055404663,2.2844924926757812,0.4325343370437622
0.9599639177322388,0.5991228818893433,-0.4694056808948517,-1.7640975713729858,0.3432098627090454,2.2812769412994385,0.45006078481674194
0.9738408923149109,0.6042050123214722,-0.48633164167404175,-1.7622504234313965,0.35679420828819275,2.277930974960327,0.4675871431827545
0.9875822067260742,0.6094697117805481,-0.5031833648681641,-1.7603710889816284,0.370437890291214,2.274451494216919,0.48511362075805664
1.0011850595474243,0.6149188280105591,-0.5199600458145142,-1.7584596872329712,0.38414332270622253,2.27083683013916,0.5026399493217468
1.014649748802185,0.6205548644065857,-0.5366654396057129,-1.7565168142318726,0.3979143798351288,2.2670834064483643,0.5201664566993713
1.0279744863510132,0.6263808012008667,-0.5533008575439453,-1.7545413970947266,0.41175377368927,2.2631871700286865,0.5376929044723511
1.0411591529846191,0.6323983073234558,-0.5698688626289368,-1.75253427028656,0.42566466331481934,2.259145975112915,0.5552192330360413
1.0542018413543701,0.6386117339134216,-0.5863708853721619,-1.7504949569702148,0.439650297164917,2.2549564838409424,0.572745680809021
1.0671029090881348,0.6450232863426208,-0.6028110980987549,-1.7484232187271118,0.4537147879600525,2.2506136894226074,0.5902720093727112
1.079861044883728,0.6516371965408325,-0.6191914677619934,-1.7463195323944092,0.4678613841533661,2.24611496925354,0.6077984571456909
1.0924772024154663,0.6584571003913879,-0.6355170011520386,-1.7441834211349487,0.4820944666862488,2.241454601287842,0.6253248453140259
1.1049506664276123,0.6654866337776184,-0.6517904996871948,-1.7420153617858887,0.4964185059070587,2.2366297245025635,0.6428512930870056
1.0244895219802856,0.672655463218689,-0.5806820392608643,-1.692744255065918,0.4470343291759491,2.2296574115753174,0.6718437671661377
0.9456364512443542,0.6840857863426208,-0.5098567605018616,-1.640694260597229,0.3975209593772888,2.2197682857513428,0.700836181640625
0.8687583208084106,0.6997913122177124,-0.43944254517555237,-1.5855262279510498,0.3475836515426636,2.2069051265716553,0.7298286557197571
0.7941467761993408,0.7198694944381714,-0.36942872405052185,-1.5268025398254395,0.29686635732650757,2.1909303665161133,0.7588210701942444
0.7220175266265869,0.744525671005249,-0.2996312975883484,-1.4639461040496826,0.24491670727729797,2.1716060638427734,0.7878135442733765
0.6525143980979919,0.7741217017173767,-0.22964231669902802,-1.396169662475586,0.19112904369831085,2.148560047149658,0.8168060183525085
0.5857212543487549,0.8092495203018188,-0.15874169766902924,-1.3223590850830078,0.1346438080072403,2.1212267875671387,0.8457984328269958
0.5943498015403748,0.7584259510040283,-0.17989520728588104,-1.4150722026824951,0.1485912799835205,2.160248279571533,0.8512489199638367
0.6026979088783264,0.7122129201889038,-0.20062705874443054,-1.4992194175720215,0.16122281551361084,2.195220947265625,0.8566993474960327
0.6107633709907532,0.6695463061332703,-0.22112677991390228,-1.576706886291504,0.17266494035720825,2.227036952972412,0.8621498346328735
0.618549644947052,0.6297144293785095,-0.2415524125099182,-1.6487997770309448,0.18300288915634155,2.2562906742095947,0.8676002621650696
0.6260653734207153,0.5922141075134277,-0.2620420753955841,-1.7163845300674438,0.19229087233543396,2.28340482711792,0.8730507493019104
0.6333274841308594,0.5566743612289429,-0.2827254831790924,-1.7801086902618408,0.20056115090847015,2.308687925338745,0.8785012364387512
0.6480915546417236,0.5483967065811157,-0.3210409879684448,-1.8023462295532227,0.22551198303699493,2.3149056434631348,0.8630496859550476
0.6621538996696472,0.5416463613510132,-0.35870397090911865,-1.8227802515029907,0.24978533387184143,2.320096492767334,0.8475981950759888
0.6754031181335449,0.536378800868988,-0.39566120505332947,-1.8414561748504639,0.27346304059028625,2.3243002891540527,0.8321466445922852
0.687731921672821,0.5325559973716736,-0.43185463547706604,-1.8584119081497192,0.2966214120388031,2.327547311782837,0.8166951537132263
0.6990374326705933,0.5301466584205627,-0.4672243595123291,-1.8736772537231445,0.3193349540233612,2.329859972000122,0.8012436032295227
0.7092247605323792,0.5291255712509155,-0.5017122626304626,-1.8872764110565186,0.3416750431060791,2.3312549591064453,0.7857921123504639
0.7182124257087708,0.5294719934463501,-0.5352696776390076,-1.8992294073104858,0.36371245980262756,2.331740379333496,0.7703405618667603
0.7259288430213928,0.5311720371246338,-0.567853569984436,-1.9095507860183716,0.38551875948905945,2.331320285797119,0.7548890709877014
0.7323196530342102,0.534217894077301,-0.5994364619255066,-1.9182517528533936,0.4071654975414276,2.3299903869628906,0.7394375205039978
0.7373467683792114,0.5386068224906921,-0.6300050616264343,-1.925340175628662,0.42872774600982666,2.3277406692504883,0.7239859700202942
0.7409892678260803,0.544344425201416,-0.6595638394355774,-1.9308199882507324,0.4502822160720825,2.3245530128479004,0.7085344791412354
0.7432423830032349,0.5514435172080994,-0.6881328225135803,-1.934694766998291,0.47190895676612854,2.3204050064086914,0.6930829286575317
0.744120180606842,0.5599254369735718,-0.7157536745071411,-1.9369629621505737,0.49369338154792786,2.315263271331787,0.6776314377784729
0.7436520457267761,0.5698213577270508,-0.7424861788749695,-1.937621831893921,0.5157259106636047,2.309088706970215,0.6621798872947693
0.7418836355209351,0.5811718702316284,-0.7684111595153809,-1.9366673231124878,0.5381032824516296,2.3018314838409424,0.6467283964157104
0.7388717532157898,0.5940310955047607,-0.793626606464386,-1.934091329574585,0.5609303116798401,2.2934327125549316,0.6312768459320068
0.7346888184547424,0.608466625213623,-0.8182551860809326,-1.9298851490020752,0.5843220353126526,2.2838199138641357,0.615825355052948
0.7294140458106995,0.624561071395874,-0.8424361348152161,-1.9240374565124512,0.6084040999412537,2.272909641265869,0.6003738045692444
0.7231361269950867,0.642417311668396,-0.8663334846496582,-1.9165340662002563,0.6333180069923401,2.2605996131896973,0.5849222540855408
0.7159481644630432,0.6621599793434143,-0.8901328444480896,-1.9073582887649536,0.6592229008674622,2.246770143508911,0.5694707632064819
0.7079484462738037,0.6839408278465271,-0.9140474200248718,-1.8964905738830566,0.6863002777099609,2.231276512145996,0.5540192127227783
0.6992345452308655,0.7079461812973022,-0.9383201599121094,-1.8839080333709717,0.7147643566131592,2.2139458656311035,0.5385676622390747
0.6899036169052124,0.7344059944152832,-0.9632316827774048,-1.8695831298828125,0.744865894317627,2.194566488265991,0.5231161713600159
0.7358965277671814,0.6502883434295654,-0.9772017598152161,-1.99387788772583,0.7076098918914795,2.2595248222351074,0.5310049057006836
0.7930191159248352,0.5746053457260132,-1.0111654996871948,-2.1105613708496094,0.6781095266342163,2.3170745372772217,0.5388936996459961
0.8655953407287598,0.5062318444252014,-1.067154884338379,-2.2212202548980713,0.6537476778030396,2.3685836791992188,0.5467824935913086
0.9595397710800171,0.445146769285202,-1.1497490406036377,-2.326998233795166,0.6328269243240356,2.414813280105591,0.5546712279319763
1.0824038982391357,0.3924381732940674,-1.2657155990600586,-2.428755044937134,0.6141265034675598,2.456127405166626,0.562559962272644
1.2419661283493042,0.35051432251930237,-1.4224134683609009,-2.5271573066711426,0.596672773361206,2.492582082748413,0.5704487562179565
1.441290259361267,0.3231975734233856,-1.6227549314498901,-2.6227383613586426,0.579595148563385,2.5239524841308594,0.5783374905586243
1.66994309425354,0.3150504231452942,-1.8563987016677856,-2.7159361839294434,0.5620139241218567,2.5497114658355713,0.5862262845039368
1.618977665901184,0.3072628676891327,-1.8404520750045776,-2.7074098587036133,0.5513321757316589,2.551393985748291,0.5569977760314941
1.5637844800949097,0.2999154031276703,-1.8198511600494385,-2.69754695892334,0.5413694381713867,2.5524675846099854,0.5277692079544067
1.5042760372161865,0.29313796758651733,-1.7944350242614746,-2.686366081237793,0.532204806804657,2.5529074668884277,0.4985406994819641
1.4404423236846924,0.2870754897594452,-1.7641301155090332,-2.673889636993408,0.5239080786705017,2.552690029144287,0.4693121612071991
1.3723795413970947,0.28188270330429077,-1.7289807796478271,-2.660140037536621,0.5165426731109619,2.551793098449707,0.44008365273475647
1.3003188371658325,0.2777236998081207,-1.6891776323318481,-2.645141363143921,0.5101637244224548,2.5501961708068848,0.41085511445999146
1.2246562242507935,0.27476489543914795,-1.6450870037078857,-2.628918170928955,0.5048162341117859,2.547880172729492,0.38162657618522644
1.145967960357666,0.27316924929618835,-1.5972673892974854,-2.611495018005371,0.5005401968955994,2.544825553894043,0.3523980677127838
1.06501305103302,0.27308881282806396,-1.5464694499969482,-2.592895030975342,0.4973694384098053,2.541013717651367,0.3231695294380188
0.9827009439468384,0.27465853095054626,-1.493605375289917,-2.573141574859619,0.4953307509422302,2.536426067352295,0.29394102096557617
0.900043785572052,0.27798619866371155,-1.4396990537643433,-2.552255392074585,0.494446724653244,2.5310440063476562,0.26471248269081116
0.8180974721908569,0.2831512689590454,-1.3858274221420288,-2.5302557945251465,0.49473780393600464,2.5248475074768066,0.23548395931720734
0.7378749251365662,0.2902015745639801,-1.333032488822937,-2.507160186767578,0.496219664812088,2.517815113067627,0.20625543594360352
0.6602799296379089,0.29915672540664673,-1.28225576877594,-2.482982635498047,0.49890854954719543,2.50992488861084,0.1770268827676773
0.5860598087310791,0.3100099563598633,-1.234289288520813,-2.457735538482666,0.5028193593025208,2.501150608062744,0.14779837429523468
0.5157729387283325,0.32273778319358826,-1.1897443532943726,-2.431426525115967,0.5079693794250488,2.4914636611938477,0.11856983602046967
0.44978758692741394,0.3373033106327057,-1.1490490436553955,-2.4040613174438477,0.5143774747848511,2.480832576751709,0.08934132754802704
0.388296514749527,0.35366737842559814,-1.1124625205993652,-2.375641107559204,0.522066056728363,2.4692201614379883,0.06011277809739113
0.33134332299232483,0.37179237604141235,-1.080106258392334,-2.346163511276245,0.5310640335083008,2.4565846920013428,0.030884278938174248
0.27886074781417847,0.39165055751800537,-1.0519976615905762,-2.3156208992004395,0.5414073467254639,2.442875623703003,0.0016557298367843032
0.23069091141223907,0.41322481632232666,-1.028074026107788,-2.2840023040771484,0.5531390309333801,2.4280381202697754,-0.027572784572839737
0.18662293255329132,0.4365159869194031,-1.008228063583374,-2.251290798187256,0.5663159489631653,2.4120054244995117,-0.05680131912231445
0.14641547203063965,0.4615446925163269,-0.9923402070999146,-2.217463254928589,0.581007719039917,2.3946990966796875,-0.08602983504533768
0.1098056361079216,0.48835429549217224,-0.9802836775779724,-2.1824917793273926,0.5973014235496521,2.376028537750244,-0.11525838077068329
0.07653135061264038,0.5170146822929382,-0.9719532132148743,-2.1463403701782227,0.6153079271316528,2.3558847904205322,-0.14448687434196472
0.04633506014943123,0.5476281642913818,-0.9672734141349792,-2.1089653968811035,0.6351642608642578,2.3341379165649414,-0.17371542751789093
-0.004384482745081186,0.526248037815094,-0.9050446152687073,-2.092714786529541,0.5861671566963196,2.346231698989868,-0.15563884377479553
-0.059107109904289246,0.5078739523887634,-0.8390877842903137,-2.075716018676758,0.537147045135498,2.3561344146728516,-0.13756226003170013
-0.11769181489944458,0.49247947335243225,-0.7694514393806458,-2.0579426288604736,0.4880176782608032,2.3639774322509766,-0.11948569118976593
-0.17987987399101257,0.4800710380077362,-0.69630366563797,-2.039365768432617,0.4386979341506958,2.3698599338531494,-0.10140910744667053
-0.2452886700630188,0.47067755460739136,-0.6199362277984619,-2.0199553966522217,0.389107346534729,2.3738574981689453,-0.08333253115415573
-0.3134017884731293,0.4643445909023285,-0.5407723188400269,-1.9996784925460815,0.3391662538051605,2.37601900100708,-0.06525594741106033
-0.3835900127887726,0.46112415194511414,-0.4593432545661926,-1.9785007238388062,0.2887907922267914,2.3763747215270996,-0.047179363667964935
-0.45512655377388,0.46106815338134766,-0.3762713074684143,-1.9563841819763184,0.2378927320241928,2.374929189682007,-0.029102783650159836
-0.527238667011261,0.4642249345779419,-0.29221585392951965,-1.93328857421875,0.18637116253376007,2.371670722961426,-0.011026203632354736
-0.5991454124450684,0.4706386625766754,-0.20783235132694244,-1.9091700315475464,0.13411696255207062,2.3665640354156494,0.007050372660160065
-0.6701083183288574,0.4803501069545746,-0.12371790409088135,-1.8839800357818604,0.08100341260433197,2.359550714492798,0.025126952677965164
-0.7394752502441406,0.4934031069278717,-0.04036317393183708,-1.857666015625,0.02688034437596798,2.35054874420166,0.043203528970479965
-0.8067047595977783,0.5098525285720825,0.04187776893377304,-1.8301692008972168,-0.028427712619304657,2.3394460678100586,0.061280108988285065
-0.8895068168640137,0.5106984376907349,0.13678394258022308,-1.8346514701843262,-0.09282870590686798,2.3392019271850586,0.08713658899068832
-0.9715396761894226,0.5157676935195923,0.23090577125549316,-1.8383218050003052,-0.15721072256565094,2.336427927017212,0.11299306154251099
-1.0519294738769531,0.5250679850578308,0.32354751229286194,-1.8411895036697388,-0.22174136340618134,2.331073522567749,0.13884954154491425
-1.129904866218567,0.5386252999305725,0.4141223728656769,-1.843264102935791,-0.28659579157829285,2.3230414390563965,0.1647060215473175
-1.2048377990722656,0.5564960241317749,0.5021999478340149,-1.8445559740066528,-0.3519640266895294,2.3121838569641113,0.19056248664855957
-1.276262640953064,0.5787858963012695,0.5875331163406372,-1.845076322555542,-0.418063759803772,2.298292398452759,0.21641896665096283
-1.3438702821731567,0.6056735515594482,0.6700621247291565,-1.844836950302124,-0.4851473271846771,2.2810873985290527,0.2422754466533661
-1.4075002670288086,0.6374421715736389,0.7499244213104248,-1.8438503742218018,-0.5535261034965515,2.2601912021636963,0.26813194155693054
-1.4671052694320679,0.674518883228302,0.8274377584457397,-1.8421289920806885,-0.6235904097557068,2.235102653503418,0.2939884066581726
-1.522728443145752,0.7175389528274536,0.9031161665916443,-1.839687466621399,-0.6958550214767456,2.2051403522491455,0.3198448717594147
-1.5744621753692627,0.7674430012702942,0.9776855707168579,-1.8365395069122314,-0.7710250616073608,2.169363498687744,0.34570133686065674
-1.6224207878112793,0.8256480097770691,1.052164077758789,-1.8327006101608276,-0.850121796131134,2.1264188289642334,0.3715578317642212
-1.666698694229126,0.8943804502487183,1.1280322074890137,-1.8281856775283813,-0.934726893901825,2.0742478370666504,0.39741429686546326
-1.6688973903656006,0.8962888121604919,1.1314913034439087,-1.8301677703857422,-0.9379838109016418,2.0728566646575928,0.3768055737018585
-1.671085000038147,0.898218035697937,1.1349443197250366,-1.8321435451507568,-0.9412438869476318,2.0714478492736816,0.3561968505382538
-1.6732617616653442,0.9001681804656982,1.1383916139602661,-1.834113359451294,-0.9445076584815979,2.070021629333496,0.33558812737464905
-1.675426721572876,0.9021396040916443,1.141832709312439,-1.836077332496643,-0.9477748870849609,2.068577527999878,0.3149794340133667
-1.6775795221328735,0.9041315317153931,1.1452666521072388,-1.8380354642868042,-0.9510446786880493,2.0671162605285645,0.29437071084976196
-1.679721713066101,0.9061456322669983,1.1486958265304565,-1.8399871587753296,-0.9543193578720093,2.065636157989502,0.2737619876861572
-1.681851863861084,0.9081808924674988,1.152118444442749,-1.8419331312179565,-0.9575972557067871,2.064138174057007,0.2531532645225525
-1.6839706897735596,0.9102379083633423,1.1555354595184326,-1.843873143196106,-0.9608790278434753,2.062621831893921,0.23254454135894775
-1.6860781908035278,0.9123167991638184,1.1589467525482178,-1.8458073139190674,-0.9641647934913635,2.061086654663086,0.2119358330965042
-1.6881738901138306,0.9144179821014404,1.162352442741394,-1.8477355241775513,-0.9674548506736755,2.059532642364502,0.19132710993289948
-1.6902576684951782,0.9165409207344055,1.1657519340515137,-1.8496580123901367,-0.9707487225532532,2.0579605102539062,0.17071838676929474
-1.6923301219940186,0.9186863303184509,1.169146180152893,-1.8515746593475342,-0.9740470051765442,2.056368827819824,0.15010966360569
-1.6943904161453247,0.9208539724349976,1.1725342273712158,-1.8534857034683228,-0.9773492813110352,2.0547585487365723,0.12950094044208527
-1.6964398622512817,0.9230460524559021,1.1759183406829834,-1.8553904294967651,-0.9806574583053589,2.0531272888183594,0.10889222472906113
-1.6984766721725464,0.9252592325210571,1.1792956590652466,-1.8572899103164673,-0.9839691519737244,2.0514779090881348,0.08828350901603699
-1.7005016803741455,0.9274961948394775,1.1826677322387695,-1.8591833114624023,-0.9872854351997375,2.0498085021972656,0.06767480075359344
-1.7025153636932373,0.9297563433647156,1.1860350370407104,-1.861071228981018,-0.9906073212623596,2.048119068145752,0.047066062688827515
-1.7045178413391113,0.9320411086082458,1.189398169517517,-1.8629531860351562,-0.9939346313476562,2.046408176422119,0.02645735815167427
-1.7065080404281616,0.9343496561050415,1.192755937576294,-1.864829659461975,-0.9972672462463379,2.044677257537842,0.005848620552569628
-1.7084853649139404,0.9366806149482727,1.1961071491241455,-1.8667004108428955,-1.0006039142608643,2.0429272651672363,-0.01476008165627718
-1.710451364517212,0.9390366673469543,1.1994545459747314,-1.8685657978057861,-1.0039465427398682,2.0411553382873535,-0.035368818789720535
-1.7124053239822388,0.9414175152778625,1.2027969360351562,-1.8704251050949097,-1.0072951316833496,2.039362668991089,-0.05597752332687378
-1.714348316192627,0.943823516368866,1.2061357498168945,-1.872279167175293,-1.0106499195098877,2.0375475883483887,-0.07658626139163971
-1.716278076171875,0.9462541937828064,1.2094688415527344,-1.8741275072097778,-1.014009952545166,2.0357120037078857,-0.09719496220350266
-1.718196153640747,0.9487093687057495,1.2127976417541504,-1.8759703636169434,-1.017376184463501,2.0338544845581055,-0.11780370026826859
-1.720102071762085,0.9511905908584595,1.2161219120025635,-1.877807378768921,-1.0207488536834717,2.031975030899048,-0.13841240108013153
-1.7219963073730469,0.9536973237991333,1.2194421291351318,-1.8796393871307373,-1.02412748336792,2.0300731658935547,-0.15902113914489746
-1.7238775491714478,0.9562300443649292,1.2227574586868286,-1.8814655542373657,-1.0275123119354248,2.028149127960205,-0.179629847407341
-1.7257471084594727,0.958789587020874,1.226069450378418,-1.8832862377166748,-1.030904769897461,2.0262017250061035,-0.20023861527442932
-1.7276049852371216,0.961375892162323,1.2293779850006104,-1.885101318359375,-1.0343043804168701,2.02423095703125,-0.22084727883338928
-1.7294505834579468,0.9639891386032104,1.232682704925537,-1.886911153793335,-1.0377111434936523,2.0222370624542236,-0.2414560317993164
-1.7312830686569214,0.9666292071342468,1.2359826564788818,-1.8887155055999756,-1.0411243438720703,2.0202198028564453,-0.26206469535827637
-1.73310387134552,0.9692964553833008,1.2392796277999878,-1.890514612197876,-1.0445449352264404,2.0181784629821777,-0.28267350792884827
-1.7349120378494263,0.9719920754432678,1.2425730228424072,-1.892307996749878,-1.047973871231079,2.016113042831421,-0.3032821714878082
-1.7367085218429565,0.9747157096862793,1.2458633184432983,-1.8940962553024292,-1.051410436630249,2.0140228271484375,-0.32389089465141296
-1.7384920120239258,0.9774677157402039,1.249150037765503,-1.8958792686462402,-1.0548545122146606,2.0119080543518066,-0.3444995880126953
-1.7402637004852295,0.9802495837211609,1.2524346113204956,-1.8976565599441528,-1.0583080053329468,2.0097670555114746,-0.3651083707809448
-1.7420223951339722,0.9830599427223206,1.2557156085968018,-1.8994288444519043,-1.0617694854736328,2.007601499557495,-0.3857170641422272
-1.7437688112258911,0.985899031162262,1.2589935064315796,-1.901195764541626,-1.0652388334274292,2.0054101943969727,-0.4063257873058319
-1.7455024719238281,0.9887688159942627,1.2622690200805664,-1.9029573202133179,-1.0687174797058105,2.003192663192749,-0.42693445086479187
-1.7472244501113892,0.9916692972183228,1.2655425071716309,-1.904713749885559,-1.072205901145935,2.000947952270508,-0.44754326343536377
-1.7489326000213623,0.9946001768112183,1.2688130140304565,-1.9064648151397705,-1.0757033824920654,1.9986767768859863,-0.46815192699432373
-1.7506295442581177,0.997563362121582,1.272082805633545,-1.9082106351852417,-1.0792109966278076,1.9963769912719727,-0.48876067996025085
-1.7523131370544434,1.00055730342865,1.2753496170043945,-1.9099512100219727,-1.0827279090881348,1.9940506219863892,-0.5093693137168884
-1.7539844512939453,1.003583550453186,1.2786152362823486,-1.9116865396499634,-1.0862555503845215,1.9916954040527344,-0.5299781560897827
-1.7556426525115967,1.0066421031951904,1.2818787097930908,-1.9134166240692139,-1.0897934436798096,1.9893121719360352,-0.5505868196487427
-1.7572886943817139,1.0097342729568481,1.2851414680480957,-1.9151418209075928,-1.0933418273925781,1.9868993759155273,-0.5711955428123474
-1.7589216232299805,1.0128597021102905,1.288402795791626,-1.916861653327942,-1.0969014167785645,1.984457015991211,-0.5918042063713074
-1.7605414390563965,1.0160189867019653,1.2916629314422607,-1.9185761213302612,-1.1004729270935059,1.9819852113723755,-0.6124130487442017
-1.7621482610702515,1.0192124843597412,1.2949217557907104,-1.920285701751709,-1.1040549278259277,1.9794832468032837,-0.6330217123031616
-1.76374351978302,1.0224419832229614,1.2981815338134766,-1.921990156173706,-1.107649803161621,1.9769494533538818,-0.6536304354667664
-1.7653241157531738,1.0257056951522827,1.3014392852783203,-1.923689603805542,-1.1112563610076904,1.974385142326355,-0.6742390990257263
-1.7668927907943726,1.0290063619613647,1.304697871208191,-1.9253840446472168,-1.1148756742477417,1.9717886447906494,-0.6948478817939758
-1.7684485912322998,1.032345175743103,1.307957410812378,-1.9270731210708618,-1.1185089349746704,1.9691582918167114,-0.7154566049575806
-1.76999032497406,1.0357182025909424,1.3112150430679321,-1.9287574291229248,-1.1221532821655273,1.966497778892517,-0.7360653281211853
-1.7715204954147339,1.039132833480835,1.3144757747650146,-1.9304364919662476,-1.1258137226104736,1.9638005495071411,-0.7566739916801453
-1.7730425596237183,1.0425856113433838,1.317740797996521,-1.9321105480194092,-1.1294877529144287,1.9610695838928223,-0.7772827744483948
-1.7745459079742432,1.0460766553878784,1.3210026025772095,-1.9337797164916992,-1.1331754922866821,1.9583048820495605,-0.7978914976119995
-1.7760353088378906,1.049607276916504,1.324265480041504,-1.9354437589645386,-1.1368780136108398,1.955505132675171,-0.8185002207756042
-1.777512550354004,1.0531798601150513,1.3275312185287476,-1.9371029138565063,-1.1405972242355347,1.9526679515838623,-0.8391088843345642
-1.7789759635925293,1.0567944049835205,1.3307987451553345,-1.9387569427490234,-1.144331932067871,1.949793815612793,-0.8597176671028137
-1.7804253101348877,1.0604496002197266,1.3340675830841064,-1.940406084060669,-1.148081660270691,1.9468837976455688,-0.8803263306617737
-1.7818626165390015,1.0641496181488037,1.3373409509658813,-1.9420504570007324,-1.1518498659133911,1.9439334869384766,-0.9009349942207336
-1.7832850217819214,1.0678932666778564,1.3406161069869995,-1.9436895847320557,-1.1556344032287598,1.9409453868865967,-0.9215437173843384
-1.7846949100494385,1.0716814994812012,1.3438953161239624,-1.9453240633010864,-1.159436821937561,1.9379167556762695,-0.9421525001525879
-1.786090612411499,1.0755161046981812,1.3471784591674805,-1.9469536542892456,-1.16325843334198,1.9348475933074951,-0.9627612829208374
-1.787473201751709,1.0793981552124023,1.3504661321640015,-1.9485780000686646,-1.1670987606048584,1.9317359924316406,-0.9833699464797974
-1.7888416051864624,1.0833275318145752,1.3537578582763672,-1.9501978158950806,-1.1709586381912231,1.9285829067230225,-1.0039786100387573
-1.7901955842971802,1.0873041152954102,1.3570537567138672,-1.9518126249313354,-1.174837589263916,1.9253873825073242,-1.0245873928070068
-1.791536569595337,1.0913326740264893,1.3603565692901611,-1.9534225463867188,-1.1787387132644653,1.922145962715149,-1.0451960563659668
-1.7928636074066162,1.095411777496338,1.363664984703064,-1.9550279378890991,-1.182660698890686,1.9188594818115234,-1.0658048391342163
-1.7941763401031494,1.099543809890747,1.3669801950454712,-1.9566280841827393,-1.1866060495376587,1.915526032447815,-1.0864135026931763
-1.7954745292663574,1.1037275791168213,1.3703012466430664,-1.9582237005233765,-1.1905722618103027,1.9121465682983398,-1.1070222854614258
-1.796758770942688,1.107967734336853,1.3736306428909302,-1.9598145484924316,-1.1945641040802002,1.9087172746658325,-1.1276310682296753
-1.7980291843414307,1.1122642755508423,1.3769683837890625,-1.9614003896713257,-1.1985805034637451,1.9052375555038452,-1.1482397317886353
-1.79928457736969,1.1166183948516846,1.380314588546753,-1.9629813432693481,-1.2026225328445435,1.9017066955566406,-1.1688483953475952
-1.8005244731903076,1.1210229396820068,1.3836652040481567,-1.9645583629608154,-1.2066835165023804,1.8981306552886963,-1.1894571781158447
-1.801750898361206,1.125497817993164,1.3870309591293335,-1.9661298990249634,-1.2107799053192139,1.8944926261901855,-1.2100658416748047
-1.8029624223709106,1.1300344467163086,1.3904070854187012,-1.9676966667175293,-1.2149040699005127,1.8907997608184814,-1.2306745052337646
-1.8041595220565796,1.1346348524093628,1.3937947750091553,-1.9692587852478027,-1.2190576791763306,1.887049674987793,-1.2512831687927246
-1.8053412437438965,1.1393003463745117,1.3971936702728271,-1.9708161354064941,-1.2232413291931152,1.8832422494888306,-1.2718919515609741
-1.806508183479309,1.1440354585647583,1.4006065130233765,-1.972368836402893,-1.2274577617645264,1.8793728351593018,-1.2925008535385132
-1.80765962600708,1.1488380432128906,1.4040318727493286,-1.973917007446289,-1.2317054271697998,1.8754432201385498,-1.3131095170974731
-1.8087952136993408,1.1537132263183594,1.4074718952178955,-1.9754600524902344,-1.2359880208969116,1.8714491128921509,-1.333718180656433
-1.80991530418396,1.1586617231369019,1.4109270572662354,-1.9769986867904663,-1.2403054237365723,1.8673899173736572,-1.3543269634246826
-1.8110201358795166,1.1636874675750732,1.414399266242981,-1.9785326719284058,-1.24466073513031,1.8632616996765137,-1.3749356269836426
-1.8121083974838257,1.1687922477722168,1.4178886413574219,-1.9800622463226318,-1.249054193496704,1.859063744544983,-1.3955442905426025
-1.813180685043335,1.1739786863327026,1.4213968515396118,-1.9815866947174072,-1.253488302230835,1.8547929525375366,-1.4161529541015625
-1.8142368793487549,1.179249882698059,1.4249250888824463,-1.9831067323684692,-1.2579646110534668,1.8504469394683838,-1.4367616176605225
-1.8152759075164795,1.184607982635498,1.428473949432373,-1.9846222400665283,-1.2624844312667847,1.846023440361023,-1.457370638847351
-1.816298484802246,1.1900572776794434,1.432045578956604,-1.986133098602295,-1.2670506238937378,1.8415191173553467,-1.477979302406311
-1.817304015159607,1.195600986480713,1.4356410503387451,-1.987639307975769,-1.2716648578643799,1.8369308710098267,-1.498587965965271
-1.8182917833328247,1.2012418508529663,1.4392614364624023,-1.9891409873962402,-1.2763288021087646,1.8322563171386719,-1.5191967487335205
-1.8192623853683472,1.2069849967956543,1.442909836769104,-1.9906381368637085,-1.2810463905334473,1.8274908065795898,-1.5398054122924805
-1.8202153444290161,1.2128368616104126,1.446588158607483,-1.9921306371688843,-1.2858211994171143,1.8226289749145508,-1.5604140758514404
-1.8211491107940674,1.218796968460083,1.4502958059310913,-1.9936184883117676,-1.2906525135040283,1.8176714181900024,-1.5810227394104004
-1.8220648765563965,1.2248740196228027,1.4540374279022217,-1.9951019287109375,-1.295546531677246,1.8126097917556763,-1.6016316413879395
-1.8229613304138184,1.231073260307312,1.4578149318695068,-1.996580719947815,-1.300506353378296,1.8074400424957275,-1.6222403049468994
-1.8238383531570435,1.237398624420166,1.4616299867630005,-1.9980552196502686,-1.3055347204208374,1.8021581172943115,-1.6428489685058594
-1.824695348739624,1.2438584566116333,1.4654860496520996,-1.9995248317718506,-1.3106365203857422,1.7967571020126343,-1.6634577512741089
-1.8255314826965332,1.2504582405090332,1.4693855047225952,-2.000990152359009,-1.3158154487609863,1.7912321090698242,-1.6840664148330688
-1.8263463973999023,1.2572040557861328,1.4733309745788574,-2.002451181411743,-1.321075201034546,1.7855778932571411,-1.7046751976013184
-1.827140212059021,1.2641104459762573,1.4773293733596802,-2.0039072036743164,-1.3264254331588745,1.7797815799713135,-1.7252838611602783
-1.827911376953125,1.2711833715438843,1.4813826084136963,-2.005358934402466,-1.3318700790405273,1.773837685585022,-1.7458925247192383
-1.828659176826477,1.278430461883545,1.4854941368103027,-2.0068063735961914,-1.3374134302139282,1.7677401304244995,-1.7665013074874878
-1.8293825387954712,1.2858641147613525,1.4896694421768188,-2.008249282836914,-1.343064308166504,1.7614771127700806,-1.7871100902557373
-1.8300809860229492,1.2934991121292114,1.4939149618148804,-2.009687662124634,-1.3488316535949707,1.7550365924835205,-1.8077187538146973
-1.8307533264160156,1.3013492822647095,1.4982372522354126,-2.0111215114593506,-1.3547248840332031,1.7484055757522583,-1.8283274173736572
-1.831398367881775,1.3094334602355957,1.5026441812515259,-2.0125510692596436,-1.360756278038025,1.7415683269500732,-1.8489360809326172
-1.8320140838623047,1.3177647590637207,1.507141351699829,-2.0139760971069336,-1.3669337034225464,1.7345130443572998,-1.8695449829101562
-1.832599401473999,1.326367974281311,1.5117402076721191,-2.0153968334198,-1.3732742071151733,1.7272177934646606,-1.8901536464691162
-1.8331518173217773,1.3352692127227783,1.516452431678772,-2.016812801361084,-1.3797945976257324,1.7196600437164307,-1.9107623100280762
-1.833669662475586,1.344494104385376,1.521289348602295,-2.0182247161865234,-1.386512041091919,1.7118167877197266,-1.9313710927963257
-1.8341500759124756,1.3540782928466797,1.5262669324874878,-2.019632339477539,-1.3934495449066162,1.703657627105713,-1.9519798755645752
-1.8345900774002075,1.364066243171692,1.5314054489135742,-2.0210351943969727,-1.4006366729736328,1.695143461227417,-1.9725885391235352
-1.8349846601486206,1.3744995594024658,1.536723017692566,-2.0224337577819824,-1.408101201057434,1.6862375736236572,-1.9931973218917847
-1.8353307247161865,1.3854491710662842,1.5422531366348267,-2.0238280296325684,-1.4158904552459717,1.676877737045288,-2.013805866241455
-1.8356208801269531,1.3969814777374268,1.5480246543884277,-2.0252180099487305,-1.4240479469299316,1.667006492614746,-2.034414768218994
-1.8358479738235474,1.409208059310913,1.5540896654129028,-2.0266034603118896,-1.4326488971710205,1.6565263271331787,-2.055023193359375
-1.8360013961791992,1.422245979309082,1.5605013370513916,-2.027984619140625,-1.4417716264724731,1.6453344821929932,-2.075632095336914
-1.8360670804977417,1.436287522315979,1.567348599433899,-2.0293612480163574,-1.451545000076294,1.6332632303237915,-2.096240758895874
-1.8360246419906616,1.451582670211792,1.5747467279434204,-2.030734062194824,-1.4621376991271973,1.6200944185256958,-2.116849660873413
-1.8358421325683594,1.468536615371704,1.5828837156295776,-2.032102108001709,-1.473822832107544,1.6054747104644775,-2.137458086013794
-1.8354666233062744,1.4878218173980713,1.5920730829238892,-2.033466100692749,-1.4870558977127075,1.58881676197052,-2.158066987991333
