-1.3387068510055542,0.7558233141899109,1.1904613971710205,-2.0866432189941406,-0.8980534076690674,2.1900744438171387,-1.9968624114990234
-1.3253567218780518,0.7421922087669373,1.1768137216567993,-2.0851376056671143,-0.8818645477294922,2.1999480724334717,-1.9784479141235352
-1.3117945194244385,0.729042112827301,1.163084626197815,-2.0835914611816406,-0.8658508062362671,2.2093935012817383,-1.9600335359573364
-1.2980153560638428,0.716349720954895,1.14926016330719,-2.082003593444824,-0.8500005006790161,2.2184336185455322,-1.9416190385818481
-1.2840194702148438,0.7040925621986389,1.135331153869629,-2.080374240875244,-0.8343028426170349,2.2270889282226562,-1.9232045412063599
-1.269803762435913,0.6922500729560852,1.121286392211914,-2.0787038803100586,-0.8187465071678162,2.235379695892334,-1.9047901630401611
-1.2553654909133911,0.6808058619499207,1.1071161031723022,-2.0769906044006348,-0.8033237457275391,2.2433218955993652,-1.8863756656646729
-1.2407028675079346,0.6697425842285156,1.0928112268447876,-2.075235366821289,-0.7880256175994873,2.2509326934814453,-1.8679612874984741
-1.225813627243042,0.6590455770492554,1.0783636569976807,-2.073437213897705,-0.772844672203064,2.258226156234741,-1.8495467901229858
-1.210694432258606,0.6487001776695251,1.0637633800506592,-2.071597099304199,-0.7577730417251587,2.2652173042297363,-1.8311322927474976
-1.195343255996704,0.6386944055557251,1.0490038394927979,-2.069713592529297,-0.7428041696548462,2.2719178199768066,-1.8127179145812988
-1.1797597408294678,0.6290170550346375,1.03407883644104,-2.0677871704101562,-0.7279332280158997,2.2783398628234863,-1.7943034172058105
-1.1639395952224731,0.619657576084137,1.0189796686172485,-2.0658175945281982,-0.7131534814834595,2.284493923187256,-1.7758889198303223
-1.147881269454956,0.610605776309967,1.0037004947662354,-2.0638043880462646,-0.6984599232673645,2.290391445159912,-1.7574745416641235
-1.1315832138061523,0.6018532514572144,0.9882354140281677,-2.0617475509643555,-0.6838480830192566,2.2960407733917236,-1.7390600442886353
-1.1150450706481934,0.5933920741081238,0.9725801944732666,-2.0596468448638916,-0.6693130731582642,2.301450490951538,-1.720645546913147
-1.0982626676559448,0.5852140784263611,0.9567266702651978,-2.057502031326294,-0.6548500657081604,2.3066306114196777,-1.7022311687469482
-1.081237554550171,0.5773131847381592,0.9406733512878418,-2.0553131103515625,-0.6404557228088379,2.311586856842041,-1.68381667137146
-1.0639667510986328,0.5696829557418823,0.9244136214256287,-2.053079605102539,-0.6261264681816101,2.3163280487060547,-1.6654022932052612
-1.0464497804641724,0.5623183250427246,0.9079440236091614,-2.0508008003234863,-0.6118583083152771,2.320859909057617,-1.646987795829773
-1.0286874771118164,0.555213212966919,0.8912619948387146,-2.0484776496887207,-0.5976476073265076,2.3251898288726807,-1.6285732984542847
-1.0106792449951172,0.5483631491661072,0.8743644952774048,-2.046109199523926,-0.5834918022155762,2.329322338104248,-1.610158920288086
-0.9924242496490479,0.5417648553848267,0.8572477102279663,-2.0436952114105225,-0.5693877935409546,2.3332645893096924,-1.5917444229125977
-0.9739251732826233,0.5354129672050476,0.839911699295044,-2.04123592376709,-0.5553323030471802,2.3370208740234375,-1.5733299255371094
-0.9551808834075928,0.5293048620223999,0.8223527073860168,-2.038731098175049,-0.5413227677345276,2.340597152709961,-1.5549155473709106
-0.9361963868141174,0.5234373211860657,0.8045735359191895,-2.036180257797241,-0.527357280254364,2.343996286392212,-1.5365010499954224
-0.9169698357582092,0.5178077816963196,0.7865695953369141,-2.033582925796509,-0.5134322047233582,2.347224473953247,-1.518086552619934
-0.8975063562393188,0.5124126076698303,0.7683441042900085,-2.0309395790100098,-0.4995453655719757,2.350285053253174,-1.4996721744537354
-0.8778078556060791,0.5072507858276367,0.7498965859413147,-2.028249502182007,-0.48569515347480774,2.353181838989258,-1.481257677078247
-0.8578782677650452,0.5023194551467896,0.7312288284301758,-2.0255126953125,-0.4718787670135498,2.355919122695923,-1.4628431797027588
-0.8377223014831543,0.4976170063018799,0.7123435139656067,-2.0227291584014893,-0.45809441804885864,2.358499526977539,-1.44442880153656
-0.8173450827598572,0.49314218759536743,0.6932435035705566,-2.0198984146118164,-0.4443398118019104,2.360926389694214,-1.4260143041610718
-0.7967502474784851,0.48889291286468506,0.673930823802948,-2.0170199871063232,-0.4306125044822693,2.3632030487060547,-1.407599925994873
-0.7759461998939514,0.4848687946796417,0.6544116139411926,-2.014094352722168,-0.41691190004348755,2.3653321266174316,-1.3891854286193848
-0.7549366354942322,0.48106834292411804,0.6346878409385681,-2.0111207962036133,-0.40323495864868164,2.367316722869873,-1.3707709312438965
-0.733732283115387,0.47749069333076477,0.614768385887146,-2.00809907913208,-0.3895803987979889,2.3691582679748535,-1.3523565530776978
-0.7123386859893799,0.4741346836090088,0.5946568250656128,-2.0050294399261475,-0.37594592571258545,2.3708600997924805,-1.3339420557022095
-0.6907640695571899,0.4710002839565277,0.5743597149848938,-2.0019114017486572,-0.3623299300670624,2.372424602508545,-1.3155275583267212
-0.6690186858177185,0.468085914850235,0.5538855195045471,-1.9987448453903198,-0.34873059391975403,2.3738527297973633,-1.2971131801605225
-0.6471124291419983,0.4653918445110321,0.5332422256469727,-1.9955294132232666,-0.3351471722126007,2.3751471042633057,-1.2786986827850342
-0.6250549554824829,0.4629181921482086,0.5124379396438599,-1.9922646284103394,-0.32157689332962036,2.3763091564178467,-1.260284185409546
-0.602856457233429,0.4606628119945526,0.4914810359477997,-1.9889509677886963,-0.3080183267593384,2.377340793609619,-1.2418698072433472
-0.5805295705795288,0.45862653851509094,0.4703824818134308,-1.9855877161026,-0.2944701910018921,2.3782434463500977,-1.2234553098678589
-0.5580855011940002,0.45680883526802063,0.44915181398391724,-1.9821746349334717,-0.28093063831329346,2.3790183067321777,-1.2050408124923706
-0.5355361104011536,0.4552093744277954,0.4277990460395813,-1.978711724281311,-0.26739779114723206,2.379666566848755,-1.1866264343261719
-0.5128993391990662,0.4538290798664093,0.4063407778739929,-1.975198745727539,-0.25387391448020935,2.3801896572113037,-1.1682119369506836
-0.4901807904243469,0.4526655375957489,0.38478052616119385,-1.971635341644287,-0.24035146832466125,2.3805885314941406,-1.1497974395751953
-0.46739572286605835,0.45171865820884705,0.36313191056251526,-1.9680216312408447,-0.2268305867910385,2.380864143371582,-1.1313830614089966
-0.44455957412719727,0.45098912715911865,0.34140896797180176,-1.964356780052185,-0.21331089735031128,2.3810172080993652,-1.1129685640335083
-0.42168447375297546,0.450476735830307,0.3196219205856323,-1.9606410264968872,-0.1997900903224945,2.3810486793518066,-1.09455406665802
-0.39878585934638977,0.45017993450164795,0.2977844476699829,-1.9568742513656616,-0.18626652657985687,2.3809590339660645,-1.0761396884918213
-0.3758767545223236,0.4500998258590698,0.2759077548980713,-1.9530556201934814,-0.17273905873298645,2.380748748779297,-1.057725191116333
-0.3529725968837738,0.4502350389957428,0.25400590896606445,-1.9491853713989258,-0.15920604765415192,2.380418539047241,-1.0393108129501343
-0.3300859034061432,0.4505855441093445,0.23208951950073242,-1.9452630281448364,-0.14566528797149658,2.3799681663513184,-1.020896315574646
-0.3072313964366913,0.45115089416503906,0.21017158031463623,-1.9412885904312134,-0.13211527466773987,2.3793983459472656,-1.0024818181991577
-0.2844231128692627,0.4519301652908325,0.18826426565647125,-1.937261700630188,-0.1185547336935997,2.378708839416504,-0.9840673804283142
-0.26167401671409607,0.45292335748672485,0.16637873649597168,-1.9331820011138916,-0.10498131811618805,2.3779001235961914,-0.9656529426574707
-0.2389982044696808,0.4541304111480713,0.14452733099460602,-1.929049015045166,-0.09139411151409149,2.37697172164917,-0.9472385048866272
-0.20013126730918884,0.44888290762901306,0.13939884305000305,-1.9371991157531738,-0.08752375096082687,2.3803675174713135,-0.9274970889091492
-0.16030190885066986,0.445508748292923,0.13358470797538757,-1.9422332048416138,-0.08348734676837921,2.3825297355651855,-0.9077556729316711
-0.11980116367340088,0.44402292370796204,0.1272904872894287,-1.9441566467285156,-0.07939693331718445,2.3834614753723145,-0.8880143165588379
-0.07894475013017654,0.44443750381469727,0.12074494361877441,-1.9429707527160645,-0.075368233025074,2.3831589221954346,-0.8682729005813599
-0.03805466368794441,0.4467625021934509,0.11418353766202927,-1.9386721849441528,-0.07151571661233902,2.3816161155700684,-0.8485314846038818
0.002542780013754964,0.45100608468055725,0.1078493744134903,-1.9312530755996704,-0.06795716285705566,2.3788232803344727,-0.8287900686264038
0.04253659024834633,0.4571741223335266,0.10197541117668152,-1.9207005500793457,-0.06480734050273895,2.374764919281006,-0.8090486526489258
0.08163388073444366,0.4652719497680664,0.0967843309044838,-1.9069952964782715,-0.0621819868683815,2.36942195892334,-0.7893072962760925
0.11957442760467529,0.4753049910068512,0.0924760028719902,-1.8901108503341675,-0.06019441410899162,2.362769603729248,-0.7695658802986145
0.1561315804719925,0.4872837960720062,0.08922924846410751,-1.8700090646743774,-0.058957528322935104,2.3547756671905518,-0.7498244643211365
0.19111955165863037,0.5012222528457642,0.08719618618488312,-1.8466397523880005,-0.05858207494020462,2.3454012870788574,-0.7300831079483032
0.22439095377922058,0.5171457529067993,0.08650793135166168,-1.8199347257614136,-0.05918091908097267,2.3345963954925537,-0.7103416323661804
0.2558373510837555,0.5350903272628784,0.08727629482746124,-1.7898049354553223,-0.060868896543979645,2.3222994804382324,-0.6906002759933472
0.28538578748703003,0.5551124215126038,0.08960064500570297,-1.7561315298080444,-0.06376748532056808,2.3084323406219482,-0.6708588600158691
0.31299546360969543,0.577290415763855,0.09357572346925735,-1.718759536743164,-0.06800800561904907,2.292898654937744,-0.6511175036430359
0.3386528789997101,0.6017355918884277,0.09930244088172913,-1.6774847507476807,-0.07373899221420288,2.2755744457244873,-0.6313760280609131
0.3623690605163574,0.6285997629165649,0.10689915716648102,-1.6320385932922363,-0.0811358094215393,2.25630259513855,-0.6116346716880798
0.38417378067970276,0.6580936312675476,0.11652138829231262,-1.5820636749267578,-0.09041646122932434,2.234880208969116,-0.5918932557106018
0.3141312301158905,0.6801367998123169,0.20110879838466644,-1.5549473762512207,-0.15826058387756348,2.2190868854522705,-0.5903496742248535
0.24644097685813904,0.7066041231155396,0.28594309091567993,-1.5264172554016113,-0.22849790751934052,2.2000441551208496,-0.5888060927391052
0.18126781284809113,0.7378460168838501,0.37147122621536255,-1.4963698387145996,-0.3017578125,2.177375316619873,-0.5872625112533569
0.11871308833360672,0.7743659019470215,0.45839548110961914,-1.4646868705749512,-0.37887218594551086,2.1505706310272217,-0.5857189297676086
0.05882985517382622,0.8168981075286865,0.547759473323822,-1.431225299835205,-0.46097883582115173,2.1189217567443848,-0.5841753482818604
0.0016358382999897003,0.8665344715118408,0.6411120891571045,-1.3958144187927246,-0.5497068166732788,2.081414222717285,-0.5826317667961121
-0.052860770374536514,0.9249665141105652,0.7408156991004944,-1.358245849609375,-0.6475247740745544,2.0365254878997803,-0.5810881853103638
-0.10463286936283112,0.9950049519538879,0.8507428169250488,-1.3182599544525146,-0.7584997415542603,1.9817743301391602,-0.5795446038246155
-0.09725871682167053,0.8773278594017029,0.7831320762634277,-1.4784588813781738,-0.6686415076255798,2.075739860534668,-0.5787478089332581
-0.08741825819015503,0.7799698710441589,0.7444366812705994,-1.6159405708312988,-0.6065025329589844,2.1517021656036377,-0.5779510736465454
-0.07528507709503174,0.6947106719017029,0.7212170958518982,-1.7378110885620117,-0.5577305555343628,2.216531753540039,-0.577154278755188
-0.014227785170078278,0.6573416590690613,0.6457840800285339,-1.7515696287155151,-0.4890524744987488,2.2425341606140137,-0.6092701554298401
0.05015920475125313,0.6247107982635498,0.5693236589431763,-1.7645642757415771,-0.42259788513183594,2.264749050140381,-0.6413860321044922
0.1178988367319107,0.5964059829711914,0.49139344692230225,-1.7768031358718872,-0.35792219638824463,2.283630847930908,-0.6735019683837891
0.18894203007221222,0.5721414685249329,0.4117089509963989,-1.7882940769195557,-0.29467862844467163,2.299525260925293,-0.7056178450584412
0.2631506323814392,0.5517274737358093,0.3301357328891754,-1.7990448474884033,-0.2325860559940338,2.3126978874206543,-0.7377337217330933
0.3402765095233917,0.5350406765937805,0.2466926872730255,-1.8090628385543823,-0.1714133620262146,2.323350667953491,-0.7698495984077454
0.4199522137641907,0.5220070481300354,0.16154830157756805,-1.8183561563491821,-0.1109645888209343,2.3316359519958496,-0.8019654750823975
0.5016878843307495,0.5125870704650879,0.0750216618180275,-1.8269319534301758,-0.0510699562728405,2.3376641273498535,-0.8340814113616943
0.5848835706710815,0.5067625641822815,-0.01244819350540638,-1.8347983360290527,0.008421454578638077,2.34151029586792,-0.8661972284317017
0.6688560247421265,0.5045281052589417,-0.10032454133033752,-1.8419626951217651,0.06764920055866241,2.3432159423828125,-0.8983131647109985
0.7528702020645142,0.505885660648346,-0.1880117505788803,-1.8484337329864502,0.1267433613538742,2.3427927494049072,-0.9304290413856506
0.8361847400665283,0.5108423233032227,-0.2749045491218567,-1.8542194366455078,0.1858314573764801,2.3402225971221924,-0.9625449180603027
0.9180982708930969,0.519412100315094,-0.36043810844421387,-1.8593295812606812,0.245041161775589,2.335456609725952,-0.9946607947349548
0.9029353260993958,0.5192593336105347,-0.3333507478237152,-1.8529404401779175,0.22689735889434814,2.3351852893829346,-0.9642869830131531
0.8875300288200378,0.5196268558502197,-0.30603185296058655,-1.8461731672286987,0.2086511105298996,2.3345861434936523,-0.9339132308959961
0.8719140887260437,0.5205188989639282,-0.2785034477710724,-1.8390244245529175,0.19028988480567932,2.333657741546631,-0.9035394191741943
0.8561203479766846,0.5219402313232422,-0.2507879137992859,-1.8314905166625977,0.17180071771144867,2.3323965072631836,-0.8731656670570374
0.8401811122894287,0.5238966345787048,-0.22290654480457306,-1.8235682249069214,0.15317049622535706,2.330799102783203,-0.8427919149398804
0.824130117893219,0.5263931751251221,-0.19488149881362915,-1.8152525424957275,0.1343861222267151,2.3288607597351074,-0.8124181032180786
0.8080002069473267,0.5294353365898132,-0.16673347353935242,-1.8065392971038818,0.11543314158916473,2.3265748023986816,-0.7820442914962769
0.7918234467506409,0.5330313444137573,-0.1384814977645874,-1.7974233627319336,0.0962967723608017,2.323937177658081,-0.7516705393791199
0.7756317257881165,0.5371868014335632,-0.11014354228973389,-1.787899374961853,0.0769614651799202,2.320939064025879,-0.7212967872619629
0.7594544887542725,0.5419104695320129,-0.08173412829637527,-1.7779613733291626,0.05741060897707939,2.317573308944702,-0.6909229755401611
0.7433218955993652,0.5472102761268616,-0.05326750874519348,-1.7676029205322266,0.037626419216394424,2.3138298988342285,-0.6605491638183594
0.7272614240646362,0.5530965328216553,-0.02475375309586525,-1.7568167448043823,0.01759081333875656,2.309699296951294,-0.6301754117012024
0.7113000154495239,0.559578537940979,0.0037990070413798094,-1.7455958127975464,-0.0027169580571353436,2.305169105529785,-0.5998016595840454
0.6954612731933594,0.5666685104370117,0.03238731995224953,-1.733931303024292,-0.023317905142903328,2.300227165222168,-0.5694278478622437
0.6475868821144104,0.5681248307228088,0.08921515941619873,-1.7340402603149414,-0.06429216265678406,2.2993314266204834,-0.5380833745002747
0.5999579429626465,0.5711923837661743,0.14585861563682556,-1.7338316440582275,-0.10532508790493011,2.2974190711975098,-0.5067388415336609
0.5527395606040955,0.5758773684501648,0.2022021859884262,-1.7333061695098877,-0.1464647799730301,2.2944769859313965,-0.4753943681716919
0.5060874819755554,0.5821902751922607,0.25814157724380493,-1.7324645519256592,-0.18776029348373413,2.290485382080078,-0.4440498650074005
0.4601452350616455,0.5901467800140381,0.313586950302124,-1.731306791305542,-0.22926437854766846,2.2854161262512207,-0.41270536184310913
0.41504284739494324,0.5997679829597473,0.3684653341770172,-1.729833960533142,-0.2710341811180115,2.27923321723938,-0.38136088848114014
0.3708946108818054,0.6110823750495911,0.4227251410484314,-1.728047251701355,-0.3131277859210968,2.271892547607422,-0.35001638531684875
0.3277965188026428,0.6241295337677002,0.47633302211761475,-1.7259469032287598,-0.3556138277053833,2.263338565826416,-0.3186718821525574
0.2858276665210724,0.6389592289924622,0.5292847156524658,-1.7235338687896729,-0.39856594800949097,2.2535033226013184,-0.2873274087905884
0.24505192041397095,0.6556363701820374,0.5815973281860352,-1.7208094596862793,-0.4420677721500397,2.242306709289551,-0.2559828758239746
0.20551514625549316,0.6742436289787292,0.633317232131958,-1.717774510383606,-0.486215740442276,2.2296507358551025,-0.22463840246200562
0.16725170612335205,0.6948865652084351,0.6845155954360962,-1.7144300937652588,-0.531120777130127,2.215419054031372,-0.19329389929771423
0.13028118014335632,0.7176979184150696,0.7352967858314514,-1.7107774019241333,-0.5769156813621521,2.1994688510894775,-0.16194942593574524
0.09461408853530884,0.7428469061851501,0.7857969999313354,-1.706817865371704,-0.6237573623657227,2.1816277503967285,-0.13060492277145386
0.06025232747197151,0.7705486416816711,0.83619225025177,-1.7025525569915771,-0.6718383431434631,2.1616830825805664,-0.09926041960716248
0.027191726490855217,0.801079273223877,0.8867064118385315,-1.697982907295227,-0.7213988304138184,2.139368772506714,-0.0679159164428711
-0.004573397804051638,0.8347968459129333,0.9376229643821716,-1.6931102275848389,-0.7727436423301697,2.114349126815796,-0.0365714468061924
-0.0350492037832737,0.872175931930542,0.9893106818199158,-1.6879359483718872,-0.8262720108032227,2.086185932159424,-0.005226942244917154
-0.06423567235469818,0.9138627052307129,1.0422594547271729,-1.6824615001678467,-0.882526159286499,2.0542941093444824,0.026117568835616112
-0.09212206304073334,0.960766077041626,1.0971472263336182,-1.6766884326934814,-0.9422715306282043,2.0178592205047607,0.057462070137262344
-0.11867229640483856,1.0142349004745483,1.1549688577651978,-1.6706175804138184,-1.00665283203125,1.9756853580474854,0.08880653977394104
-0.14381112158298492,1.076421856880188,1.2173101902008057,-1.6642512083053589,-1.077520728111267,1.9258817434310913,0.12015104293823242
-0.12976185977458954,1.0308398008346558,1.1762036085128784,-1.6760212182998657,-1.0289554595947266,1.9626604318618774,0.09171857684850693
-0.11518503725528717,0.9896988868713379,1.1380956172943115,-1.6876087188720703,-0.9841927886009216,1.9955353736877441,0.06328610330820084
-0.10012658685445786,0.9521031975746155,1.1022740602493286,-1.6990177631378174,-0.9424020051956177,2.0252859592437744,0.03485363721847534
-0.08460074663162231,0.917431116104126,1.0682342052459717,-1.7102514505386353,-0.903009295463562,2.0524542331695557,0.0064211683347821236
-0.06861735135316849,0.8852280974388123,1.035606861114502,-1.721313714981079,-0.8655986785888672,2.0774385929107666,-0.022011306136846542
-0.052180491387844086,0.8551515340805054,1.0041115283966064,-1.7322074174880981,-0.8298568725585938,2.1005396842956543,-0.05044377222657204
-0.03528742864727974,0.8269336819648743,0.9735245108604431,-1.7429355382919312,-0.7955416440963745,2.1219944953918457,-0.07887624204158783
-0.017931286245584488,0.8003618717193604,0.9436633586883545,-1.7535006999969482,-0.7624602317810059,2.1419923305511475,-0.10730870813131332
-0.00010541445954004303,0.7752630114555359,0.9143792986869812,-1.7639060020446777,-0.7304569482803345,2.1606862545013428,-0.13574117422103882
0.018203159794211388,0.7514953017234802,0.8855421543121338,-1.7741535902023315,-0.6994026303291321,2.1782050132751465,-0.1641736477613449
0.037005312740802765,0.7289406657218933,0.8570435643196106,-1.7842460870742798,-0.6691917777061462,2.194654941558838,-0.1926061064004898
0.05631646141409874,0.707499086856842,0.8287853002548218,-1.794185757637024,-0.6397332549095154,2.21012806892395,-0.2210385799407959
0.07615245878696442,0.6870856881141663,0.8006805181503296,-1.803975224494934,-0.6109495162963867,2.224702835083008,-0.2494710385799408
0.09652809798717499,0.667628824710846,0.7726538181304932,-1.8136160373687744,-0.5827749371528625,2.23844575881958,-0.2779035270214081
0.11746357381343842,0.6490655541419983,0.7446318864822388,-1.823110580444336,-0.555151641368866,2.2514169216156006,-0.306335985660553
0.1389758139848709,0.6313427090644836,0.7165507674217224,-1.8324604034423828,-0.5280288457870483,2.2636685371398926,-0.3347684442996979
0.16108345985412598,0.6144142746925354,0.6883513331413269,-1.8416681289672852,-0.5013619065284729,2.2752459049224854,-0.3632009029388428
0.183806374669075,0.5982398986816406,0.6599767804145813,-1.8507349491119385,-0.4751119911670685,2.2861900329589844,-0.39163339138031006
0.20716378092765808,0.5827844738960266,0.6313754320144653,-1.859662413597107,-0.44924262166023254,2.296536922454834,-0.42006585001945496
0.23117314279079437,0.5680188536643982,0.6025005578994751,-1.868452787399292,-0.4237246513366699,2.306318759918213,-0.44849833846092224
0.2558543384075165,0.5539169311523438,0.5733059048652649,-1.8771071434020996,-0.39852839708328247,2.3155648708343506,-0.47693073749542236
0.2812247574329376,0.540456235408783,0.5437497496604919,-1.8856273889541626,-0.37362852692604065,2.324301242828369,-0.5053632259368896
0.3073013424873352,0.5276185870170593,0.5137938857078552,-1.8940147161483765,-0.34900224208831787,2.3325517177581787,-0.5337957143783569
0.33409959077835083,0.5153874158859253,0.48340222239494324,-1.902271032333374,-0.32462796568870544,2.3403379917144775,-0.5622282028198242
0.3616332709789276,0.5037498474121094,0.4525430202484131,-1.9103970527648926,-0.3004869818687439,2.3476786613464355,-0.5906606316566467
0.38991421461105347,0.4926948547363281,0.42118749022483826,-1.9183948040008545,-0.2765611708164215,2.3545920848846436,-0.619093120098114
0.4189510941505432,0.4822143018245697,0.3893096446990967,-1.9262651205062866,-0.2528347373008728,2.361093759536743,-0.6475256085395813
0.44874995946884155,0.47230109572410583,0.35689279437065125,-1.9340094327926636,-0.22929249703884125,2.3671982288360596,-0.6759580969810486
0.4793124794960022,0.4629504680633545,0.323919415473938,-1.94162917137146,-0.20592062175273895,2.3729188442230225,-0.7043904662132263
0.510636031627655,0.4541589319705963,0.29037994146347046,-1.9491254091262817,-0.18270649015903473,2.3782663345336914,-0.7328230142593384
0.5427157878875732,0.44592490792274475,0.25626713037490845,-1.9564992189407349,-0.15963837504386902,2.3832528591156006,-0.7612555027008057
0.5755370259284973,0.43824711441993713,0.2215845286846161,-1.963752031326294,-0.13670489192008972,2.3878872394561768,-0.7896879315376282
0.6090846061706543,0.43112680315971375,0.18633726239204407,-1.9708846807479858,-0.11389587074518204,2.392178773880005,-0.8181203603744507
0.6433334946632385,0.42456477880477905,0.1505403220653534,-1.9778988361358643,-0.09120145440101624,2.396134376525879,-0.846552848815918
0.6782540082931519,0.4185633659362793,0.11421407014131546,-1.9847946166992188,-0.06861279904842377,2.3997626304626465,-0.8749853372573853
0.7138095498085022,0.41312462091445923,0.0773865208029747,-1.9915740489959717,-0.04612111300230026,2.4030680656433105,-0.9034178256988525
0.7499552369117737,0.40825194120407104,0.0400938019156456,-1.99823796749115,-0.02371840737760067,2.4060568809509277,-0.9318501949310303
0.7866414785385132,0.40394845604896545,0.002377644646912813,-2.0047872066497803,-0.0013967633713036776,2.408734083175659,-0.9602827429771423
0.8238117098808289,0.4002175033092499,-0.03571325168013573,-2.0112228393554688,0.020850829780101776,2.4111030101776123,-0.9887151718139648
0.8614015579223633,0.3970610201358795,-0.07412195950746536,-2.0175461769104004,0.04303183779120445,2.4131674766540527,-1.0171477794647217
0.8993420004844666,0.39448320865631104,-0.11278615891933441,-2.0237579345703125,0.06515219807624817,2.4149301052093506,-1.0455801486968994
0.9375592470169067,0.39248573780059814,-0.1516389548778534,-2.0298588275909424,0.0872189998626709,2.4163923263549805,-1.0740125179290771
0.9759745001792908,0.391070693731308,-0.1906088888645172,-2.035850763320923,0.10923784226179123,2.4175567626953125,-1.102445125579834
1.0145044326782227,0.3902398347854614,-0.22961899638175964,-2.041734218597412,0.1312142312526703,2.418424367904663,-1.1308774948120117
1.0530691146850586,0.3899931311607361,-0.26859530806541443,-2.0475101470947266,0.15315495431423187,2.4189937114715576,-1.159309983253479
1.0915855169296265,0.3903314769268036,-0.30746135115623474,-2.0531797409057617,0.17506831884384155,2.4192657470703125,-1.1877424716949463
1.129960060119629,0.391253262758255,-0.3461293578147888,-2.058743953704834,0.19695299863815308,2.4192397594451904,-1.2161749601364136
1.168116569519043,0.3927578926086426,-0.38453054428100586,-2.0642037391662598,0.2188183218240738,2.4189136028289795,-1.2446074485778809
1.2059731483459473,0.3948430120944977,-0.4225863814353943,-2.0695598125457764,0.24066917598247528,2.418285369873047,-1.2730399370193481
1.243455171585083,0.39750683307647705,-0.46022915840148926,-2.0748136043548584,0.2625114917755127,2.4173519611358643,-1.3014723062515259
1.2804900407791138,0.40074676275253296,-0.4973926246166229,-2.0799660682678223,0.28435018658638,2.4161102771759033,-1.3299047946929932
1.3170133829116821,0.40455931425094604,-0.5340176224708557,-2.085017681121826,0.3061901926994324,2.414555072784424,-1.3583372831344604
1.3567858934402466,0.4171832501888275,-0.5669060349464417,-2.0772082805633545,0.33075758814811707,2.407360315322876,-1.3840504884719849
1.3950746059417725,0.4304969906806946,-0.5986139178276062,-2.0690932273864746,0.35545116662979126,2.3996500968933105,-1.4097636938095093
1.4319366216659546,0.44450250267982483,-0.6292189955711365,-2.060671806335449,0.38028690218925476,2.3914077281951904,-1.4354768991470337
1.4674382209777832,0.4592047333717346,-0.6588091850280762,-2.0519440174102783,0.4052858352661133,2.3826122283935547,-1.461190104484558
1.5016416311264038,0.474613219499588,-0.6874692440032959,-2.0429093837738037,0.4304690361022949,2.373242139816284,-1.4869033098220825
1.534611701965332,0.4907413721084595,-0.7152898907661438,-2.033566951751709,0.4558601677417755,2.363272190093994,-1.512616515159607
1.566411018371582,0.5076082944869995,-0.7423602342605591,-2.0239157676696777,0.4814867079257965,2.352675199508667,-1.5383297204971313
1.5971025228500366,0.5252359509468079,-0.768773078918457,-2.0139553546905518,0.5073774456977844,2.3414201736450195,-1.5640429258346558
1.6267445087432861,0.5436537265777588,-0.7946191430091858,-2.0036840438842773,0.5335654616355896,2.3294730186462402,-1.5897561311721802
1.6553946733474731,0.5628949403762817,-0.8199916481971741,-1.9931014776229858,0.5600875616073608,2.3167948722839355,-1.6154693365097046
1.6831059455871582,0.5830016136169434,-0.8449838757514954,-1.9822049140930176,0.58698570728302,2.303341865539551,-1.641182541847229
1.7099300622940063,0.604021430015564,-0.8696917295455933,-1.9709930419921875,0.6143076419830322,2.289064645767212,-1.6668957471847534
1.7359150648117065,0.6260108351707458,-0.8942136168479919,-1.959464192390442,0.6421064138412476,2.273906946182251,-1.6926089525222778
1.7611043453216553,0.6490365266799927,-0.9186500310897827,-1.947615623474121,0.670444130897522,2.2578048706054688,-1.7183221578598022
1.7855384349822998,0.6731778383255005,-0.9431073069572449,-1.935444951057434,0.6993909478187561,2.2406842708587646,-1.7440353631973267
1.8092565536499023,0.6985264420509338,-0.9677006006240845,-1.922949194908142,0.7290313839912415,2.222458600997925,-1.769748568534851
1.832289695739746,0.7251921892166138,-0.992548406124115,-1.910125494003296,0.7594606876373291,2.2030293941497803,-1.7954617738723755
1.8546712398529053,0.7533069252967834,-1.0177898406982422,-1.8969699144363403,0.7907958626747131,2.1822750568389893,-1.8211749792099
1.8764245510101318,0.7830278277397156,-1.043573260307312,-1.8834786415100098,0.8231744766235352,2.1600558757781982,-1.8468881845474243
1.8975744247436523,0.8145500421524048,-1.0700764656066895,-1.8696470260620117,0.8567654490470886,2.136197090148926,-1.8726013898849487
1.9181360006332397,0.8481127619743347,-1.0975030660629272,-1.8554704189300537,0.8917791247367859,2.1104869842529297,-1.8983145952224731
1.9381203651428223,0.8840197920799255,-1.1261024475097656,-1.8409435749053955,0.928478479385376,2.082658290863037,-1.9240278005599976
