-2.0112385749816895,0.510577917098999,1.2980537414550781,-2.3854267597198486,-0.7522842288017273,2.3818509578704834,-2.510723114013672
-2.0139341354370117,0.5101528167724609,1.3030754327774048,-2.3894543647766113,-0.7535762786865234,2.3825602531433105,-2.48638653755188
-2.0165905952453613,0.5097337961196899,1.308077096939087,-2.3934597969055176,-0.7548489570617676,2.3832671642303467,-2.462049722671509
-2.0192103385925293,0.5093205571174622,1.3130617141723633,-2.3974430561065674,-0.7561026215553284,2.3839704990386963,-2.437713146209717
-2.0217907428741455,0.5089131593704224,1.3180263042449951,-2.4014039039611816,-0.757336437702179,2.384671211242676,-2.413376569747925
-2.02433443069458,0.508512020111084,1.3229739665985107,-2.4053425788879395,-0.7585517764091492,2.3853683471679688,-2.3890397548675537
-2.026838541030884,0.5081155896186829,1.3279016017913818,-2.4092588424682617,-0.7597470283508301,2.38606333732605,-2.3647031784057617
-2.029304027557373,0.5077241063117981,1.332810640335083,-2.4131531715393066,-0.760922908782959,2.3867554664611816,-2.3403666019439697
-2.0317306518554688,0.507338285446167,1.337700605392456,-2.417025089263916,-0.7620794177055359,2.3874452114105225,-2.3160297870635986
-2.034118175506592,0.506956934928894,1.3425719738006592,-2.42087459564209,-0.7632156610488892,2.388132095336914,-2.2916932106018066
-2.0364649295806885,0.5065798759460449,1.3474225997924805,-2.424701690673828,-0.7643324732780457,2.388817310333252,-2.2673566341400146
-2.0387721061706543,0.5062079429626465,1.3522543907165527,-2.42850661277771,-0.7654296159744263,2.3894999027252197,-2.2430198192596436
-2.04103946685791,0.505838930606842,1.3570668697357178,-2.4322891235351562,-0.7665066123008728,2.3901803493499756,-2.2186832427978516
-2.0432660579681396,0.5054743885993958,1.3618590831756592,-2.436049461364746,-0.7675634622573853,2.3908591270446777,-2.1943466663360596
-2.04545259475708,0.5051141977310181,1.366632103919983,-2.439786911010742,-0.7686011791229248,2.391535520553589,-2.1700098514556885
-2.047598123550415,0.5047568082809448,1.371385097503662,-2.4435019493103027,-0.7696176767349243,2.3922102451324463,-2.1456732749938965
-2.0497024059295654,0.5044029951095581,1.3761181831359863,-2.4471945762634277,-0.7706146836280823,2.392883062362671,-2.1213366985321045
-2.0517654418945312,0.5040522813796997,1.3808308839797974,-2.450864553451538,-0.7715914249420166,2.393554210662842,-2.0969998836517334
-2.053786277770996,0.5037040114402771,1.3855229616165161,-2.454512119293213,-0.7725479602813721,2.3942248821258545,-2.0726633071899414
-2.0557656288146973,0.5033585429191589,1.3901951313018799,-2.458137035369873,-0.7734834551811218,2.394893169403076,-2.0483267307281494
-2.057701587677002,0.503015398979187,1.3948453664779663,-2.4617390632629395,-0.7743990421295166,2.3955612182617188,-2.0239899158477783
-2.059596538543701,0.5026750564575195,1.399476408958435,-2.465318441390991,-0.7752944231033325,2.3962268829345703,-1.9996533393859863
-2.061448335647583,0.5023365616798401,1.4040861129760742,-2.468874931335449,-0.7761688232421875,2.3968920707702637,-1.9753166437149048
-2.0632576942443848,0.5019998550415039,1.4086754322052002,-2.4724090099334717,-0.777022659778595,2.3975560665130615,-1.9509800672531128
-2.0650229454040527,0.5016642212867737,1.4132425785064697,-2.4759202003479004,-0.7778558731079102,2.3982200622558594,-1.9266433715820312
-2.066746234893799,0.5013309121131897,1.417790174484253,-2.4794082641601562,-0.7786687016487122,2.3988821506500244,-1.9023066759109497
-2.0684256553649902,0.5009986758232117,1.422316312789917,-2.4828734397888184,-0.7794604897499084,2.399543523788452,-1.8779700994491577
-2.0700602531433105,0.5006669759750366,1.4268200397491455,-2.4863154888153076,-0.7802311778068542,2.400205135345459,-1.8536334037780762
-2.071652412414551,0.5003367066383362,1.4313037395477295,-2.489734649658203,-0.7809819579124451,2.400865316390991,-1.8292967081069946
-2.07319974899292,0.5000067353248596,1.4357656240463257,-2.4931304454803467,-0.7817110419273376,2.4015254974365234,-1.804960012435913
-2.0747029781341553,0.4996771514415741,1.4402058124542236,-2.4965033531188965,-0.7824190855026245,2.4021854400634766,-1.780623435974121
-2.0761613845825195,0.49934855103492737,1.444624423980713,-2.4998526573181152,-0.7831066846847534,2.4028446674346924,-1.7562867403030396
-2.0775747299194336,0.49901944398880005,1.4490209817886353,-2.503178834915161,-0.7837727665901184,2.4035041332244873,-1.731950044631958
-2.0789434909820557,0.4986904263496399,1.4533960819244385,-2.506481647491455,-0.7844182252883911,2.404163122177124,-1.707613468170166
-2.0802664756774902,0.4983610212802887,1.4577486515045166,-2.509760856628418,-0.785042405128479,2.40482234954834,-1.6832767724990845
-2.0815446376800537,0.4980314075946808,1.4620798826217651,-2.513016700744629,-0.7856453657150269,2.4054813385009766,-1.658940076828003
-2.0827770233154297,0.49770063161849976,1.4663885831832886,-2.516249179840088,-0.7862269282341003,2.4061408042907715,-1.634603500366211
-2.083963632583618,0.49737000465393066,1.4706752300262451,-2.5194575786590576,-0.7867878675460815,2.406799793243408,-1.6102668046951294
-2.085104465484619,0.4970378875732422,1.4749398231506348,-2.5226426124572754,-0.7873271703720093,2.4074594974517822,-1.5859301090240479
-2.086197853088379,0.4967042803764343,1.4791805744171143,-2.525803565979004,-0.7878454923629761,2.4081196784973145,-1.5615934133529663
-2.0872457027435303,0.49636948108673096,1.4833996295928955,-2.5289406776428223,-0.7883421182632446,2.408780336380005,-1.5372568368911743
-2.0882465839385986,0.49603334069252014,1.4875959157943726,-2.5320537090301514,-0.7888174653053284,2.4094409942626953,-1.5129202604293823
-2.089200735092163,0.4956947863101959,1.4917693138122559,-2.5351431369781494,-0.7892715334892273,2.4101028442382812,-1.4885835647583008
-2.0901079177856445,0.4953549802303314,1.495919942855835,-2.5382080078125,-0.7897045612335205,2.410764694213867,-1.4642468690872192
-2.090968132019043,0.49501344561576843,1.5000478029251099,-2.5412487983703613,-0.7901157736778259,2.4114272594451904,-1.4399101734161377
-2.091780424118042,0.49466902017593384,1.5041520595550537,-2.5442655086517334,-0.7905053496360779,2.41209077835083,-1.4155735969543457
-2.0925450325012207,0.4943227767944336,1.5082331895828247,-2.547257423400879,-0.7908746600151062,2.412754774093628,-1.3912369012832642
-2.0932626724243164,0.49397367238998413,1.512291431427002,-2.550225257873535,-0.7912218570709229,2.413419723510742,-1.3669003248214722
-2.0939316749572754,0.4936220049858093,1.5163259506225586,-2.553168296813965,-0.791547417640686,2.4140853881835938,-1.342563509941101
-2.094552993774414,0.4932675361633301,1.5203372240066528,-2.556086778640747,-0.7918517589569092,2.4147520065307617,-1.318226933479309
-2.0951249599456787,0.49290940165519714,1.5243239402770996,-2.5589804649353027,-0.7921344041824341,2.4154200553894043,-1.2938902378082275
-2.0956497192382812,0.4925489127635956,1.5282878875732422,-2.561849594116211,-0.7923963665962219,2.416088819503784,-1.2695536613464355
-2.0961246490478516,0.4921844005584717,1.5322271585464478,-2.5646936893463135,-0.7926365733146667,2.4167587757110596,-1.245216965675354
-2.096550703048706,0.4918166399002075,1.5361422300338745,-2.5675127506256104,-0.7928544282913208,2.4174299240112305,-1.2208802700042725
-2.096928596496582,0.4914456009864807,1.5400341749191284,-2.5703067779541016,-0.7930522561073303,2.4181013107299805,-1.196543574333191
-2.0972564220428467,0.4910730719566345,1.543900966644287,-2.573075294494629,-0.7932310700416565,2.4187731742858887,-1.172206997871399
-2.097534656524658,0.4906945824623108,1.5477432012557983,-2.5758185386657715,-0.7933861613273621,2.419447183609009,-1.1478703022003174
-2.0977635383605957,0.4903118312358856,1.5515611171722412,-2.5785365104675293,-0.7935196161270142,2.4201226234436035,-1.1235337257385254
-2.097942590713501,0.48992565274238586,1.5553544759750366,-2.581228733062744,-0.7936326265335083,2.4207987785339355,-1.0991970300674438
-2.098071336746216,0.4895348846912384,1.5591224431991577,-2.583895683288574,-0.7937244176864624,2.4214766025543213,-1.0748603343963623
-2.0981497764587402,0.48913949728012085,1.5628653764724731,-2.5865368843078613,-0.7937939167022705,2.4221558570861816,-1.0505237579345703
-2.0981783866882324,0.4887399673461914,1.5665838718414307,-2.5891523361206055,-0.7938434481620789,2.4228355884552,-1.0261870622634888
-2.098155975341797,0.48833611607551575,1.5702762603759766,-2.5917415618896484,-0.7938718795776367,2.4235169887542725,-1.0018503665924072
-2.098083019256592,0.48792651295661926,1.5739437341690063,-2.5943050384521484,-0.7938786149024963,2.4242000579833984,-0.9775136709213257
-2.097959041595459,0.48751312494277954,1.577585220336914,-2.5968422889709473,-0.7938646078109741,2.4248838424682617,-0.9531770348548889
-2.0977835655212402,0.4870939254760742,1.5812005996704102,-2.599353313446045,-0.7938299179077148,2.425569534301758,-0.9288403987884521
-2.097557306289673,0.4866703748703003,1.584790587425232,-2.6018378734588623,-0.7937741279602051,2.426255702972412,-0.9045037627220154
-2.0972788333892822,0.48624134063720703,1.5883535146713257,-2.6042962074279785,-0.7936981916427612,2.426943778991699,-0.8801671266555786
-2.0969486236572266,0.4858070909976959,1.5918900966644287,-2.6067276000976562,-0.7936005592346191,2.427633285522461,-0.8558304309844971
-2.0965662002563477,0.48536714911460876,1.5953999757766724,-2.6091322898864746,-0.793483316898346,2.428323984146118,-0.8314937353134155
-2.096133232116699,0.4849221110343933,1.5988843441009521,-2.611510753631592,-0.7933447360992432,2.429015636444092,-0.8071571588516235
-2.0956461429595947,0.48447102308273315,1.6023402214050293,-2.613861560821533,-0.7931854128837585,2.429708957672119,-0.7828205227851868
-2.0951075553894043,0.48401471972465515,1.6057695150375366,-2.6161859035491943,-0.7930067181587219,2.430403232574463,-0.7584838271141052
-2.0945162773132324,0.4835527539253235,1.609171748161316,-2.618482828140259,-0.7928073406219482,2.431098699569702,-0.7341471314430237
-2.0938720703125,0.483084499835968,1.6125459671020508,-2.6207528114318848,-0.7925876379013062,2.431795597076416,-0.7098104357719421
-2.093174695968628,0.4826107621192932,1.6158924102783203,-2.622995138168335,-0.7923477292060852,2.4324936866760254,-0.6854738593101501
-2.092423439025879,0.48213085532188416,1.6192100048065186,-2.6252100467681885,-0.7920881509780884,2.4331929683685303,-0.6611372232437134
-2.0916199684143066,0.48164528608322144,1.6225005388259888,-2.627397298812866,-0.7918084859848022,2.4338927268981934,-0.6368005275726318
-2.090761423110962,0.4811532497406006,1.6257612705230713,-2.629556655883789,-0.7915093898773193,2.43459415435791,-0.6124638319015503
-2.089850664138794,0.48065507411956787,1.6289948225021362,-2.6316885948181152,-0.791190505027771,2.4352962970733643,-0.5881271958351135
-2.0888850688934326,0.48015087842941284,1.6321980953216553,-2.6337924003601074,-0.7908520102500916,2.4359993934631348,-0.5637905597686768
-2.0724244117736816,0.5104420781135559,1.62092924118042,-2.62689208984375,-0.8249123692512512,2.4149839878082275,-0.531734049320221
-2.0568764209747314,0.5427524447441101,1.6110440492630005,-2.6197988986968994,-0.8594163656234741,2.3920230865478516,-0.49967753887176514
-2.042147397994995,0.5773465633392334,1.6024996042251587,-2.612515449523926,-0.8944497108459473,2.3668718338012695,-0.4676210284233093
-2.0281484127044678,0.6145413517951965,1.595270037651062,-2.6050448417663574,-0.9301154017448425,2.33923602104187,-0.4355645179748535
-2.014796733856201,0.6547297239303589,1.589349389076233,-2.5973896980285645,-0.9665462374687195,2.3087515830993652,-0.4035080075263977
-2.0020062923431396,0.6984014511108398,1.5847491025924683,-2.589552164077759,-1.0039094686508179,2.27496600151062,-0.3714515268802643
-1.9896917343139648,0.7461829781532288,1.5815098285675049,-2.581535816192627,-1.0424244403839111,2.237299919128418,-0.3393949866294861
-1.9777562618255615,0.7988995313644409,1.5797029733657837,-2.5733437538146973,-1.0823878049850464,2.194993495941162,-0.30733850598335266
-1.966085433959961,0.8576725125312805,1.5794483423233032,-2.5649781227111816,-1.1242156028747559,2.147014617919922,-0.27528199553489685
-1.954530954360962,0.9240999817848206,1.5809376239776611,-2.5564417839050293,-1.1685160398483276,2.0918967723846436,-0.24322548508644104
-1.9428834915161133,1.0006155967712402,1.584495186805725,-2.5477378368377686,-1.2162483930587769,2.0274128913879395,-0.21116897463798523
-1.9308018684387207,1.091289758682251,1.5906929969787598,-2.5388693809509277,-1.2690746784210205,1.9498530626296997,-0.1791124790906906
-1.9176063537597656,1.2040928602218628,1.6006991863250732,-2.529839038848877,-1.330376386642456,1.851973533630371,-0.1470559686422348
-1.8950533866882324,1.0538880825042725,1.576022982597351,-2.5159363746643066,-1.2456145286560059,1.9800457954406738,-0.17754970490932465
-1.8676036596298218,0.9419346451759338,1.5519226789474487,-2.501570224761963,-1.1737345457077026,2.072498321533203,-0.2080434411764145
-1.8362864255905151,0.8523021340370178,1.5266473293304443,-2.486726760864258,-1.1087169647216797,2.1439852714538574,-0.23853717744350433
-1.8013933897018433,0.7777285575866699,1.4993295669555664,-2.4713940620422363,-1.048020601272583,2.2012522220611572,-0.269030898809433
-1.7629400491714478,0.7141550183296204,1.4693784713745117,-2.4555587768554688,-0.9903079867362976,2.248107433319092,-0.2995246350765228
-1.7208000421524048,0.6590518355369568,1.4363056421279907,-2.4392082691192627,-0.9347842931747437,2.2869575023651123,-0.33001837134361267
-1.674759030342102,0.6107340455055237,1.399659276008606,-2.4223294258117676,-0.8809326887130737,2.3194336891174316,-0.3605121076107025
-1.624549150466919,0.5680373907089233,1.3590039014816284,-2.404909610748291,-0.8283998370170593,2.3466951847076416,-0.39100584387779236
-1.5698570013046265,0.5301365256309509,1.313902497291565,-2.386935234069824,-0.776926577091217,2.3695971965789795,-0.4214995801448822
-1.5103533267974854,0.49644821882247925,1.263927936553955,-2.3683927059173584,-0.7263205647468567,2.3887853622436523,-0.45199331641197205
-1.4457157850265503,0.46656519174575806,1.2086786031723022,-2.3492684364318848,-0.6764314770698547,2.4047555923461914,-0.4824870526790619
-1.375656247138977,0.440211683511734,1.147799015045166,-2.329547882080078,-0.6271354556083679,2.4178972244262695,-0.5129807591438293
-1.299972653388977,0.41722017526626587,1.0810267925262451,-2.3092164993286133,-0.5783304572105408,2.428516387939453,-0.543474555015564
-1.2185964584350586,0.39750421047210693,1.0082390308380127,-2.2882587909698486,-0.5299276113510132,2.4368560314178467,-0.573968231678009
-1.1316546201705933,0.3810417354106903,0.9295082688331604,-2.266658306121826,-0.4818471670150757,2.4431097507476807,-0.6044620275497437
-1.0395338535308838,0.3678543269634247,0.8451752066612244,-2.244398355484009,-0.4340157210826874,2.447429895401001,-0.6349557042121887
-0.9429183602333069,0.35799017548561096,0.7558714747428894,-2.2214603424072266,-0.38636305928230286,2.4499363899230957,-0.6654494404792786
-0.8428046703338623,0.35150256752967834,0.6625421047210693,-2.1978254318237305,-0.3388201594352722,2.4507200717926025,-0.6959432363510132
-0.7404640913009644,0.3484314978122711,0.5664041638374329,-2.1734724044799805,-0.2913168668746948,2.4498484134674072,-0.7264369130134583
-0.6373469233512878,0.3487907350063324,0.46884989738464355,-2.148379325866699,-0.2437809854745865,2.44736647605896,-0.7569306492805481
-0.5349551439285278,0.35255858302116394,0.3713185787200928,-2.1225216388702393,-0.1961352378129959,2.4433016777038574,-0.7874243855476379
-0.434702605009079,0.35967808961868286,0.27515462040901184,-2.0958728790283203,-0.14829696714878082,2.4376604557037354,-0.8179181218147278
-0.337787389755249,0.37006187438964844,0.18147781491279602,-2.068404197692871,-0.10017451643943787,2.4304323196411133,-0.8484119176864624
-0.2451198846101761,0.38360705971717834,0.09111086279153824,-2.040083408355713,-0.05166587233543396,2.4215879440307617,-0.8789055943489075
-0.15729480981826782,0.4002101421356201,0.004547021817415953,-2.0108754634857178,-0.0026549207977950573,2.4110801219940186,-0.9093993306159973
-0.07461613416671753,0.4197826087474823,-0.0780276209115982,-1.9807405471801758,0.04699033498764038,2.3988399505615234,-0.9398930668830872
0.0028572925366461277,0.44226309657096863,-0.1566922813653946,-1.9496351480484009,0.09742578864097595,2.3847758769989014,-0.970386803150177
0.026190266013145447,0.44071123003959656,-0.17026568949222565,-1.9535431861877441,0.10559196025133133,2.385873317718506,-0.9895809292793274
0.04963892325758934,0.4394095540046692,-0.18391820788383484,-1.957158088684082,0.11380010098218918,2.3868167400360107,-1.008774995803833
0.07318388670682907,0.4383583068847656,-0.19763502478599548,-1.960479974746704,0.12204932421445847,2.387605667114258,-1.0279691219329834
0.09680543094873428,0.43755850195884705,-0.21140126883983612,-1.9635093212127686,0.13033892214298248,2.388240098953247,-1.0471632480621338
0.12048208713531494,0.43701040744781494,-0.225199893116951,-1.9662467241287231,0.13866668939590454,2.3887200355529785,-1.0663572549819946
0.14419348537921906,0.43671512603759766,-0.23901566863059998,-1.9686918258666992,0.14703285694122314,2.389045476913452,-1.085551381111145
0.16792002320289612,0.4366724491119385,-0.25283366441726685,-1.970845341682434,0.15543627738952637,2.3892154693603516,-1.1047455072402954
0.19163835048675537,0.43688255548477173,-0.26663535833358765,-1.9727071523666382,0.16387464106082916,2.389230728149414,-1.1239396333694458
0.21532918512821198,0.43734505772590637,-0.2804067134857178,-1.974277377128601,0.17234759032726288,2.389089584350586,-1.1431336402893066
0.23897084593772888,0.4380602538585663,-0.29413074254989624,-1.97555673122406,0.1808539181947708,2.388793706893921,-1.162327766418457
0.26254695653915405,0.4390285313129425,-0.30779656767845154,-1.976544737815857,0.18939507007598877,2.388340950012207,-1.1815218925476074
0.28602883219718933,0.4402473568916321,-0.32137998938560486,-1.9772417545318604,0.19796355068683624,2.3877317905426025,-1.2007160186767578
0.3094019591808319,0.4417169690132141,-0.3348720669746399,-1.9776479005813599,0.20656193792819977,2.386965751647949,-1.2199100255966187
0.332646906375885,0.44343695044517517,-0.3482583165168762,-1.9777631759643555,0.2151888906955719,2.3860421180725098,-1.239104151725769
0.35574477910995483,0.44540655612945557,-0.36152538657188416,-1.9775875806808472,0.22384347021579742,2.3849613666534424,-1.2582982778549194
0.3786793351173401,0.4476241171360016,-0.3746621608734131,-1.9771208763122559,0.2325245887041092,2.383721351623535,-1.2774924039840698
0.4014342427253723,0.4500885605812073,-0.38765913248062134,-1.9763635396957397,0.24123132228851318,2.382321834564209,-1.2966864109039307
0.423991858959198,0.45279908180236816,-0.40050074458122253,-1.9753155708312988,0.24996261298656464,2.380763530731201,-1.315880537033081
0.44633811712265015,0.45575425028800964,-0.4131802022457123,-1.9739768505096436,0.2587173283100128,2.3790454864501953,-1.3350746631622314
0.4684588313102722,0.458952397108078,-0.4256886839866638,-1.9723472595214844,0.2674946188926697,2.377166271209717,-1.3542686700820923
0.4903424084186554,0.4623927175998688,-0.438020259141922,-1.9704265594482422,0.2762949764728546,2.3751251697540283,-1.3734627962112427
0.511975884437561,0.4660731852054596,-0.4501672685146332,-1.9682148694992065,0.2851167321205139,2.37292218208313,-1.392656922340393
0.5333487391471863,0.469992995262146,-0.46212461590766907,-1.9657121896743774,0.29395923018455505,2.370556116104126,-1.4118510484695435
0.5544514060020447,0.4741497039794922,-0.4738885164260864,-1.9629181623458862,0.3028227984905243,2.3680262565612793,-1.4310451745986938
0.5752759575843811,0.47854265570640564,-0.4854567050933838,-1.9598325490951538,0.31170743703842163,2.3653311729431152,-1.4502391815185547
0.5958132147789001,0.4831703305244446,-0.49682554602622986,-1.9564554691314697,0.32061222195625305,2.3624703884124756,-1.469433307647705
0.6160569190979004,0.4880320131778717,-0.5079946517944336,-1.9527860879898071,0.3295378088951111,2.359442949295044,-1.4886274337768555
0.6360015273094177,0.493124395608902,-0.5189636945724487,-1.9488252401351929,0.3384835720062256,2.356248378753662,-1.5078214406967163
0.6556423902511597,0.49844926595687866,-0.5297346711158752,-1.9445706605911255,0.34745174646377563,2.35288405418396,-1.5270156860351562
0.6749747395515442,0.5040031671524048,-0.5403079390525818,-1.9400240182876587,0.3564409017562866,2.3493504524230957,-1.546209692955017
0.6939963102340698,0.5097864270210266,-0.550687849521637,-1.9351835250854492,0.3654532730579376,2.345644950866699,-1.5654038190841675
0.7127051949501038,0.515796959400177,-0.5608778595924377,-1.9300493001937866,0.37448960542678833,2.341766834259033,-1.5845979452133179
0.7310982346534729,0.5220352411270142,-0.5708810091018677,-1.924620509147644,0.3835505545139313,2.3377151489257812,-1.6037919521331787
0.7491755485534668,0.5285003185272217,-0.5807040333747864,-1.9188960790634155,0.3926379978656769,2.333487033843994,-1.622986078262329
0.7669371962547302,0.535191535949707,-0.5903528332710266,-1.912876009941101,0.4017545282840729,2.3290817737579346,-1.6421802043914795
0.7843819856643677,0.5421090126037598,-0.5998327732086182,-1.9065591096878052,0.41090038418769836,2.324497699737549,-1.6613742113113403
0.8015115857124329,0.549252986907959,-0.6091520190238953,-1.8999439477920532,0.42007967829704285,2.319732666015625,-1.6805683374404907
0.8183273673057556,0.5566228032112122,-0.618318498134613,-1.8930301666259766,0.42929401993751526,2.3147847652435303,-1.6997624635696411
0.8348312377929688,0.5642201900482178,-0.6273415088653564,-1.8858156204223633,0.4385469853878021,2.3096516132354736,-1.7189565896987915
0.8510246872901917,0.5720450282096863,-0.6362289786338806,-1.8782998323440552,0.44784218072891235,2.3043313026428223,-1.7381505966186523
0.8669115304946899,0.5800982713699341,-0.6449920535087585,-1.870481252670288,0.4571823477745056,2.298820972442627,-1.7573447227478027
0.8824926018714905,0.5883817672729492,-0.6536391377449036,-1.8623578548431396,0.4665725529193878,2.293118715286255,-1.7765388488769531
0.897773027420044,0.5968958735466003,-0.6621828079223633,-1.8539279699325562,0.4760169982910156,2.2872204780578613,-1.795732855796814
0.9127544164657593,0.6056443452835083,-0.6706334352493286,-1.8451893329620361,0.48552167415618896,2.2811241149902344,-1.8149269819259644
0.9274412393569946,0.6146278977394104,-0.6790031790733337,-1.8361400365829468,0.4950909912586212,2.2748260498046875,-1.8341211080551147
0.9418362975120544,0.6238501667976379,-0.6873038411140442,-1.826777458190918,0.504732072353363,2.2683229446411133,-1.8533152341842651
0.9559456706047058,0.6333137154579163,-0.6955509185791016,-1.8170989751815796,0.5144516825675964,2.2616097927093506,-1.872509241104126
0.9697698950767517,0.6430227756500244,-0.7037544250488281,-1.8071016073226929,0.5242573618888855,2.25468373298645,-1.891703486442566
0.9833159446716309,0.6529797315597534,-0.7119315266609192,-1.79678213596344,0.534156858921051,2.247539520263672,-1.9108974933624268
0.9965863823890686,0.6631911396980286,-0.7200956344604492,-1.7861369848251343,0.5441592931747437,2.2401721477508545,-1.9300916194915771
1.0095853805541992,0.6736609935760498,-0.7282625436782837,-1.7751623392105103,0.5542752146720886,2.232576370239258,-1.9492857456207275
1.0223166942596436,0.6843950152397156,-0.7364480495452881,-1.763853907585144,0.5645146369934082,2.2247467041015625,-1.9684797525405884
1.0347847938537598,0.695400059223175,-0.7446702718734741,-1.7522072792053223,0.5748897194862366,2.216676712036133,-1.9876738786697388
1.046994924545288,0.7066832780838013,-0.7529482245445251,-1.7402174472808838,0.5854142308235168,2.2083587646484375,-2.0068681240081787
1.0589494705200195,0.7182524800300598,-0.7613000869750977,-1.7278785705566406,0.5961026549339294,2.1997852325439453,-2.02606201171875
1.070652961730957,0.7301167249679565,-0.7697464823722839,-1.7151848077774048,0.6069702506065369,2.190948724746704,-2.0452561378479004
1.082108974456787,0.742286205291748,-0.7783094644546509,-1.7021299600601196,0.6180344820022583,2.1818389892578125,-2.064450263977051
1.091461181640625,0.7650373578071594,-0.799191415309906,-1.6815955638885498,0.6423161625862122,2.164839506149292,-2.0914435386657715
1.1006466150283813,0.7886995673179626,-0.8209080696105957,-1.6607145071029663,0.6676071286201477,2.1470115184783936,-2.118436813354492
1.1096694469451904,0.813367486000061,-0.843582034111023,-1.6394686698913574,0.6940323114395142,2.128272533416748,-2.145430088043213
1.118530035018921,0.8391549587249756,-0.8673550486564636,-1.61783766746521,0.7217392921447754,2.1085262298583984,-2.1724233627319336
1.1272311210632324,0.8661958575248718,-0.8923993706703186,-1.5958008766174316,0.7509081363677979,2.087656021118164,-2.1994166374206543
1.1357694864273071,0.8946548700332642,-0.9189201593399048,-1.5733323097229004,0.7817564606666565,2.065521240234375,-2.226409912109375
1.1441431045532227,0.9247338175773621,-0.9471724033355713,-1.5504074096679688,0.8145549297332764,2.041948080062866,-2.2534031867980957
1.152344822883606,0.9566896557807922,-0.9774766564369202,-1.5269951820373535,0.8496476411819458,2.0167160034179688,-2.2803966999053955
1.1603646278381348,0.9908531904220581,-1.0102461576461792,-1.5030641555786133,0.887478232383728,1.9895416498184204,-2.307389974594116
1.168192744255066,1.0276663303375244,-1.0460362434387207,-1.4785776138305664,0.9286424517631531,1.9600448608398438,-2.334383249282837
1.175795078277588,1.0677459239959717,-1.0856001377105713,-1.4534940719604492,0.9739646911621094,1.927700400352478,-2.3613765239715576
1.1831386089324951,1.1119911670684814,-1.130050778388977,-1.427767276763916,1.024651050567627,1.8917380571365356,-2.3883697986602783
1.1901599168777466,1.1618187427520752,-1.1811203956604004,-1.401343822479248,1.0825889110565186,1.8509483337402344,-2.415363073348999
