-1.923175573348999,0.9205433130264282,1.2073527574539185,-1.908016562461853,-1.0000044107437134,2.0570459365844727,-2.6403677463531494
-1.9268977642059326,0.9195088148117065,1.2108045816421509,-1.9149420261383057,-1.0016989707946777,2.0581185817718506,-2.6161441802978516
-1.9306018352508545,0.9185018539428711,1.2142584323883057,-1.9218316078186035,-1.0033944845199585,2.0591700077056885,-2.5919206142425537
-1.9342867136001587,0.9175212383270264,1.2177122831344604,-1.9286853075027466,-1.0050909519195557,2.06020188331604,-2.567697048187256
-1.937952995300293,0.9165669679641724,1.2211668491363525,-1.9355038404464722,-1.0067869424819946,2.061213970184326,-2.543473482131958
-1.9416004419326782,0.9156399369239807,1.2246224880218506,-1.9422873258590698,-1.008484125137329,2.0622055530548096,-2.51924991607666
-1.9452283382415771,0.9147374033927917,1.2280769348144531,-1.9490365982055664,-1.0101799964904785,2.0631792545318604,-2.4950263500213623
-1.948837161064148,0.9138603806495667,1.2315313816070557,-1.955751895904541,-1.011876106262207,2.0641331672668457,-2.4708027839660645
-1.9524269104003906,0.9130085706710815,1.2349853515625,-1.9624334573745728,-1.013570785522461,2.0650687217712402,-2.4465789794921875
-1.9559956789016724,0.9121807217597961,1.2384371757507324,-1.9690818786621094,-1.0152643918991089,2.065986156463623,-2.4223554134368896
-1.9595451354980469,0.9113767147064209,1.2418876886367798,-1.9756977558135986,-1.0169556140899658,2.0668859481811523,-2.398131847381592
-1.9630742073059082,0.9105957746505737,1.2453359365463257,-1.982280969619751,-1.01864492893219,2.0677685737609863,-2.373908281326294
-1.9665827751159668,0.9098377227783203,1.2487821578979492,-1.9888323545455933,-1.020331859588623,2.068634510040283,-2.349684715270996
-1.9700701236724854,0.9091023206710815,1.2522249221801758,-1.9953519105911255,-1.0220155715942383,2.0694832801818848,-2.3254611492156982
-1.9735374450683594,0.9083892107009888,1.2556650638580322,-2.001840114593506,-1.0236965417861938,2.0703158378601074,-2.3012375831604004
-1.9769834280014038,0.9076974987983704,1.2591016292572021,-2.0082974433898926,-1.025374174118042,2.071132183074951,-2.2770140171051025
-1.9804084300994873,0.9070276618003845,1.2625348567962646,-2.0147242546081543,-1.0270485877990723,2.071932554244995,-2.2527904510498047
-1.983811378479004,0.9063777923583984,1.2659634351730347,-2.021120548248291,-1.0287182331085205,2.0727181434631348,-2.228566884994507
-1.9871925115585327,0.9057484865188599,1.2693874835968018,-2.027486801147461,-1.0303831100463867,2.073488712310791,-2.204343318939209
-1.990552306175232,0.9051393270492554,1.272807240486145,-2.0338234901428223,-1.0320438146591187,2.074244499206543,-2.180119752883911
-1.9938902854919434,0.9045503735542297,1.276222825050354,-2.040130615234375,-1.0337002277374268,2.0749852657318115,-2.1558961868286133
-1.9972054958343506,0.903979480266571,1.2796324491500854,-2.0464088916778564,-1.0353505611419678,2.0757126808166504,-2.1316726207733154
-2.0004982948303223,0.9034274816513062,1.283036470413208,-2.0526583194732666,-1.0369954109191895,2.0764267444610596,-2.1074490547180176
-2.0037684440612793,0.9028944373130798,1.2864351272583008,-2.0588788986206055,-1.038635015487671,2.0771265029907227,-2.0832252502441406
-2.0070159435272217,0.9023789763450623,1.2898277044296265,-2.0650715827941895,-1.0402681827545166,2.0778136253356934,-2.0590016841888428
-2.0102405548095703,0.9018815159797668,1.2932145595550537,-2.0712361335754395,-1.0418953895568848,2.0784876346588135,-2.034778118133545
-2.013441562652588,0.9014002084732056,1.296594262123108,-2.0773730278015137,-1.0435152053833008,2.0791499614715576,-2.010554552078247
-2.0166192054748535,0.9009363055229187,1.299967646598816,-2.083482265472412,-1.045128345489502,2.079799175262451,-1.9863311052322388
-2.019773483276367,0.9004880785942078,1.3033338785171509,-2.089564800262451,-1.0467344522476196,2.080437660217285,-1.962107539176941
-2.022904396057129,0.9000564813613892,1.30669367313385,-2.0956196784973145,-1.0483334064483643,2.081063747406006,-1.937883973121643
-2.026010274887085,0.8996395468711853,1.3100452423095703,-2.1016480922698975,-1.0499241352081299,2.081679344177246,-1.9136602878570557
-2.029092311859131,0.8992376327514648,1.3133891820907593,-2.1076502799987793,-1.0515069961547852,2.082284450531006,-1.8894367218017578
-2.0321500301361084,0.898851215839386,1.3167258501052856,-2.1136255264282227,-1.053081750869751,2.0828781127929688,-1.86521315574646
-2.035183906555176,0.8984787464141846,1.3200548887252808,-2.119575023651123,-1.0546480417251587,2.0834617614746094,-1.840989589691162
-2.0381925106048584,0.8981200456619263,1.3233753442764282,-2.1254987716674805,-1.0562055110931396,2.084035873413086,-1.8167660236358643
-2.0411760807037354,0.8977744579315186,1.3266873359680176,-2.131396770477295,-1.0577540397644043,2.0846004486083984,-1.7925424575805664
-2.044135332107544,0.8974434733390808,1.3299916982650757,-2.1372692584991455,-1.0592942237854004,2.0851547718048096,-1.768318772315979
-2.047069549560547,0.8971232771873474,1.3332873582839966,-2.1431164741516113,-1.0608241558074951,2.0857009887695312,-1.7440952062606812
-2.0499770641326904,0.8968154788017273,1.3365727663040161,-2.1489386558532715,-1.062343716621399,2.0862393379211426,-1.7198716402053833
-2.052859306335449,0.8965199589729309,1.339849829673767,-2.154736042022705,-1.0638537406921387,2.086768865585327,-1.6956480741500854
-2.0557169914245605,0.8962363600730896,1.343118667602539,-2.160508632659912,-1.0653541088104248,2.087289571762085,-1.6714245080947876
-2.0585474967956543,0.8959624767303467,1.346376895904541,-2.166256904602051,-1.0668437480926514,2.087804079055786,-1.6472009420394897
-2.0613532066345215,0.8957001566886902,1.349627137184143,-2.171980619430542,-1.0683228969573975,2.0883097648620605,-1.622977375984192
-2.064131259918213,0.8954470753669739,1.3528664112091064,-2.177680253982544,-1.0697906017303467,2.0888102054595947,-1.598753809928894
-2.0668840408325195,0.8952040672302246,1.356096863746643,-2.1833560466766357,-1.0712469816207886,2.0893032550811768,-1.5745301246643066
-2.0696096420288086,0.8949702978134155,1.3593169450759888,-2.1890077590942383,-1.0726923942565918,2.089790105819702,-1.5503065586090088
-2.0723087787628174,0.8947451114654541,1.3625271320343018,-2.1946358680725098,-1.07412588596344,2.090271234512329,-1.526082992553711
-2.074981212615967,0.8945294618606567,1.3657279014587402,-2.20024037361145,-1.0755479335784912,2.090745687484741,-1.501859426498413
-2.0776264667510986,0.8943204283714294,1.3689179420471191,-2.2058215141296387,-1.0769572257995605,2.0912160873413086,-1.4776358604431152
-2.080244302749634,0.8941196799278259,1.3720977306365967,-2.2113795280456543,-1.0783543586730957,2.0916812419891357,-1.4534122943878174
-2.0828356742858887,0.8939267992973328,1.3752679824829102,-2.216913938522339,-1.0797395706176758,2.0921406745910645,-1.4291887283325195
-2.0853991508483887,0.8937395215034485,1.3784271478652954,-2.222425937652588,-1.0811115503311157,2.092597246170044,-1.4049651622772217
-2.087934732437134,0.8935595750808716,1.3815760612487793,-2.227914810180664,-1.0824708938598633,2.0930488109588623,-1.3807414770126343
-2.0904428958892822,0.8933846354484558,1.384714126586914,-2.2333810329437256,-1.0838162899017334,2.0934975147247314,-1.3565179109573364
-2.0929229259490967,0.8932153582572937,1.3878415822982788,-2.2388246059417725,-1.0851483345031738,2.093942642211914,-1.3322943449020386
-2.095374822616577,0.8930506706237793,1.3909578323364258,-2.244246006011963,-1.0864660739898682,2.0943856239318848,-1.3080707788467407
-2.097799062728882,0.8928916454315186,1.39406418800354,-2.2496447563171387,-1.0877708196640015,2.094825029373169,-1.2838472127914429
-2.1001946926116943,0.8927357792854309,1.3971593379974365,-2.255021095275879,-1.0890612602233887,2.0952627658843994,-1.259623646736145
-2.1025617122650146,0.892583966255188,1.4002432823181152,-2.260375499725342,-1.0903366804122925,2.095698595046997,-1.2354000806808472
-2.1048996448516846,0.8924344778060913,1.403315782546997,-2.2657079696655273,-1.091597557067871,2.0961337089538574,-1.2111765146255493
-2.1072092056274414,0.8922877907752991,1.4063776731491089,-2.2710182666778564,-1.0928430557250977,2.0965676307678223,-1.1869529485702515
-2.1094913482666016,0.8921493887901306,1.409430980682373,-2.276306390762329,-1.0940784215927124,2.0969958305358887,-1.162729263305664
-2.111743211746216,0.8920085430145264,1.412471055984497,-2.2815732955932617,-1.095294713973999,2.0974276065826416,-1.1385056972503662
-2.113966464996338,0.8918690085411072,1.4155006408691406,-2.286818265914917,-1.096495509147644,2.0978589057922363,-1.1142821311950684
-2.1161603927612305,0.8917309641838074,1.4185192584991455,-2.292041778564453,-1.097680926322937,2.098289966583252,-1.0900585651397705
-2.1183247566223145,0.8915932178497314,1.4215261936187744,-2.297244071960449,-1.098849892616272,2.0987226963043213,-1.0658349990844727
-2.120459794998169,0.8914554119110107,1.4245222806930542,-2.302424669265747,-1.1000030040740967,2.099155902862549,-1.0416114330291748
-2.122565507888794,0.8913190364837646,1.427507758140564,-2.307583808898926,-1.1011406183242798,2.0995895862579346,-1.0173877477645874
-2.124641180038452,0.8911793828010559,1.4304814338684082,-2.3127222061157227,-1.1022601127624512,2.100026845932007,-0.9931642413139343
-2.12668776512146,0.891040563583374,1.4334450960159302,-2.3178389072418213,-1.103364109992981,2.100464105606079,-0.9689406156539917
-2.128704071044922,0.8908989429473877,1.4363970756530762,-2.322934627532959,-1.1044501066207886,2.100904941558838,-0.9447170495986938
-2.1306893825531006,0.8907548785209656,1.4393372535705566,-2.328009605407715,-1.1055185794830322,2.1013495922088623,-0.920493483543396
-2.132646083831787,0.890609860420227,1.442267894744873,-2.3330633640289307,-1.1065704822540283,2.101795196533203,-0.8962699174880981
-2.1345715522766113,0.8904606103897095,1.445186734199524,-2.3380961418151855,-1.1076042652130127,2.102245807647705,-0.8720463514328003
-2.1364669799804688,0.8903079032897949,1.4480947256088257,-2.3431081771850586,-1.1086201667785645,2.1027002334594727,-0.8478227853775024
-2.1383326053619385,0.890151858329773,1.4509925842285156,-2.34809947013855,-1.109618067741394,2.103158473968506,-0.8235992193222046
-2.140166997909546,0.8899908661842346,1.4538788795471191,-2.35306978225708,-1.1105972528457642,2.1036219596862793,-0.7993756532669067
-2.1419713497161865,0.8898261785507202,1.45675528049469,-2.3580193519592285,-1.1115590333938599,2.1040894985198975,-0.7751520276069641
-2.1437439918518066,0.8896544575691223,1.4596196413040161,-2.3629486560821533,-1.1125006675720215,2.1045641899108887,-0.7509284615516663
-2.14548659324646,0.8894785046577454,1.4624744653701782,-2.367856979370117,-1.1134240627288818,2.1050431728363037,-0.7267048954963684
-2.14719820022583,0.889295756816864,1.4653187990188599,-2.372744560241699,-1.1143279075622559,2.1055285930633545,-0.7024813294410706
-2.148878812789917,0.8891059756278992,1.468152403831482,-2.3776121139526367,-1.1152126789093018,2.106020927429199,-0.6782577633857727
-2.1505286693573,0.8889100551605225,1.4709758758544922,-2.3824586868286133,-1.1160778999328613,2.1065196990966797,-0.6540341973304749
-2.152146816253662,0.8887059688568115,1.4737887382507324,-2.387284994125366,-1.1169233322143555,2.1070261001586914,-0.629810631275177
-2.153733968734741,0.8884939551353455,1.476591944694519,-2.3920905590057373,-1.1177486181259155,2.1075398921966553,-0.6055870056152344
-2.155289649963379,0.8882726430892944,1.479384422302246,-2.3968758583068848,-1.1185535192489624,2.108062744140625,-0.5813634395599365
-2.1568148136138916,0.8880438804626465,1.4821680784225464,-2.4016408920288086,-1.1193382740020752,2.1085925102233887,-0.5571398735046387
-2.1583075523376465,0.8878049850463867,1.4849411249160767,-2.4063854217529297,-1.1201025247573853,2.1091318130493164,-0.5329160690307617
-2.1597695350646973,0.8875566124916077,1.487705111503601,-2.411109447479248,-1.1208455562591553,2.109679698944092,-0.5086925029754639
-2.1611990928649902,0.8872973918914795,1.4904587268829346,-2.4158129692077637,-1.121567726135254,2.1102380752563477,-0.484468936920166
-2.162597417831421,0.8870279788970947,1.4932034015655518,-2.4204964637756348,-1.1222689151763916,2.1108057498931885,-0.46024537086486816
-2.163964033126831,0.8867467641830444,1.495938777923584,-2.425159454345703,-1.122948408126831,2.1113839149475098,-0.4360218048095703
-2.1652989387512207,0.8864539265632629,1.4986652135849,-2.4298019409179688,-1.1236056089401245,2.1119728088378906,-0.41179823875427246
-2.1666016578674316,0.8861509561538696,1.5013823509216309,-2.43442440032959,-1.124242901802063,2.1125714778900146,-0.38757461309432983
-2.167872428894043,0.8858333826065063,1.504090666770935,-2.439026117324829,-1.1248564720153809,2.11318302154541,-0.363351047039032
-2.169111728668213,0.8855038285255432,1.5067907571792603,-2.443607807159424,-1.1254485845565796,2.1138052940368652,-0.33912748098373413
-2.170318603515625,0.8851596713066101,1.5094819068908691,-2.448168992996216,-1.126017451286316,2.11444091796875,-0.3149039149284363
-2.1714935302734375,0.8848021030426025,1.5121649503707886,-2.452709674835205,-1.1265639066696167,2.115088701248169,-0.2906803488731384
-2.1726362705230713,0.8844311237335205,1.514839768409729,-2.4572300910949707,-1.1270875930786133,2.115748405456543,-0.2664567530155182
-2.1737465858459473,0.8840445876121521,1.5175065994262695,-2.4617300033569336,-1.1275886297225952,2.116422176361084,-0.24223317205905914
-2.1748244762420654,0.8836433291435242,1.520165205001831,-2.466209888458252,-1.1280659437179565,2.117109537124634,-0.2180096060037613
-2.175870418548584,0.883226215839386,1.5228166580200195,-2.4706692695617676,-1.1285200119018555,2.1178109645843506,-0.19378603994846344
-2.176884174346924,0.882793664932251,1.525461196899414,-2.4751079082489014,-1.128950834274292,2.118525505065918,-0.1695624589920044
-2.1778645515441895,0.8823440670967102,1.5280972719192505,-2.4795260429382324,-1.1293575763702393,2.119256019592285,-0.14533889293670654
-2.1788134574890137,0.8818783760070801,1.5307276248931885,-2.48392391204834,-1.129740595817566,2.1200003623962402,-0.12111532688140869
-2.1797289848327637,0.8813953995704651,1.5333501100540161,-2.4883010387420654,-1.1300995349884033,2.120760679244995,-0.09689175337553024
-2.180612564086914,0.8808946013450623,1.5359668731689453,-2.4926576614379883,-1.1304329633712769,2.1215364933013916,-0.07266818732023239
-2.1814634799957275,0.8803760409355164,1.5385769605636597,-2.4969935417175293,-1.1307432651519775,2.1223278045654297,-0.04844455420970917
-2.182281732559204,0.8798393607139587,1.541180968284607,-2.5013091564178467,-1.131028413772583,2.123135805130005,-0.024220984429121017
-2.1830668449401855,0.8792835474014282,1.5437787771224976,-2.505603790283203,-1.131288766860962,2.123960256576538,2.585421498224605e-06
-2.18381929397583,0.8787091374397278,1.5463708639144897,-2.5098776817321777,-1.1315243244171143,2.1248013973236084,0.024226155132055283
-2.184539318084717,0.8781147599220276,1.5489578247070312,-2.5141308307647705,-1.1317338943481445,2.125659942626953,0.04844972491264343
-2.1852259635925293,0.8775007724761963,1.5515391826629639,-2.5183632373809814,-1.1319186687469482,2.1265361309051514,0.07267329841852188
-2.185880184173584,0.87686687707901,1.554115891456604,-2.5225746631622314,-1.1320781707763672,2.127429723739624,0.09689686447381973
-2.186501979827881,0.8762127161026001,1.5566883087158203,-2.5267653465270996,-1.1322119235992432,2.128340721130371,0.12112043797969818
-2.187089681625366,0.8755367398262024,1.5592551231384277,-2.5309348106384277,-1.1323192119598389,2.1292717456817627,0.14534400403499603
-2.187645435333252,0.8748400807380676,1.5618185997009277,-2.535083293914795,-1.1324002742767334,2.130220413208008,0.16956757009029388
-2.188167095184326,0.874122142791748,1.5643774271011353,-2.539210557937622,-1.1324560642242432,2.131187915802002,0.19379115104675293
-2.188656806945801,0.873382568359375,1.566933035850525,-2.5433168411254883,-1.1324851512908936,2.132174491882324,0.21801477670669556
-2.189112901687622,0.8726206421852112,1.569485068321228,-2.5474019050598145,-1.132487416267395,2.133180618286133,0.2422383427619934
-2.1895358562469482,0.8718361258506775,1.5720336437225342,-2.5514657497406006,-1.1324634552001953,2.134206771850586,0.26646190881729126
-2.1899254322052,0.8710281848907471,1.5745790004730225,-2.5555081367492676,-1.1324121952056885,2.135253429412842,0.29068565368652344
-2.1902823448181152,0.8701984286308289,1.5771222114562988,-2.5595288276672363,-1.1323342323303223,2.136319160461426,0.31490927934646606
-2.190605878829956,0.8693450093269348,1.5796630382537842,-2.563528299331665,-1.1322293281555176,2.1374056339263916,0.3391328454017639
-2.1908960342407227,0.8684683442115784,1.582201361656189,-2.5675060749053955,-1.1320973634719849,2.138512372970581,0.36335641145706177
-2.191152572631836,0.867566704750061,1.5847375392913818,-2.5714621543884277,-1.1319372653961182,2.139641046524048,0.3875799775123596
-2.1913766860961914,0.8666433691978455,1.5872727632522583,-2.5753962993621826,-1.1317508220672607,2.1407885551452637,0.41180354356765747
-2.1915667057037354,0.8656943440437317,1.5898061990737915,-2.5793087482452393,-1.131535530090332,2.141958713531494,0.4360271096229553
-2.191723108291626,0.8647205829620361,1.59233820438385,-2.5831990242004395,-1.1312931776046753,2.1431503295898438,0.46025070548057556
-2.1918466091156006,0.8637223243713379,1.59486985206604,-2.5870676040649414,-1.131022334098816,2.1443634033203125,0.4844742715358734
-2.191936492919922,0.8626997470855713,1.5974009037017822,-2.5909135341644287,-1.1307239532470703,2.145597457885742,0.5086978077888489
-2.191992998123169,0.8616515398025513,1.5999317169189453,-2.5947375297546387,-1.1303977966308594,2.1468541622161865,0.5329214334487915
-2.1920156478881836,0.8605789542198181,1.6024621725082397,-2.598539352416992,-1.1300427913665771,2.148132085800171,0.5571449995040894
-2.192005157470703,0.8594803810119629,1.604993462562561,-2.602318286895752,-1.1296595335006714,2.149432420730591,0.581368625164032
-2.1919610500335693,0.8583561182022095,1.6075248718261719,-2.6060752868652344,-1.1292476654052734,2.1507551670074463,0.6055921912193298
-2.191883087158203,0.8572060465812683,1.6100571155548096,-2.609808921813965,-1.1288074254989624,2.152100086212158,0.6298157572746277
-2.1917712688446045,0.8560301661491394,1.6125901937484741,-2.6135201454162598,-1.1283382177352905,2.1534676551818848,0.6540393233299255
-2.1916260719299316,0.8548287749290466,1.6151249408721924,-2.617208480834961,-1.1278400421142578,2.1548573970794678,0.6782628893852234
-2.1914467811584473,0.8536010384559631,1.6176609992980957,-2.6208736896514893,-1.1273136138916016,2.1562697887420654,0.7024864554405212
-2.139349937438965,0.7651956677436829,1.6194403171539307,-2.62575626373291,-1.062928557395935,2.2278475761413574,0.7318759560585022
-2.0818026065826416,0.6914100050926208,1.6189440488815308,-2.6261560916900635,-1.0028092861175537,2.285158395767212,0.7612655162811279
-2.0181727409362793,0.6289492845535278,1.6142570972442627,-2.622055768966675,-0.9462254643440247,2.331256628036499,0.7906550168991089
-1.9477112293243408,0.5756773948669434,1.6036113500595093,-2.6134769916534424,-0.8928930759429932,2.3681936264038086,0.8200445175170898
-1.9316785335540771,0.5384962558746338,1.593795895576477,-2.606576442718506,-0.8528223633766174,2.392788887023926,0.7890391945838928
-1.913970947265625,0.5039216876029968,1.58242666721344,-2.599458694458008,-0.8132702708244324,2.4146828651428223,0.758033812046051
-1.894417405128479,0.47161027789115906,1.5692992210388184,-2.592118263244629,-0.7741580605506897,2.4342031478881836,0.727028489112854
-1.872804880142212,0.44128161668777466,1.554172158241272,-2.5845491886138916,-0.7354223728179932,2.4516184329986572,0.696023166179657
-1.8488774299621582,0.41270914673805237,1.5367640256881714,-2.5767464637756348,-0.697011411190033,2.4671506881713867,0.66501784324646
-1.8223249912261963,0.3857077956199646,1.5167416334152222,-2.568704605102539,-0.6588838696479797,2.4809844493865967,0.6340125203132629
-1.7927677631378174,0.3601287603378296,1.4937044382095337,-2.5604186058044434,-0.6210038065910339,2.493277072906494,0.6030071377754211
-1.7597495317459106,0.33585605025291443,1.4671763181686401,-2.5518839359283447,-0.5833413004875183,2.5041589736938477,0.5720018148422241
-1.722710371017456,0.3128032386302948,1.4365787506103516,-2.543095588684082,-0.5458711385726929,2.5137429237365723,0.5409964919090271
-1.680977702140808,0.29091355204582214,1.401221752166748,-2.5340490341186523,-0.508571445941925,2.522122859954834,0.5099911689758301
-1.6337308883666992,0.27016007900238037,1.3602674007415771,-2.5247397422790527,-0.47142213582992554,2.5293807983398438,0.47898581624031067
-1.579988718032837,0.25054848194122314,1.3127179145812988,-2.5151634216308594,-0.43440544605255127,2.5355851650238037,0.44798046350479126
-1.518585205078125,0.23212365806102753,1.2573908567428589,-2.5053162574768066,-0.39750534296035767,2.540794849395752,0.41697511076927185
-1.448172688484192,0.21497291326522827,1.192922592163086,-2.4951939582824707,-0.36070677638053894,2.5450596809387207,0.38596978783607483
-1.3672810792922974,0.199235200881958,1.1178268194198608,-2.484793186187744,-0.32399600744247437,2.548419952392578,0.3549644351005554
-1.274409532546997,0.18510878086090088,1.0305867195129395,-2.474109649658203,-0.2873585820198059,2.5509111881256104,0.3239591121673584
-1.1683069467544556,0.17285342514514923,0.9299346208572388,-2.463139772415161,-0.25078028440475464,2.5525615215301514,0.292953759431839
-1.0483896732330322,0.16278576850891113,0.8152711987495422,-2.45188045501709,-0.21424803137779236,2.5533933639526367,0.26194843649864197
-0.9153270721435547,0.1552584022283554,0.6872482299804688,-2.4403281211853027,-0.17774748802185059,2.553422689437866,0.23094309866428375
-0.7715634703636169,0.15061259269714355,0.5482929348945618,-2.4284794330596924,-0.14126399159431458,2.5526628494262695,0.19993777573108673
-0.6214975118637085,0.1491066962480545,0.40278616547584534,-2.4163312911987305,-0.10478174686431885,2.5511202812194824,0.16893242299556732
-0.4708667993545532,0.15085987746715546,0.2564469873905182,-2.4038801193237305,-0.0682847797870636,2.5487966537475586,0.1379271000623703
-0.3254983425140381,0.15581633150577545,0.11508254706859589,-2.3911235332489014,-0.03175533190369606,2.5456910133361816,0.10692175477743149
-0.19001102447509766,0.163767009973526,-0.01670839451253414,-2.3780577182769775,0.004825678188353777,2.5417964458465576,0.07591643184423447
-0.06711635738611221,0.17440874874591827,-0.13623623549938202,-2.3646798133850098,0.041478708386421204,2.537101984024048,0.044911086559295654
0.04231729358434677,0.1874101310968399,-0.24265585839748383,-2.350986957550049,0.0782267153263092,2.5315909385681152,0.013905711472034454
0.13874389231204987,0.20246340334415436,-0.33644619584083557,-2.336975336074829,0.11509416997432709,2.525242805480957,-0.017099637538194656
0.2233586609363556,0.21931183338165283,-0.41882938146591187,-2.3226423263549805,0.15210916101932526,2.518031597137451,-0.04810495674610138
0.2976391315460205,0.2377544790506363,-0.49131256341934204,-2.3079848289489746,0.18930204212665558,2.509925365447998,-0.07911030948162079
0.3630770146846771,0.2576472759246826,-0.5554194450378418,-2.292998790740967,0.22670724987983704,2.500885486602783,-0.11011562496423721
0.4210360050201416,0.27889740467071533,-0.6125507354736328,-2.277681350708008,0.26436296105384827,2.4908673763275146,-0.14112097024917603
0.4727066159248352,0.3014519512653351,-0.663933277130127,-2.2620291709899902,0.3023126721382141,2.4798178672790527,-0.17212629318237305
0.5190936326980591,0.3252970576286316,-0.710618257522583,-2.246037721633911,0.34060534834861755,2.467674732208252,-0.20313164591789246
0.5610352754592896,0.3504490256309509,-0.7534939050674438,-2.229703664779663,0.37929701805114746,2.454366445541382,-0.23413699865341187
0.599224865436554,0.37695321440696716,-0.7933101654052734,-2.2130227088928223,0.4184521436691284,2.4398088455200195,-0.2651423215866089
0.6342342495918274,0.4048832654953003,-0.8307057619094849,-2.1959903240203857,0.45814457535743713,2.423902988433838,-0.2961476445198059
0.6665314435958862,0.43434035778045654,-0.8662207722663879,-2.1786022186279297,0.4984603226184845,2.4065346717834473,-0.32715296745300293
0.696505606174469,0.46545445919036865,-0.9003346562385559,-2.1608529090881348,0.5395004749298096,2.3875677585601807,-0.35815832018852234
0.7244759202003479,0.4983912408351898,-0.9334710240364075,-2.1427371501922607,0.5813854336738586,2.366840362548828,-0.38916364312171936
0.7507067918777466,0.5333552360534668,-0.9660192728042603,-2.1242494583129883,0.6242591738700867,2.3441598415374756,-0.4201689660549164
0.7754150629043579,0.5705989003181458,-0.99834805727005,-2.1053833961486816,0.6682965755462646,2.319291830062866,-0.4511742889881134
0.7987784743309021,0.6104370951652527,-1.0308220386505127,-2.086132526397705,0.7137136459350586,2.2919490337371826,-0.4821796715259552
0.8209394812583923,0.653268039226532,-1.063819408416748,-2.0664892196655273,0.7607811689376831,2.2617735862731934,-0.5131849646568298
0.842011034488678,0.699600875377655,-1.0977556705474854,-2.046445846557617,0.8098502159118652,2.22830867767334,-0.5441902875900269
0.8620783090591431,0.7501064538955688,-1.1331167221069336,-2.025993824005127,0.861384391784668,2.1909546852111816,-0.5751956105232239
0.8811909556388855,0.8056955933570862,-1.170501947402954,-2.0051236152648926,0.916019856929779,2.1489036083221436,-0.6062009930610657
0.8993625044822693,0.8676592111587524,-1.2107130289077759,-1.98382568359375,0.9746684432029724,2.1010119915008545,-0.6372063159942627
0.9165529608726501,0.937947154045105,-1.2549158334732056,-1.9620879888534546,1.0387287139892578,2.045557975769043,-0.6682116389274597
0.9326278567314148,1.0197733640670776,-1.304992914199829,-1.9398990869522095,1.1105412244796753,1.9797157049179077,-0.6992169618606567
0.9472593069076538,1.1192470788955688,-1.3645060062408447,-1.9172455072402954,1.194629430770874,1.8981313705444336,-0.7302223443984985
0.959467887878418,1.2515647411346436,-1.4423264265060425,-1.8941121101379395,1.3024556636810303,1.7875406742095947,-0.7612276673316956
0.9549853205680847,1.1231780052185059,-1.3629924058914185,-1.9063947200775146,1.1955900192260742,1.8945765495300293,-0.7375145554542542
0.9474071264266968,1.027571678161621,-1.299977421760559,-1.9178290367126465,1.1112562417984009,1.9726847410202026,-0.7138015031814575
0.9376322627067566,0.9498934745788574,-1.2448787689208984,-1.928423285484314,1.0385472774505615,2.034864664077759,-0.6900883913040161
0.9259134531021118,0.8840933442115784,-1.1942578554153442,-1.9381844997406006,0.9731283187866211,2.0864455699920654,-0.6663753390312195
0.912317156791687,0.8269760608673096,-1.1462652683258057,-1.9471192359924316,0.9127532839775085,2.1302623748779297,-0.6426622271537781
0.8968144059181213,0.776607871055603,-1.0997288227081299,-1.955230712890625,0.8560810089111328,2.16804838180542,-0.6189491748809814
0.8793290257453918,0.7317110300064087,-1.053821086883545,-1.9625239372253418,0.8022334575653076,2.200961112976074,-0.59523606300354
0.8597560524940491,0.6913989186286926,-1.0079147815704346,-1.9690020084381104,0.7505989670753479,2.2298169136047363,-0.5715230107307434
0.8379714488983154,0.6550313830375671,-0.961502730846405,-1.9746671915054321,0.7007313966751099,2.255218744277954,-0.547809898853302
0.8138426542282104,0.6221359968185425,-0.9141614437103271,-1.979520559310913,0.6522915959358215,2.2776243686676025,-0.5240968465805054
0.7872351408004761,0.5923583507537842,-0.8655272126197815,-1.9835638999938965,0.6050146818161011,2.297391891479492,-0.500383734703064
0.7580207586288452,0.565434992313385,-0.8152884244918823,-1.9867970943450928,0.5586897730827332,2.314803123474121,-0.47667068243026733
0.7260873317718506,0.541169285774231,-0.7631804943084717,-1.9892194271087646,0.5131434202194214,2.330084800720215,-0.4529576003551483
0.6913471221923828,0.5194185972213745,-0.708987832069397,-1.990830421447754,0.46823030710220337,2.3434207439422607,-0.4292445182800293
0.6537460088729858,0.5000835061073303,-0.6525456309318542,-1.9916282892227173,0.4238259494304657,2.3549611568450928,-0.4055314362049103
0.6132844090461731,0.4830985963344574,-0.593757152557373,-1.9916114807128906,0.37982410192489624,2.3648266792297363,-0.38181835412979126
0.5700207948684692,0.46842917799949646,-0.5325944423675537,-1.9907764196395874,0.336130827665329,2.3731155395507812,-0.35810527205467224
0.5240844488143921,0.45605963468551636,-0.4691073000431061,-1.989120364189148,0.2926603853702545,2.3799076080322266,-0.3343921899795532
0.4756893813610077,0.44599348306655884,-0.40343621373176575,-1.9866387844085693,0.24933621287345886,2.3852639198303223,-0.3106791079044342
0.4251324534416199,0.43824291229248047,-0.3358079493045807,-1.983328104019165,0.20608408749103546,2.3892319202423096,-0.2869659960269928
0.37279248237609863,0.43282899260520935,-0.2665322422981262,-1.9791823625564575,0.1628355085849762,2.391845226287842,-0.26325294375419617
0.3191239833831787,0.4297740161418915,-0.19599993526935577,-1.9741963148117065,0.11952359229326248,2.393124580383301,-0.23953986167907715
0.26463425159454346,0.42910057306289673,-0.12465066462755203,-1.9683626890182495,0.07608096301555634,2.3930795192718506,-0.21582676470279694
0.20986464619636536,0.4308266341686249,-0.05295797809958458,-1.9616754055023193,0.03244039788842201,2.391706943511963,-0.19211368262767792
0.15536059439182281,0.4349658191204071,0.018602926284074783,-1.9541252851486206,-0.011467722244560719,2.3889923095703125,-0.1684006303548813
0.10164330154657364,0.44153067469596863,0.08958503603935242,-1.9457041025161743,-0.055716775357723236,2.384909152984619,-0.14468753337860107
0.049184974282979965,0.45053038001060486,0.15959562361240387,-1.9364014863967896,-0.1003863513469696,2.379417657852173,-0.12097444385290146
-0.0016095481114462018,0.4619777798652649,0.22831614315509796,-1.9262067079544067,-0.1455625295639038,2.372464656829834,-0.09726135432720184
-0.050414685159921646,0.4758921265602112,0.2955164611339569,-1.915108323097229,-0.19134114682674408,2.363981246948242,-0.07354825735092163
-0.09699030220508575,0.4923054873943329,0.3610632121562958,-1.9030919075012207,-0.2378302961587906,2.353879690170288,-0.049835216253995895
-0.1411762237548828,0.5112704038619995,0.42491787672042847,-1.890143632888794,-0.2851542532444,2.3420534133911133,-0.02612212300300598
-0.18288785219192505,0.5328643918037415,0.48713597655296326,-1.8762465715408325,-0.3334578275680542,2.328369140625,-0.0024090267252177
-0.22210320830345154,0.5571998953819275,0.5478596091270447,-1.861383080482483,-0.3829115629196167,2.31266450881958,0.021304061636328697
-0.2588501274585724,0.5844354629516602,0.6073121428489685,-1.8455322980880737,-0.433720201253891,2.2947397232055664,0.04501711204648018
-0.2931961417198181,0.6147857308387756,0.6657978296279907,-1.8286727666854858,-0.4861333668231964,2.2743468284606934,0.0687301978468895
-0.3252356946468353,0.648543119430542,0.7237035632133484,-1.8107783794403076,-0.5404630899429321,2.2511744499206543,0.09244329482316971
-0.2903432548046112,0.6314740777015686,0.6797593832015991,-1.8108623027801514,-0.5027543306350708,2.262521505355835,0.06136011704802513
-0.2543386220932007,0.615902304649353,0.6351213455200195,-1.8107240200042725,-0.46546515822410583,2.2727246284484863,0.030276941135525703
-0.21724429726600647,0.6017698645591736,0.5897567272186279,-1.8103615045547485,-0.4285363256931305,2.2818551063537598,-0.0008062345441430807
-0.1790934056043625,0.5890309810638428,0.543649435043335,-1.8097728490829468,-0.39191752672195435,2.2899725437164307,-0.0318894125521183
-0.1399306207895279,0.5776486396789551,0.49679887294769287,-1.8089556694030762,-0.35556137561798096,2.2971279621124268,-0.06297259032726288
-0.09981392323970795,0.5675951838493347,0.44922226667404175,-1.8079074621200562,-0.31942734122276306,2.3033642768859863,-0.09405576437711716
-0.058812979608774185,0.5588482022285461,0.40095052123069763,-1.8066273927688599,-0.28347641229629517,2.30871844291687,-0.12513895332813263
-0.01700977236032486,0.5513912439346313,0.3520296514034271,-1.8051122426986694,-0.247672900557518,2.313220977783203,-0.1562221199274063
0.025501277297735214,0.5452128052711487,0.30252012610435486,-1.8033604621887207,-0.21198338270187378,2.3168976306915283,-0.18730528652668
0.06861331313848495,0.5403034687042236,0.2524957060813904,-1.80137038230896,-0.17637597024440765,2.3197684288024902,-0.21838848292827606
0.11220931261777878,0.5366582274436951,0.20204195380210876,-1.799140453338623,-0.1408209204673767,2.3218493461608887,-0.24947164952754974
0.15616466104984283,0.5342733860015869,0.15125223994255066,-1.7966680526733398,-0.10528773814439774,2.3231520652770996,-0.2805548310279846
0.20034673810005188,0.5331464409828186,0.10022860765457153,-1.7939521074295044,-0.06974838674068451,2.3236842155456543,-0.3116379976272583
0.24462126195430756,0.5332772731781006,0.049074601382017136,-1.7909910678863525,-0.03417341783642769,2.3234493732452393,-0.34272119402885437
0.28885066509246826,0.5346664786338806,-0.0021030677016824484,-1.7877826690673828,0.0014667015057057142,2.3224475383758545,-0.37380433082580566
0.332899272441864,0.5373161435127258,-0.05320008099079132,-1.7843258380889893,0.03720131143927574,2.320674419403076,-0.40488752722740173
0.37663590908050537,0.5412300229072571,-0.10411770641803741,-1.780618667602539,0.07306136190891266,2.318122386932373,-0.4359706938266754
0.4199349284172058,0.5464128255844116,-0.15476465225219727,-1.7766599655151367,0.10907825827598572,2.3147783279418945,-0.4670538902282715
0.46267998218536377,0.5528722405433655,-0.20505712926387787,-1.7724478244781494,0.14528639614582062,2.310626745223999,-0.49813705682754517
0.5047639608383179,0.5606177449226379,-0.2549262046813965,-1.7679815292358398,0.18172010779380798,2.305647373199463,-0.5292202830314636
0.5460934042930603,0.5696637630462646,-0.30431827902793884,-1.7632588148117065,0.21842004358768463,2.2998132705688477,-0.5603033900260925
0.5865852236747742,0.580028235912323,-0.3531923294067383,-1.7582788467407227,0.2554264962673187,2.293092966079712,-0.591386616230011
0.6261701583862305,0.5917340517044067,-0.4015251100063324,-1.753039836883545,0.2927861213684082,2.285449981689453,-0.6224697232246399
0.6647919416427612,0.6048122644424438,-0.44931063055992126,-1.7475405931472778,0.3305498957633972,2.2768394947052,-0.6535529494285583
0.7024043798446655,0.6193007826805115,-0.4965580999851227,-1.7417796850204468,0.3687736988067627,2.2672104835510254,-0.6846360564231873
0.738975465297699,0.6352478265762329,-0.5432978272438049,-1.735755443572998,0.4075222313404083,2.2565011978149414,-0.7157192826271057
0.604266881942749,0.7117109894752502,-0.4532468318939209,-1.5705671310424805,0.3610600233078003,2.1981570720672607,-0.7148758172988892
0.4884287714958191,0.8092504143714905,-0.3809256851673126,-1.3744399547576904,0.32152190804481506,2.122753620147705,-0.7140322923660278
0.38814133405685425,0.941184937953949,-0.32943886518478394,-1.121201515197754,0.2942980229854584,2.018489122390747,-0.7131888270378113
0.3372611999511719,0.9368277788162231,-0.2502788305282593,-1.1098222732543945,0.2235441505908966,2.0215229988098145,-0.6810665130615234
0.2862228751182556,0.9360334277153015,-0.1706196814775467,-1.0973975658416748,0.15250258147716522,2.0218403339385986,-0.6489442586898804
0.23517344892024994,0.9387944340705872,-0.09014557301998138,-1.0838651657104492,0.0807008221745491,2.019448757171631,-0.6168219447135925
0.18425802886486053,0.9451719522476196,-0.008500094525516033,-1.0691509246826172,0.007628090679645538,2.014299154281616,-0.5846996307373047
0.13362054526805878,0.9552918076515198,0.07474535703659058,-1.053168773651123,-0.06729890406131744,2.006279945373535,-0.5525773167610168
0.08340126276016235,0.969364583492279,0.16013534367084503,-1.0358152389526367,-0.14477728307247162,1.9952038526535034,-0.5204550623893738
0.033735670149326324,0.987704336643219,0.24839308857917786,-1.0169668197631836,-0.22568093240261078,1.9807912111282349,-0.48833271861076355
-0.015249177813529968,1.0107718706130981,0.34052130579948425,-0.9964718818664551,-0.3111622929573059,1.9626343250274658,-0.4562104344367981
-0.06342270225286484,1.039257287979126,0.43795204162597656,-0.9741377830505371,-0.40281352400779724,1.9401347637176514,-0.42408815026283264
-0.11066292971372604,1.0741972923278809,0.5428609251976013,-0.9497213363647461,-0.5029805898666382,1.912389874458313,-0.3919658362865448
-0.1568318009376526,1.117262840270996,0.6587481498718262,-0.9229011535644531,-0.6153734922409058,1.8779642581939697,-0.35984355211257935
-0.20176680386066437,1.171411156654358,0.791884183883667,-0.8932404518127441,-0.7465572357177734,1.8343327045440674,-0.3277212679386139
-0.24520927667617798,1.2428560256958008,0.9555829167366028,-0.8601133823394775,-0.9103767275810242,1.7762278318405151,-0.29559895396232605
-0.2262144684791565,1.1974866390228271,0.8509798645973206,-0.8788902759552002,-0.8055601716041565,1.8131710290908813,-0.3269805908203125
-0.2066268026828766,1.160261869430542,0.7607657313346863,-0.8958475589752197,-0.7160452604293823,1.8432949781417847,-0.35836222767829895
-0.18653087317943573,1.1289013624191284,0.6800505518913269,-0.9111871719360352,-0.6367540955543518,1.8685340881347656,-0.3897438645362854
-0.16599325835704803,1.1021007299423218,0.6060642004013062,-0.9250693321228027,-0.5647947788238525,1.8899908065795898,-0.42112550139427185
-0.1450573056936264,1.0790339708328247,0.5370432734489441,-0.937617301940918,-0.4983193576335907,1.9083738327026367,-0.4525071382522583
-0.12376632541418076,1.059139609336853,0.47179967164993286,-0.9489307403564453,-0.4360730051994324,1.9241617918014526,-0.48388877511024475
-0.10215723514556885,1.0420171022415161,0.40948063135147095,-0.9590921401977539,-0.3771457076072693,1.9377000331878662,-0.5152704119682312
-0.08026671409606934,1.0273727178573608,0.3494555652141571,-0.968167781829834,-0.32085657119750977,1.9492417573928833,-0.54665207862854
-0.05813123285770416,1.0149871110916138,0.29124295711517334,-0.9762129783630371,-0.2666766345500946,1.958976149559021,-0.5780336856842041
-0.0357833094894886,1.0046964883804321,0.23445700109004974,-0.983273983001709,-0.2141774743795395,1.9670507907867432,-0.6094152927398682
-0.013262630440294743,0.996368944644928,0.1787940114736557,-0.9893884658813477,-0.1630084216594696,1.9735760688781738,-0.640796959400177
0.009395753964781761,0.9899111986160278,0.12399651855230331,-0.9945878982543945,-0.11287081241607666,1.9786357879638672,-0.6721786260604858
0.032155197113752365,0.9852537512779236,0.06984566897153854,-0.998896598815918,-0.06350329518318176,1.9822918176651,-0.7035602331161499
0.07194821536540985,0.9815241098403931,-0.006650953553617001,-1.0037298202514648,0.006040670443326235,1.9852436780929565,-0.7357082962989807
0.1117861419916153,0.9808170199394226,-0.08266568183898926,-1.0076675415039062,0.07505040615797043,1.9858670234680176,-0.7678563594818115
0.151571586728096,0.9831138849258423,-0.15852345526218414,-1.0107297897338867,0.1439567357301712,1.9841749668121338,-0.8000044226646423
0.19120676815509796,0.9884479641914368,-0.23454447090625763,-1.0129303932189941,0.21318566799163818,1.980137586593628,-0.8321524858474731
0.23059691488742828,0.9968987107276917,-0.31106874346733093,-1.0142848491668701,0.28318220376968384,1.9736799001693726,-0.864300549030304
0.26964616775512695,1.0086100101470947,-0.3884759545326233,-1.014798641204834,0.3544318974018097,1.964674472808838,-0.8964486122131348
0.3082675039768219,1.0237884521484375,-0.4672265350818634,-1.014479637145996,0.42749670147895813,1.9529304504394531,-0.9285966753959656
0.34636402130126953,1.0427476167678833,-0.5478830933570862,-1.0133304595947266,0.5030539035797119,1.9381773471832275,-0.9607447385787964
0.3838520348072052,1.0659234523773193,-0.6312043070793152,-1.0113506317138672,0.5819716453552246,1.920025110244751,-0.9928928017616272
0.4206418991088867,1.0939548015594482,-0.7182334661483765,-1.008538007736206,0.6654180288314819,1.8979151248931885,-1.025040864944458
0.45663923025131226,1.1278105974197388,-0.810512363910675,-1.0048847198486328,0.7550814747810364,1.8710064888000488,-1.057188868522644
0.4917331039905548,1.1690419912338257,-0.9104881286621094,-1.000382900238037,0.8536043167114258,1.8379642963409424,-1.0893369913101196
0.5257748365402222,1.2204115390777588,-1.0225284099578857,-0.9950199127197266,0.9656521677970886,1.7964236736297607,-1.1214849948883057
0.5138652324676514,1.1894664764404297,-0.9672442674636841,-1.010136604309082,0.9089910387992859,1.8216848373413086,-1.1385228633880615
0.5017279386520386,1.1616408824920654,-0.9172617793083191,-1.0247728824615479,0.8579866290092468,1.8443090915679932,-1.1555606126785278
0.4893885850906372,1.1362881660461426,-0.8713741898536682,-1.0389633178710938,0.8113774657249451,1.8648409843444824,-1.1725984811782837
0.47686293721199036,1.1129653453826904,-0.8287515640258789,-1.0527400970458984,0.7682968974113464,1.8836586475372314,-1.18963623046875
0.4641599655151367,1.0913466215133667,-0.7887874841690063,-1.0661323070526123,0.7281109690666199,1.9010348320007324,-1.2066740989685059
0.45128774642944336,1.0711957216262817,-0.7510360479354858,-1.079162836074829,0.6903553009033203,1.917173981666565,-1.2237118482589722
0.43825605511665344,1.0523252487182617,-0.7151549458503723,-1.091855525970459,0.654670238494873,1.932233452796936,-1.240749716758728
0.42506879568099976,1.0345882177352905,-0.680868923664093,-1.1042304039001465,0.6207688450813293,1.9463396072387695,-1.2577874660491943
0.41173049807548523,1.0178676843643188,-0.6479611396789551,-1.116302728652954,0.5884244441986084,1.9595921039581299,-1.2748253345489502
0.398242324590683,1.0020653009414673,-0.6162463426589966,-1.1280913352966309,0.5574456453323364,1.972077488899231,-1.291863203048706
0.3846126198768616,0.9870978593826294,-0.5855823755264282,-1.1396090984344482,0.5276773571968079,1.9838637113571167,-1.3089009523391724
0.3708415925502777,0.9728984832763672,-0.5558410286903381,-1.1508703231811523,0.4989888370037079,1.9950110912322998,-1.3259388208389282
0.3569323718547821,0.9594079256057739,-0.5269165635108948,-1.1618857383728027,0.47126835584640503,2.0055694580078125,-1.3429765701293945
0.3428875803947449,0.9465764760971069,-0.4987189471721649,-1.1726691722869873,0.44442084431648254,2.01558256149292,-1.3600144386291504
0.3287050724029541,0.9343668222427368,-0.47116684913635254,-1.183227777481079,0.41836312413215637,2.02508807182312,-1.3770521879196167
0.3143940567970276,0.9227311611175537,-0.44419676065444946,-1.1935722827911377,0.3930240273475647,2.0341193675994873,-1.3940900564193726
0.2999544143676758,0.9116398096084595,-0.41774851083755493,-1.2037124633789062,0.36834028363227844,2.0427052974700928,-1.4111278057098389
0.2853876054286957,0.9010651111602783,-0.39176928997039795,-1.2136540412902832,0.34425660967826843,2.0508716106414795,-1.4281656742095947
0.27069538831710815,0.8909802436828613,-0.36621254682540894,-1.2234060764312744,0.3207223415374756,2.0586423873901367,-1.445203423500061
0.25588133931159973,0.8813623189926147,-0.34103959798812866,-1.2329752445220947,0.2976957857608795,2.0660369396209717,-1.462241291999817
0.24094805121421814,0.8721904158592224,-0.31621459126472473,-1.2423686981201172,0.2751368582248688,2.0730741024017334,-1.4792791604995728
0.2258969247341156,0.8634461760520935,-0.291703999042511,-1.2515919208526611,0.25300949811935425,2.079771041870117,-1.496316909790039
0.21073146164417267,0.8551139831542969,-0.2674809694290161,-1.2606492042541504,0.23128299415111542,2.0861411094665527,-1.513354778289795
0.19545316696166992,0.8471781611442566,-0.2435176521539688,-1.269547939300537,0.20992667973041534,2.09220027923584,-1.5303925275802612
0.18006660044193268,0.8396248817443848,-0.21979393064975739,-1.278292179107666,0.18891599774360657,2.097959041595459,-1.547430396080017
0.16457390785217285,0.8324424624443054,-0.19628793001174927,-1.2868874073028564,0.16822634637355804,2.1034293174743652,-1.564468264579773
0.1489783376455307,0.8256198763847351,-0.17298159003257751,-1.295337438583374,0.14783576130867004,2.108621597290039,-1.5815060138702393
0.1332828849554062,0.8191477656364441,-0.1498580276966095,-1.3036460876464844,0.12772376835346222,2.1135454177856445,-1.5985438823699951
0.11749140173196793,0.8130156993865967,-0.1269029974937439,-1.3118178844451904,0.10787194967269897,2.118208169937134,-1.6155816316604614
0.10160733014345169,0.8072160482406616,-0.10410300642251968,-1.3198564052581787,0.08826300501823425,2.1226179599761963,-1.6326195001602173
0.08563464879989624,0.8017409443855286,-0.08144649863243103,-1.327765941619873,0.06888134032487869,2.1267828941345215,-1.6496572494506836
0.06957732886075974,0.7965840101242065,-0.058923088014125824,-1.3355484008789062,0.049712371081113815,2.1307079792022705,-1.6666951179504395
0.05343867838382721,0.7917391061782837,-0.03652222082018852,-1.343207836151123,0.030741270631551743,2.1344008445739746,-1.6837328672409058
0.03722364082932472,0.7872008681297302,-0.014236489310860634,-1.3507475852966309,0.011956147849559784,2.1378655433654785,-1.700770616531372
0.02093665674328804,0.7829635739326477,0.007941452786326408,-1.358170509338379,-0.006655049975961447,2.141108274459839,-1.717808485031128
0.0045814840123057365,0.7790226936340332,0.030019203200936317,-1.365478515625,-0.025104371830821037,2.144132375717163,-1.7348462343215942
-0.011836394667625427,0.7753742337226868,0.05200142040848732,-1.3726751804351807,-0.043401554226875305,2.146942377090454,-1.75188410282135
-0.028312239795923233,0.7720142602920532,0.07389321178197861,-1.3797624111175537,-0.06155664846301079,2.1495425701141357,-1.768921971321106
-0.04484143108129501,0.7689390778541565,0.09569939225912094,-1.3867433071136475,-0.07957940548658371,2.151935338973999,-1.7859597206115723
-0.061419274657964706,0.7661463618278503,0.11742416024208069,-1.3936195373535156,-0.09747916460037231,2.1541242599487305,-1.8029975891113281
-0.07803986966609955,0.7636327743530273,0.1390698403120041,-1.4003934860229492,-0.1152636930346489,2.156111478805542,-1.820035457611084
-0.09469873458147049,0.7613967657089233,0.16064010560512543,-1.4070680141448975,-0.13294202089309692,2.15790057182312,-1.8370732069015503
-0.11138958483934402,0.7594354152679443,0.18213598430156708,-1.4136438369750977,-0.15052065253257751,2.159492015838623,-1.8541110754013062
-0.12810757756233215,0.7577469348907471,0.20356012880802155,-1.4201240539550781,-0.1680077165365219,2.160888671875,-1.8711488246917725
-0.1448468118906021,0.7563307881355286,0.22491365671157837,-1.4265093803405762,-0.1854100376367569,2.1620912551879883,-1.8881866931915283
-0.16160225868225098,0.7551842927932739,0.2461981177330017,-1.4328033924102783,-0.20273485779762268,2.1631016731262207,-1.9052244424819946
-0.17836755514144897,0.7543073296546936,0.2674137055873871,-1.4390063285827637,-0.2199881374835968,2.1639204025268555,-1.9222623109817505
-0.19513742625713348,0.7536994218826294,0.28856149315834045,-1.445120096206665,-0.237176775932312,2.16454815864563,-1.9393001794815063
-0.21190579235553741,0.7533590197563171,0.3096412420272827,-1.4511470794677734,-0.25430598855018616,2.1649856567382812,-1.9563379287719727
-0.22866706550121307,0.753286600112915,0.33065342903137207,-1.4570879936218262,-0.27138280868530273,2.1652328968048096,-1.9733757972717285
-0.24541589617729187,0.7534816265106201,0.3515983819961548,-1.4629449844360352,-0.2884126603603363,2.165289878845215,-1.9904136657714844
-0.2621456980705261,0.7539450526237488,0.37247538566589355,-1.4687190055847168,-0.30540135502815247,2.1651558876037598,-2.0074515342712402
-0.27885186672210693,0.7546764612197876,0.39328503608703613,-1.474412441253662,-0.3223544657230377,2.1648316383361816,-2.024489164352417
-0.29552793502807617,0.7556767463684082,0.41402652859687805,-1.480025291442871,-0.3392779231071472,2.164314031600952,-2.041527032852173
-0.3121676743030548,0.7569476366043091,0.4346988797187805,-1.4855594635009766,-0.3561764657497406,2.1636037826538086,-2.0585649013519287
-0.32876676321029663,0.7584885358810425,0.45530298352241516,-1.4910171031951904,-0.37305572628974915,2.162698984146118,-2.0756027698516846
-0.34531837701797485,0.7603020668029785,0.47583717107772827,-1.4963984489440918,-0.3899208605289459,2.1615986824035645,-2.0926406383514404
-0.36181873083114624,0.7623894214630127,0.49630340933799744,-1.5017049312591553,-0.4067785441875458,2.160299301147461,-2.109678268432617
