1.4118577241897583,0.9068482518196106,-0.9305548667907715,-1.5641613006591797,0.7951911091804504,2.0559933185577393,-2.0794153213500977
1.372671365737915,0.8611775636672974,-0.8679695129394531,-1.5810546875,0.7302468419075012,2.0909407138824463,-2.0490503311157227
1.3319458961486816,0.8204254508018494,-0.8077418208122253,-1.597306489944458,0.6692540645599365,2.1216518878936768,-2.0186853408813477
1.2896634340286255,0.7838099598884583,-0.7490822076797485,-1.612936019897461,0.6113879680633545,2.148829460144043,-1.9883204698562622
1.2457964420318604,0.7507723569869995,-0.6914034485816956,-1.6279586553573608,0.5560485124588013,2.1729884147644043,-1.9579554796218872
1.200319766998291,0.7208981513977051,-0.6342562437057495,-1.6423890590667725,0.5027853846549988,2.1945176124572754,-1.9275906085968018
1.1532113552093506,0.6938759684562683,-0.5772876143455505,-1.6562405824661255,0.45124614238739014,2.2137184143066406,-1.8972256183624268
1.1044576168060303,0.6694685220718384,-0.5202198028564453,-1.6695250272750854,0.4011518955230713,2.2308313846588135,-1.8668606281280518
1.0540611743927002,0.647493839263916,-0.4628397524356842,-1.6822539567947388,0.35227787494659424,2.2460460662841797,-1.8364957571029663
1.0020383596420288,0.6278131604194641,-0.40498459339141846,-1.6944366693496704,0.30443650484085083,2.2595176696777344,-1.8061307668685913
0.9484270811080933,0.6103211045265198,-0.34653934836387634,-1.706082820892334,0.2574700117111206,2.271373748779297,-1.7757657766342163
0.893290102481842,0.5949373841285706,-0.28743621706962585,-1.717201590538025,0.21124637126922607,2.2817163467407227,-1.7454009056091309
0.8367148637771606,0.5816039443016052,-0.2276485711336136,-1.7278004884719849,0.16564834117889404,2.2906301021575928,-1.7150359153747559
0.778817892074585,0.5702791213989258,-0.16719157993793488,-1.737886667251587,0.12057483196258545,2.298182725906372,-1.6846710443496704
0.7197444438934326,0.5609343647956848,-0.10611993074417114,-1.7474675178527832,0.0759364664554596,2.3044283390045166,-1.6543060541152954
0.6596697568893433,0.5535513758659363,-0.04452630504965782,-1.7565499544143677,0.03165276721119881,2.30940842628479,-1.6239410638809204
0.5987946391105652,0.5481186509132385,0.0174648966640234,-1.765140175819397,-0.012349900789558887,2.313152551651001,-1.593576192855835
0.5373392105102539,0.5446327328681946,0.07970461994409561,-1.7732436656951904,-0.056141916662454605,2.3156824111938477,-1.56321120262146
0.47554489970207214,0.543093740940094,0.14201891422271729,-1.7808667421340942,-0.09978535026311874,2.3170080184936523,-1.5328463315963745
0.4136612117290497,0.5435055494308472,0.20422343909740448,-1.7880144119262695,-0.14334309101104736,2.317129373550415,-1.5024813413619995
0.3519425392150879,0.5458751916885376,0.2661297619342804,-1.7946927547454834,-0.18687431514263153,2.316039562225342,-1.4721163511276245
0.29063746333122253,0.5502148270606995,0.3275487720966339,-1.8009061813354492,-0.23043952882289886,2.3137195110321045,-1.4417513608932495
0.22998511791229248,0.5565398335456848,0.3883064091205597,-1.8066602945327759,-0.27409806847572327,2.3101415634155273,-1.411386489868164
0.17020468413829803,0.5648722052574158,0.44824856519699097,-1.8119603395462036,-0.3179128170013428,2.305267095565796,-1.381021499633789
0.1114940345287323,0.5752418637275696,0.5072451233863831,-1.8168106079101562,-0.3619491755962372,2.299044132232666,-1.350656509399414
0.05402383208274841,0.5876898765563965,0.5651975274085999,-1.8212164640426636,-0.4062773883342743,2.2914087772369385,-1.3202916383743286
0.09310977160930634,0.5859469175338745,0.5172447562217712,-1.803746223449707,-0.37254083156585693,2.2916247844696045,-1.3518611192703247
0.13265937566757202,0.5855688452720642,0.4686524271965027,-1.7857593297958374,-0.3385223150253296,2.290959596633911,-1.3834304809570312
0.17254610359668732,0.5865687131881714,0.419502854347229,-1.7672340869903564,-0.3041791021823883,2.2894115447998047,-1.4149999618530273
0.21263687312602997,0.5889599919319153,0.36988189816474915,-1.7481489181518555,-0.2694685459136963,2.2869715690612793,-1.4465693235397339
0.252799928188324,0.592760443687439,0.3198690116405487,-1.7284789085388184,-0.23434078693389893,2.2836270332336426,-1.47813880443573
0.2929065525531769,0.5979910492897034,0.269536554813385,-1.708196759223938,-0.1987428367137909,2.279357671737671,-1.5097081661224365
0.3328329622745514,0.6046750545501709,0.21894466876983643,-1.6872740983963013,-0.16261357069015503,2.274139881134033,-1.5412776470184326
0.372460275888443,0.6128432154655457,0.1681416779756546,-1.6656779050827026,-0.12588593363761902,2.2679409980773926,-1.5728470087051392
0.4116814136505127,0.6225293278694153,0.11715327948331833,-1.6433740854263306,-0.08848118036985397,2.260723829269409,-1.6044164896011353
0.4503965675830841,0.6337757110595703,0.06599152088165283,-1.620322823524475,-0.05031127482652664,2.252439498901367,-1.6359858512878418
0.4885176420211792,0.6466344594955444,0.014637761749327183,-1.5964806079864502,-0.011271849274635315,2.243032217025757,-1.667555332183838
0.5259681940078735,0.6611672639846802,-0.03695334866642952,-1.571798324584961,0.028756719082593918,2.232433557510376,-1.6991246938705444
0.5626839995384216,0.6774497032165527,-0.088860422372818,-1.54622220993042,0.06991800665855408,2.2205634117126465,-1.7306941747665405
0.4603666663169861,0.6324623227119446,-0.005149363074451685,-1.6208667755126953,0.00392198795452714,2.2533187866210938,-1.7173668146133423
0.34955140948295593,0.5956593751907349,0.08161574602127075,-1.6866366863250732,-0.06030154600739479,2.27984881401062,-1.704039454460144
0.23042377829551697,0.5667591094970703,0.17241615056991577,-1.744499683380127,-0.1239168643951416,2.300687789916992,-1.6907120943069458
0.10372292995452881,0.5457796454429626,0.26739293336868286,-1.7950981855392456,-0.1877344399690628,2.3161191940307617,-1.6773847341537476
-0.029146112501621246,0.5329180359840393,0.36587437987327576,-1.8388606309890747,-0.2523556351661682,2.3262434005737305,-1.6640573740005493
-0.16611553728580475,0.5284654498100281,0.46646440029144287,-1.876072645187378,-0.31824856996536255,2.331007242202759,-1.6507298946380615
-0.30462828278541565,0.5327470302581787,0.5672734975814819,-1.9069197177886963,-0.3858088254928589,2.3302135467529297,-1.6374025344848633
-0.44195613265037537,0.546104371547699,0.6662812829017639,-1.9315201044082642,-0.4554051160812378,2.323512554168701,-1.624075174331665
-0.5755746960639954,0.5689252614974976,0.7617519497871399,-1.9499446153640747,-0.5274299383163452,2.310377359390259,-1.6107479333877563
-0.7034744024276733,0.6017312407493591,0.8525949716567993,-1.962233543395996,-0.6023638844490051,2.290050506591797,-1.5974204540252686
-0.8243069648742676,0.6453261375427246,0.9385786652565002,-1.9684089422225952,-0.6808657646179199,2.2614564895629883,-1.5840930938720703
-0.93736332654953,0.7010346055030823,1.0204238891601562,-1.9684795141220093,-0.7639243006706238,2.223037004470825,-1.570765733718872
-0.9288141131401062,0.6904529929161072,1.0069868564605713,-1.96934974193573,-0.7494775056838989,2.2304959297180176,-1.5542253255844116
-0.9200894236564636,0.6801632046699524,0.9934884905815125,-1.970186710357666,-0.7351482510566711,2.2376999855041504,-1.5376850366592407
-0.9111877679824829,0.6701549887657166,0.9799215197563171,-1.9709906578063965,-0.7209300398826599,2.2446584701538086,-1.5211446285247803
-0.902106761932373,0.6604191660881042,0.9662781357765198,-1.9717611074447632,-0.7068174481391907,2.2513809204101562,-1.5046043395996094
-0.8928436040878296,0.6509464979171753,0.9525502920150757,-1.9724980592727661,-0.6928043961524963,2.257876396179199,-1.488063931465149
-0.8833961486816406,0.641728937625885,0.9387314319610596,-1.9732016324996948,-0.678885281085968,2.264152765274048,-1.471523642539978
-0.8737623691558838,0.6327587962150574,0.9248148202896118,-1.9738717079162598,-0.6650550365447998,2.2702176570892334,-1.4549832344055176
-0.8639392852783203,0.6240294575691223,0.9107934236526489,-1.9745079278945923,-0.6513087153434753,2.276078224182129,-1.4384429454803467
-0.8539243936538696,0.6155344843864441,0.8966609835624695,-1.9751098155975342,-0.6376423239707947,2.281741142272949,-1.4219025373458862
-0.8437160849571228,0.6072670221328735,0.8824114799499512,-1.9756783246994019,-0.6240512132644653,2.2872133255004883,-1.4053622484207153
-0.833312451839447,0.5992230176925659,0.8680405020713806,-1.9762121438980103,-0.6105324625968933,2.29249906539917,-1.3888218402862549
-0.8227080702781677,0.5913960933685303,0.8535383939743042,-1.9767121076583862,-0.597080409526825,2.2976064682006836,-1.372281551361084
-0.811905562877655,0.5837826728820801,0.8389052748680115,-1.9771778583526611,-0.583694338798523,2.3025386333465576,-1.3557411432266235
-0.8008989095687866,0.5763776898384094,0.8241317272186279,-1.9776089191436768,-0.5703683495521545,2.3073017597198486,-1.3392008543014526
-0.7896891236305237,0.5691767334938049,0.809215784072876,-1.9780057668685913,-0.5571002960205078,2.3118996620178223,-1.3226604461669922
-0.778271496295929,0.5621774792671204,0.7941505908966064,-1.978367567062378,-0.5438875555992126,2.3163373470306396,-1.3061201572418213
-0.766647219657898,0.5553756356239319,0.7789342403411865,-1.9786953926086426,-0.5307270288467407,2.3206191062927246,-1.2895797491073608
-0.7548137307167053,0.5487690567970276,0.763562023639679,-1.978987693786621,-0.5176159739494324,2.324747323989868,-1.27303946018219
-0.7427682280540466,0.5423537492752075,0.7480282783508301,-1.9792455434799194,-0.5045515894889832,2.328728199005127,-1.2564990520477295
-0.7305114269256592,0.5361281037330627,0.7323320508003235,-1.9794679880142212,-0.49153220653533936,2.332563638687134,-1.2399587631225586
-0.7180418968200684,0.5300890803337097,0.7164690494537354,-1.9796556234359741,-0.478554904460907,2.336257219314575,-1.2234183549880981
-0.7053589820861816,0.5242351293563843,0.7004369497299194,-1.97980797290802,-0.465617299079895,2.3398122787475586,-1.2068780660629272
-0.6924617886543274,0.5185645222663879,0.6842327117919922,-1.9799250364303589,-0.4527173638343811,2.343231678009033,-1.1903376579284668
-0.6793550252914429,0.5130771398544312,0.6678593754768372,-1.980006456375122,-0.43985703587532043,2.3465170860290527,-1.1737972497940063
-0.6660314798355103,0.507767915725708,0.6513071656227112,-1.9800525903701782,-0.4270276427268982,2.349673271179199,-1.1572569608688354
-0.6524938344955444,0.5026376843452454,0.6345773339271545,-1.9800629615783691,-0.41422995924949646,2.3527016639709473,-1.1407166719436646
-0.6387431621551514,0.49768492579460144,0.6176690459251404,-1.980037808418274,-0.4014623165130615,2.355605125427246,-1.124176263809204
-0.6247822642326355,0.4929088056087494,0.6005833745002747,-1.9799768924713135,-0.38872361183166504,2.3583855628967285,-1.1076358556747437
-0.6106109619140625,0.4883084297180176,0.5833185911178589,-1.9798799753189087,-0.37601131200790405,2.3610451221466064,-1.0910955667495728
-0.5962321758270264,0.4838831424713135,0.565875768661499,-1.9797470569610596,-0.3633241653442383,2.3635852336883545,-1.0745551586151123
-0.5816468596458435,0.47963204979896545,0.5482543706893921,-1.9795781373977661,-0.3506600558757782,2.36600923538208,-1.0580148696899414
-0.5668594837188721,0.4755557179450989,0.5304573178291321,-1.9793729782104492,-0.33801889419555664,2.3683176040649414,-1.041474461555481
-0.5518726706504822,0.4716528356075287,0.512485682964325,-1.9791316986083984,-0.3253980576992035,2.3705124855041504,-1.02493417263031
-0.5366894006729126,0.46792274713516235,0.49434101581573486,-1.9788538217544556,-0.31279563903808594,2.3725948333740234,-1.0083937644958496
-0.5213128924369812,0.4643668234348297,0.47602489590644836,-1.9785397052764893,-0.3002113401889801,2.374568223953247,-0.9918534755706787
-0.5057508945465088,0.46098411083221436,0.45754408836364746,-1.9781888723373413,-0.2876439392566681,2.3764312267303467,-0.9753130674362183
-0.49000516533851624,0.4577735364437103,0.43889832496643066,-1.9778015613555908,-0.2750904858112335,2.3781871795654297,-0.9587727785110474
-0.4740826487541199,0.4547370970249176,0.4200934171676636,-1.9773778915405273,-0.2625512182712555,2.3798370361328125,-0.9422324299812317
-0.45798930525779724,0.45187392830848694,0.4011342227458954,-1.976917028427124,-0.2500244081020355,2.381381034851074,-0.9256920218467712
-0.4417318105697632,0.44918447732925415,0.382025808095932,-1.9764193296432495,-0.23750898241996765,2.3828208446502686,-0.9091516733169556
-0.4253159165382385,0.446668416261673,0.36277270317077637,-1.9758845567703247,-0.2250029444694519,2.384157180786133,-0.8926113843917847
-0.4087488353252411,0.4443267285823822,0.3433806896209717,-1.9753129482269287,-0.21250534057617188,2.3853917121887207,-0.8760709762573242
-0.392040878534317,0.4421597719192505,0.32385867834091187,-1.9747039079666138,-0.2000163197517395,2.3865244388580322,-0.8595306277275085
-0.3751983046531677,0.4401666522026062,0.3042120337486267,-1.974057674407959,-0.18753305077552795,2.3875560760498047,-0.8429903388023376
-0.35822996497154236,0.4383493959903717,0.28444811701774597,-1.9733742475509644,-0.17505526542663574,2.388488531112671,-0.8264499306678772
-0.34114593267440796,0.4367062449455261,0.2645757794380188,-1.9726535081863403,-0.16258138418197632,2.3893208503723145,-0.8099095821380615
-0.3239545226097107,0.435239315032959,0.24460211396217346,-1.9718949794769287,-0.15011055767536163,2.390054702758789,-0.7933692336082458
-0.30666714906692505,0.433948278427124,0.22453725337982178,-1.9710991382598877,-0.1376417577266693,2.390690326690674,-0.7768288850784302
-0.289292573928833,0.4328329563140869,0.20438870787620544,-1.970265507698059,-0.12517353892326355,2.3912274837493896,-0.7602885365486145
-0.2226703017950058,0.4244287312030792,0.12537074089050293,-1.9760364294052124,-0.0759812593460083,2.39607572555542,-0.7901604771614075
-0.1544339805841446,0.4187847077846527,0.04499682039022446,-1.9811651706695557,-0.027065597474575043,2.3993911743164062,-0.8200324773788452
-0.0852494016289711,0.41590651869773865,-0.03614712134003639,-1.98565673828125,0.021646302193403244,2.40120530128479,-0.8499044179916382
-0.015845976769924164,0.4157971739768982,-0.11740805208683014,-1.989514708518982,0.07022267580032349,2.401536464691162,-0.8797763586044312
0.0530279316008091,0.4184465706348419,-0.19811204075813293,-1.9927438497543335,0.11872965842485428,2.4003870487213135,-0.9096483588218689
0.12065223604440689,0.42383864521980286,-0.2776125967502594,-1.9953484535217285,0.1672331541776657,2.3977456092834473,-0.9395203590393066
0.18637433648109436,0.4319502115249634,-0.3553312122821808,-1.9973329305648804,0.21579952538013458,2.393584966659546,-0.9693922996520996
0.24964310228824615,0.4427565336227417,-0.430792897939682,-1.9987022876739502,0.2644977569580078,2.3878636360168457,-0.9992642402648926
0.3100277781486511,0.45624032616615295,-0.5036463737487793,-1.9994604587554932,0.31340163946151733,2.380520820617676,-1.0291361808776855
0.3672253489494324,0.4723929464817047,-0.573672890663147,-1.9996126890182495,0.3625921308994293,2.3714780807495117,-1.0590081214904785
0.4210497736930847,0.49122947454452515,-0.6407788395881653,-1.9991633892059326,0.41215717792510986,2.3606343269348145,-1.088880181312561
0.4714200794696808,0.5127933025360107,-0.7049821615219116,-1.9981178045272827,0.46219852566719055,2.3478636741638184,-1.118752121925354
0.5183437466621399,0.5371648669242859,-0.7664052844047546,-1.996480941772461,0.5128333568572998,2.333008050918579,-1.148624062538147
0.49935999512672424,0.5181452035903931,-0.743350088596344,-2.0100743770599365,0.48815661668777466,2.3454461097717285,-1.120774507522583
0.4796941578388214,0.49977603554725647,-0.7200626134872437,-2.0234971046447754,0.46386095881462097,2.3572819232940674,-1.0929248332977295
0.45929649472236633,0.48202329874038696,-0.6964635252952576,-2.0367531776428223,0.43991324305534363,2.3685503005981445,-1.0650752782821655
0.4381120800971985,0.46485796570777893,-0.6724715828895569,-2.049844741821289,0.41628414392471313,2.3792812824249268,-1.0372257232666016
0.41608166694641113,0.44825315475463867,-0.6480032801628113,-2.062775135040283,0.39294639229774475,2.3895020484924316,-1.009376049041748
0.3931410014629364,0.43218764662742615,-0.6229731440544128,-2.075547695159912,0.36987581849098206,2.3992371559143066,-0.9815264940261841
0.36921894550323486,0.4166439175605774,-0.5972884297370911,-2.0881638526916504,0.34705114364624023,2.4085090160369873,-0.9536769390106201
0.3442382514476776,0.4016045928001404,-0.5708571672439575,-2.1006267070770264,0.32445019483566284,2.4173388481140137,-0.9258273243904114
0.3181168735027313,0.38705873489379883,-0.5435779094696045,-2.112938404083252,0.30205604434013367,2.42574405670166,-0.8979777097702026
0.29076480865478516,0.3729962706565857,-0.5153486728668213,-2.1251015663146973,0.2798510491847992,2.4337427616119385,-0.8701281547546387
0.2620832920074463,0.3594115674495697,-0.48605552315711975,-2.1371188163757324,0.2578189969062805,2.4413504600524902,-0.8422785401344299
0.23197238147258759,0.34630119800567627,-0.45558586716651917,-2.148991107940674,0.23594625294208527,2.448580265045166,-0.8144289255142212
0.20031967759132385,0.33366522192955017,-0.42381560802459717,-2.1607208251953125,0.21421881020069122,2.4554457664489746,-0.7865793704986572
0.16700959205627441,0.3215060830116272,-0.39061808586120605,-2.1723105907440186,0.19262416660785675,2.461958885192871,-0.7587297558784485
0.1319219022989273,0.3098301887512207,-0.3558632433414459,-2.1837615966796875,0.17115089297294617,2.4681296348571777,-0.7308801412582397
0.09493235498666763,0.2986460030078888,-0.31941738724708557,-2.195075511932373,0.14978867769241333,2.473968505859375,-0.7030305862426758
0.05591210722923279,0.28796690702438354,-0.28114283084869385,-2.206254243850708,0.1285257488489151,2.4794845581054688,-0.6751810312271118
0.014741013757884502,0.27780821919441223,-0.2409115582704544,-2.217298984527588,0.10735432803630829,2.484684467315674,-0.6473314166069031
-0.028700482100248337,0.2681899666786194,-0.19859617948532104,-2.228212356567383,0.08626525849103928,2.489576816558838,-0.6194818019866943
-0.07452189177274704,0.25913435220718384,-0.15408021211624146,-2.238994598388672,0.06524905562400818,2.4941675662994385,-0.5916321873664856
-0.12280835211277008,0.25066718459129333,-0.10727167874574661,-2.249648094177246,0.044299352914094925,2.498462677001953,-0.5637826323509216
-0.17362546920776367,0.24281904101371765,-0.058098725974559784,-2.260173797607422,0.023407934233546257,2.502467632293701,-0.5359330177307129
-0.2270013988018036,0.23562000691890717,-0.006527313031256199,-2.2705729007720947,0.00256735528819263,2.5061864852905273,-0.5080834627151489
-0.2829170823097229,0.22910423576831818,0.047429122030735016,-2.2808468341827393,-0.0182280745357275,2.5096230506896973,-0.4802338480949402
-0.3413003087043762,0.22330671548843384,0.10370366275310516,-2.29099702835083,-0.038985125720500946,2.5127816200256348,-0.45238426327705383
-0.40201500058174133,0.2182617038488388,0.16216561198234558,-2.3010246753692627,-0.05971018597483635,2.5156641006469727,-0.4245346486568451
-0.4648512303829193,0.21400174498558044,0.22260890901088715,-2.3109307289123535,-0.0804080069065094,2.518272876739502,-0.39668506383895874
-0.5295274257659912,0.21055766940116882,0.28475716710090637,-2.320716619491577,-0.1010851189494133,2.5206093788146973,-0.3688354790210724
-0.5956860780715942,0.20795609056949615,0.3482571244239807,-2.33038330078125,-0.12174557894468307,2.5226752758026123,-0.34098589420318604
-0.6629098057746887,0.20621700584888458,0.4126954972743988,-2.3399319648742676,-0.1423950344324112,2.5244712829589844,-0.3131362795829773
-0.7307284474372864,0.20535209774971008,0.47760602831840515,-2.349363327026367,-0.1630380004644394,2.525996446609497,-0.28528669476509094
-0.798642098903656,0.2053687870502472,0.542492687702179,-2.3586788177490234,-0.1836797595024109,2.5272512435913086,-0.2574370801448822
-0.8661446571350098,0.2062615603208542,0.6068530678749084,-2.3678791522979736,-0.2043236345052719,2.5282340049743652,-0.22958752512931824
-0.9327480792999268,0.20801988244056702,0.6702023148536682,-2.376965284347534,-0.22497513890266418,2.5289430618286133,-0.20173795521259308
-0.9979971647262573,0.21062494814395905,0.7320887446403503,-2.3859386444091797,-0.24563784897327423,2.5293772220611572,-0.17388838529586792
-1.0615012645721436,0.21405084431171417,0.79212486743927,-2.3947997093200684,-0.2663158178329468,2.5295324325561523,-0.1460387259721756
-1.1229294538497925,0.21826830506324768,0.849983274936676,-2.4035491943359375,-0.2870134115219116,2.5294058322906494,-0.11818914860486984
-1.182031273841858,0.22324292361736298,0.9054164290428162,-2.412188768386841,-0.3077338933944702,2.528993606567383,-0.09033957868814468
-1.2386258840560913,0.22893962264060974,0.9582464098930359,-2.4207186698913574,-0.32848191261291504,2.5282907485961914,-0.062490012496709824
-1.2926065921783447,0.23532211780548096,1.0083694458007812,-2.429140090942383,-0.34926092624664307,2.527291774749756,-0.034640345722436905
-1.3439207077026367,0.24235650897026062,1.0557355880737305,-2.4374537467956543,-0.370074987411499,2.5259902477264404,-0.006790775805711746
-1.3925684690475464,0.2500098645687103,1.1003479957580566,-2.4456605911254883,-0.3909274935722351,2.5243802070617676,0.021058794111013412
-1.4385952949523926,0.25825151801109314,1.1422550678253174,-2.453761339187622,-0.4118223786354065,2.522453546524048,0.04890836402773857
-1.4820773601531982,0.26705506443977356,1.181535243988037,-2.461757183074951,-0.4327639639377594,2.520200729370117,0.07675802707672119
-1.5231094360351562,0.2763974964618683,1.218286395072937,-2.4696483612060547,-0.4537554383277893,2.5176126956939697,0.10460759699344635
-1.5618027448654175,0.2862594723701477,1.252622365951538,-2.4774365425109863,-0.4748019278049469,2.514678955078125,0.1324571669101715
-1.5982776880264282,0.2966253161430359,1.2846660614013672,-2.485121726989746,-0.4959062933921814,2.511387825012207,0.16030670702457428
-1.632660150527954,0.3074842691421509,1.3145461082458496,-2.4927051067352295,-0.517073392868042,2.5077261924743652,0.1881563812494278
-1.665076732635498,0.3188285529613495,1.3423919677734375,-2.500187635421753,-0.538307785987854,2.5036792755126953,0.21600595116615295
-1.6956449747085571,0.33065491914749146,1.368323564529419,-2.5075697898864746,-0.5596134662628174,2.499232769012451,0.24385550618171692
-1.7244912385940552,0.3429641127586365,1.392470121383667,-2.514853000640869,-0.5809960961341858,2.4943671226501465,0.27170509099960327
-1.7517213821411133,0.35575971007347107,1.414940357208252,-2.5220375061035156,-0.6024606227874756,2.489065170288086,0.2995547652244568
-1.7774447202682495,0.36905062198638916,1.4358464479446411,-2.5291242599487305,-0.6240116953849792,2.4833052158355713,0.32740435004234314
-1.8017609119415283,0.3828482925891876,1.4552907943725586,-2.53611421585083,-0.6456558108329773,2.477064371109009,0.3552539050579071
-1.8247642517089844,0.39716964960098267,1.4733707904815674,-2.543008327484131,-0.6673992276191711,2.4703164100646973,0.38310348987579346
-1.8465380668640137,0.41203412413597107,1.4901725053787231,-2.549807071685791,-0.6892496943473816,2.463034152984619,0.4109531342983246
-1.8671636581420898,0.4274660348892212,1.5057804584503174,-2.556511640548706,-0.7112134099006653,2.455185890197754,0.43880268931388855
-1.8867133855819702,0.44349417090415955,1.5202707052230835,-2.5631227493286133,-0.7332984805107117,2.446737766265869,0.4666522741317749
-1.9052543640136719,0.460152804851532,1.5337135791778564,-2.569641590118408,-0.7555139064788818,2.4376511573791504,0.49450182914733887
-1.9228479862213135,0.4774811267852783,1.5461742877960205,-2.57606840133667,-0.7778701186180115,2.4278836250305176,0.5223515033721924
-1.9395489692687988,0.49552395939826965,1.5577116012573242,-2.582404136657715,-0.8003783822059631,2.4173874855041504,0.5502011179924011
-1.9554107189178467,0.5143328905105591,1.5683828592300415,-2.5886499881744385,-0.8230504989624023,2.4061100482940674,0.5780506730079651
-1.9704766273498535,0.5339664220809937,1.5782376527786255,-2.5948069095611572,-0.845900297164917,2.3939924240112305,0.6059001684188843
-1.9847915172576904,0.5544934272766113,1.587322473526001,-2.6008756160736084,-0.8689450621604919,2.3809654712677,0.6337499022483826
-1.9983896017074585,0.5759885907173157,1.5956789255142212,-2.6068572998046875,-0.8922011852264404,2.3669562339782715,0.6615994572639465
-2.0113070011138916,0.5985425114631653,1.603349208831787,-2.6127524375915527,-0.915691077709198,2.3518760204315186,0.6894490122795105
-2.030904769897461,0.5632204413414001,1.6061564683914185,-2.6157727241516113,-0.8804183602333069,2.377260208129883,0.6601264476776123
-2.049896717071533,0.5301445722579956,1.6089622974395752,-2.618260383605957,-0.8455562591552734,2.4003379344940186,0.6308038234710693
-2.068204402923584,0.49901920557022095,1.611639380455017,-2.6202142238616943,-0.8110072612762451,2.42136549949646,0.6014812588691711
-2.085736036300659,0.4695954918861389,1.6140549182891846,-2.6216330528259277,-0.7766899466514587,2.4405558109283447,0.572158694267273
-2.1023881435394287,0.44166332483291626,1.61607027053833,-2.62251615524292,-0.7425373792648315,2.458085536956787,0.54283607006073
-2.118034601211548,0.4150402545928955,1.617529273033142,-2.6228623390197754,-0.7084919214248657,2.474104404449463,0.5135135054588318
-2.1325342655181885,0.38957005739212036,1.6182639598846436,-2.6226701736450195,-0.6745046377182007,2.4887380599975586,0.4841909110546112
-2.145718812942505,0.36511653661727905,1.6180813312530518,-2.6219382286071777,-0.6405350565910339,2.502092123031616,0.4548683166503906
-2.1573805809020996,0.34155845642089844,1.6167514324188232,-2.6206650733947754,-0.6065455675125122,2.5142593383789062,0.42554572224617004
-2.1672773361206055,0.31879186630249023,1.6140109300613403,-2.6188488006591797,-0.5725071430206299,2.525315761566162,0.39622315764427185
-2.1751019954681396,0.2967233955860138,1.6095325946807861,-2.616487741470337,-0.538391649723053,2.5353283882141113,0.36690056324005127
-2.180471181869507,0.2752736508846283,1.6029129028320312,-2.613579750061035,-0.5041768550872803,2.5443527698516846,0.3375779986381531
-2.182893991470337,0.25437167286872864,1.593641996383667,-2.6101229190826416,-0.46984073519706726,2.5524368286132812,0.3082554042339325
-2.17108154296875,0.24010328948497772,1.576109528541565,-2.604459762573242,-0.44542914628982544,2.5569074153900146,0.3123185336589813
-2.1563000679016113,0.22608456015586853,1.5557092428207397,-2.598571300506592,-0.42091232538223267,2.5609514713287354,0.31638166308403015
-2.138057231903076,0.21232280135154724,1.531941294670105,-2.5924549102783203,-0.3962883949279785,2.564574718475342,0.32044482231140137
-2.1157383918762207,0.19882945716381073,1.5041835308074951,-2.5861101150512695,-0.37155473232269287,2.5677850246429443,0.3245079517364502
-2.0885777473449707,0.1856275051832199,1.471662163734436,-2.5795345306396484,-0.34670954942703247,2.570587635040283,0.328571081161499
-2.0556201934814453,0.17275255918502808,1.4334145784378052,-2.572726249694824,-0.32175055146217346,2.5729868412017822,0.33263421058654785
-2.0156807899475098,0.16025806963443756,1.3882474899291992,-2.5656840801239014,-0.2966758608818054,2.5749855041503906,0.33669736981391907
-1.967275857925415,0.14821895956993103,1.3346691131591797,-2.558405876159668,-0.2714829742908478,2.576585531234741,0.3407604992389679
-1.9085865020751953,0.13674110174179077,1.2708494663238525,-2.5508899688720703,-0.24616989493370056,2.577789306640625,0.3448236286640167
-1.837472677230835,0.12597417831420898,1.1946438550949097,-2.5431342124938965,-0.22073450684547424,2.5785958766937256,0.34888675808906555
-1.7515367269515991,0.11611601710319519,1.1036441326141357,-2.5351369380950928,-0.19517354667186737,2.5790047645568848,0.35294991731643677
-1.648454189300537,0.10743078589439392,0.995516300201416,-2.5268962383270264,-0.16948485374450684,2.5790140628814697,0.3570130467414856
-1.5266311168670654,0.10025271028280258,0.8686569929122925,-2.5184097290039062,-0.14366480708122253,2.5786211490631104,0.3610761761665344
-1.386315107345581,0.09496024250984192,0.7233042120933533,-2.509675979614258,-0.11771003901958466,2.577822208404541,0.36513930559158325
-1.2308497428894043,0.09193502366542816,0.5627909898757935,-2.500692367553711,-0.09161658585071564,2.5766117572784424,0.3692024350166321
-1.067175269126892,0.09147093445062637,0.394047349691391,-2.491456985473633,-0.06538056582212448,2.574984312057495,0.3732655644416809
-0.9045787453651428,0.0936863049864769,0.22634923458099365,-2.4819676876068115,-0.03899635374546051,2.572932004928589,0.37732869386672974
-0.7519240975379944,0.09849055856466293,0.06854908913373947,-2.472222328186035,-0.012459103949368,2.570446729660034,0.38139185309410095
-0.6151749491691589,0.10562799125909805,-0.07340123504400253,-2.4622182846069336,0.014238224364817142,2.5675172805786133,0.3854549825191498
-0.496705561876297,0.11477167159318924,-0.1971401870250702,-2.451953649520874,0.04110100492835045,2.5641345977783203,0.3895181119441986
-0.3961136043071747,0.1255931407213211,-0.3030826151371002,-2.4414260387420654,0.06813739985227585,2.5602846145629883,0.3935812711715698
-0.31150078773498535,0.1378108412027359,-0.3931417167186737,-2.4306328296661377,0.0953567624092102,2.555952310562134,0.39764440059661865
-0.24048297107219696,0.1512061059474945,-0.46971559524536133,-2.4195716381073,0.12276871502399445,2.5511221885681152,0.4017075300216675
-0.1807146966457367,0.16561535000801086,-0.5351649522781372,-2.4082398414611816,0.1503838300704956,2.5457763671875,0.4057706892490387
-0.130140021443367,0.18092292547225952,-0.591562807559967,-2.396634817123413,0.17821361124515533,2.5398943424224854,0.40983378887176514
-0.08704190701246262,0.19704994559288025,-0.6406435370445251,-2.384753704071045,0.20627298951148987,2.5334525108337402,0.41389694809913635
-0.05003542825579643,0.2139495313167572,-0.6838110089302063,-2.372593879699707,0.23457574844360352,2.5264272689819336,0.4179600477218628
-0.018000353127717972,0.23159292340278625,-0.7222060561180115,-2.3601527214050293,0.2631398141384125,2.518789768218994,0.422023206949234
0.009953908622264862,0.24997375905513763,-0.7567413449287415,-2.347426414489746,0.29198431968688965,2.5105085372924805,0.4260863661766052
0.034542523324489594,0.2690971791744232,-0.7881559729576111,-2.3344125747680664,0.32113102078437805,2.501549005508423,0.43014946579933167
0.05633671209216118,0.28898096084594727,-0.8170474767684937,-2.321107864379883,0.35060396790504456,2.491872787475586,0.4342126250267029
0.07580053061246872,0.30965593457221985,-0.843908965587616,-2.3075084686279297,0.38043129444122314,2.4814352989196777,0.4382757544517517
0.0933094173669815,0.3311619758605957,-0.869147539138794,-2.2936110496520996,0.4106433689594269,2.4701879024505615,0.44233888387680054
0.10917067527770996,0.35354894399642944,-0.8931061625480652,-2.279411792755127,0.4412773549556732,2.4580752849578857,0.44640201330184937
0.12363523989915848,0.3768772780895233,-0.9160750508308411,-2.2649073600769043,0.4723719656467438,2.445035934448242,0.4504651427268982
0.1369122564792633,0.40121984481811523,-0.9383097290992737,-2.2500927448272705,0.5039748549461365,2.430997848510742,0.4545283019542694
0.1491725593805313,0.4266606569290161,-0.9600281119346619,-2.234964370727539,0.536139190196991,2.415881872177124,0.45859143137931824
0.16056141257286072,0.4532987177371979,-0.9814346432685852,-2.219517230987549,0.5689264535903931,2.399594783782959,0.46265456080436707
0.17119771242141724,0.48124971985816956,-1.0027148723602295,-2.203747034072876,0.6024096012115479,2.3820300102233887,0.4667176902294159
0.18118049204349518,0.5106492638587952,-1.0240447521209717,-2.187648296356201,0.636672854423523,2.3630645275115967,0.4707808494567871
0.19059348106384277,0.5416572690010071,-1.0455982685089111,-2.171215534210205,0.6718170046806335,2.342552661895752,0.47484394907951355
0.19950439035892487,0.5744645595550537,-1.0675508975982666,-2.1544435024261475,0.7079619765281677,2.3203229904174805,0.47890710830688477
0.14584697782993317,0.5611428022384644,-1.011405348777771,-2.1255483627319336,0.6686229705810547,2.3267788887023926,0.481012225151062
0.08988114446401596,0.5502629280090332,-0.9528264403343201,-2.0959324836730957,0.629105806350708,2.3315539360046387,0.48311734199523926
0.03185790032148361,0.5418112874031067,-0.8920137882232666,-2.0655531883239746,0.5893603563308716,2.334719657897949,0.4852224290370941
-0.02792593650519848,0.5357860326766968,-0.8292089104652405,-2.0343618392944336,0.5493329167366028,2.3363308906555176,0.48732754588127136
-0.0891241803765297,0.5321959257125854,-0.7646982073783875,-2.0023069381713867,0.508968710899353,2.336423873901367,0.4894326627254486
-0.15136027336120605,0.5310561060905457,-0.6987923383712769,-1.969329833984375,0.4682054817676544,2.335019588470459,0.49153777956962585
-0.2142350673675537,0.5323853492736816,-0.6318162679672241,-1.9353673458099365,0.42697396874427795,2.332125663757324,0.4936428964138031
-0.27734047174453735,0.5362077951431274,-0.564094603061676,-1.9003472328186035,0.38519564270973206,2.3277323246002197,0.49574801325798035
-0.34027665853500366,0.5425505042076111,-0.4959314167499542,-1.8641897439956665,0.3427804708480835,2.3218157291412354,0.4978531301021576
-0.4026678502559662,0.5514475107192993,-0.4275912940502167,-1.8268030881881714,0.29962122440338135,2.3143348693847656,0.49995824694633484
-0.46417298913002014,0.5629428625106812,-0.3592853844165802,-1.7880839109420776,0.25559186935424805,2.305231809616089,0.5020633339881897
-0.5244930386543274,0.5770931839942932,-0.2911570370197296,-1.7479112148284912,0.21054017543792725,2.2944247722625732,0.5041684508323669
-0.583382785320282,0.5939761400222778,-0.2232637107372284,-1.706146001815796,0.16428083181381226,2.2818117141723633,0.5062735676765442
-0.594590425491333,0.5917643308639526,-0.20954902470111847,-1.7076027393341064,0.15394701063632965,2.2832796573638916,0.48764339089393616
-0.6058457493782043,0.5896531939506531,-0.19580943882465363,-1.709038257598877,0.14363470673561096,2.2846806049346924,0.4690132439136505
-0.6171462535858154,0.5876426100730896,-0.18204687535762787,-1.7104532718658447,0.13334444165229797,2.2860147953033447,0.4503830671310425
-0.628490149974823,0.5857318639755249,-0.16826166212558746,-1.711847186088562,0.12307392060756683,2.287282943725586,0.43175292015075684
-0.6398757100105286,0.5839213728904724,-0.1544550508260727,-1.713220477104187,0.11282355338335037,2.288485288619995,0.4131227433681488
-0.6513000130653381,0.5822104215621948,-0.14062868058681488,-1.7145729064941406,0.10259173810482025,2.2896223068237305,0.39449259638786316
-0.6627619862556458,0.5805990695953369,-0.1267831176519394,-1.7159048318862915,0.09237760305404663,2.2906947135925293,0.3758624196052551
-0.6742597818374634,0.5790862441062927,-0.11291921138763428,-1.7172157764434814,0.08218015730381012,2.291703224182129,0.3572322428226471
-0.6857910752296448,0.5776729583740234,-0.09903807938098907,-1.7185064554214478,0.0719982162117958,2.292647361755371,0.33860209584236145
-0.6973527073860168,0.576358437538147,-0.08514246344566345,-1.7197763919830322,0.06183197349309921,2.2935285568237305,0.3199719488620758
-0.7089428305625916,0.5751417279243469,-0.07123330980539322,-1.7210257053375244,0.05167987570166588,2.294346332550049,0.3013417720794678
-0.7205592393875122,0.5740236043930054,-0.05731203779578209,-1.722254753112793,0.0415419265627861,2.2951009273529053,0.28271159529685974
-0.7321999073028564,0.5730037689208984,-0.0433795303106308,-1.723463535308838,0.031416114419698715,2.2957935333251953,0.2640814185142517
-0.7438620328903198,0.5720819234848022,-0.029438193887472153,-1.724651575088501,0.0213029645383358,2.2964236736297607,0.24545128643512726
-0.7555432915687561,0.5712578892707825,-0.015489336103200912,-1.7258195877075195,0.011200723238289356,2.2969915866851807,0.22682110965251923
-0.7672418355941772,0.5705315470695496,-0.0015340941026806831,-1.7269670963287354,0.0011085650185123086,2.297497510910034,0.2081909477710724
-0.7789536714553833,0.5699028372764587,0.012424345128238201,-1.728094458580017,-0.008973265998065472,2.2979419231414795,0.18956078588962555
-0.7906779646873474,0.5693710446357727,0.02638569101691246,-1.7292017936706543,-0.01904561184346676,2.2983245849609375,0.1709306240081787
-0.8024114966392517,0.5689374804496765,0.04034789651632309,-1.7302889823913574,-0.029110699892044067,2.2986464500427246,0.15230043232440948
-0.8141515851020813,0.5686010718345642,0.054308634251356125,-1.731355905532837,-0.039167147129774094,2.298906087875366,0.13367031514644623
-0.8258959054946899,0.5683616995811462,0.06826663017272949,-1.7324028015136719,-0.049217041581869125,2.299105167388916,0.1150401160120964
-0.8376419544219971,0.5682200789451599,0.08222000300884247,-1.7334297895431519,-0.0592612661421299,2.2992427349090576,0.09640995413064957
-0.8493874073028564,0.5681750774383545,0.09616708755493164,-1.7344369888305664,-0.06929973512887955,2.2993197441101074,0.07777979969978333
-0.8611290454864502,0.5682274103164673,0.11010538041591644,-1.7354241609573364,-0.07933331280946732,2.29933500289917,0.05914963781833649
-0.8728649616241455,0.5683777332305908,0.12403404712677002,-1.7363911867141724,-0.08936285227537155,2.2992894649505615,0.040519483387470245
-0.8845923542976379,0.5686241388320923,0.13795064389705658,-1.7373390197753906,-0.09938929975032806,2.299182415008545,0.021889282390475273
-0.8963083624839783,0.5689684748649597,0.15185309946537018,-1.7382665872573853,-0.10941307246685028,2.2990145683288574,0.0032591577619314194
-0.908011257648468,0.5694103837013245,0.16574057936668396,-1.7391746044158936,-0.1194349005818367,2.2987852096557617,-0.015370997600257397
-0.919697642326355,0.5699488520622253,0.17961035668849945,-1.7400630712509155,-0.1294548511505127,2.2984938621520996,-0.034001197665929794
-0.9313661456108093,0.5705846548080444,0.19346153736114502,-1.740931749343872,-0.13947530090808868,2.2981410026550293,-0.052631352096796036
-0.9430130124092102,0.571318507194519,0.20729154348373413,-1.7417808771133423,-0.14949581027030945,2.29772686958313,-0.07126148045063019
-0.95463627576828,0.5721491575241089,0.22109873592853546,-1.7426106929779053,-0.15951594710350037,2.297250509262085,-0.08989167958498001
-0.9662343859672546,0.5730780959129333,0.23488259315490723,-1.7434208393096924,-0.16953939199447632,2.2967121601104736,-0.10852183401584625
-0.977803647518158,0.5741040110588074,0.24863986670970917,-1.7442117929458618,-0.17956361174583435,2.2961113452911377,-0.1271519809961319
-0.989342451095581,0.5752280950546265,0.2623699903488159,-1.744983196258545,-0.18959146738052368,2.295447587966919,-0.14578218758106232
-1.0008485317230225,0.5764501094818115,0.27607110142707825,-1.7457354068756104,-0.19962309300899506,2.2947213649749756,-0.16441231966018677
-1.0123188495635986,0.5777701139450073,0.2897412180900574,-1.7464680671691895,-0.20965872704982758,2.293931484222412,-0.1830424666404724
-1.0237525701522827,0.5791885256767273,0.3033801317214966,-1.7471818923950195,-0.2197003811597824,2.2930779457092285,-0.20167270302772522
-1.035146951675415,0.5807052254676819,0.31698572635650635,-1.7478761672973633,-0.22974714636802673,2.2921600341796875,-0.22030282020568848
-1.0464988946914673,0.5823203325271606,0.33055588603019714,-1.7485514879226685,-0.2398005574941635,2.291177749633789,-0.23893295228481293
-1.0578069686889648,0.5840349197387695,0.3440897762775421,-1.7492079734802246,-0.24986177682876587,2.2901315689086914,-0.25756314396858215
-1.0690696239471436,0.5858485102653503,0.3575865924358368,-1.7498451471328735,-0.25993114709854126,2.2890193462371826,-0.2761933207511902
-1.0802844762802124,0.5877611637115479,0.37104496359825134,-1.7504634857177734,-0.2700086832046509,2.2878408432006836,-0.29482346773147583
-1.091449499130249,0.5897744297981262,0.3844635784626007,-1.7510627508163452,-0.28009718656539917,2.2865967750549316,-0.31345364451408386
-1.1025629043579102,0.5918869972229004,0.39784136414527893,-1.751643180847168,-0.2901952564716339,2.285284996032715,-0.3320837914943695
-1.1136225461959839,0.5941004157066345,0.41117697954177856,-1.7522046566009521,-0.3003044128417969,2.2839064598083496,-0.35071396827697754
-1.1246280670166016,0.5964142680168152,0.42447078227996826,-1.752747654914856,-0.310426265001297,2.282459259033203,-0.36934417486190796
-1.1355763673782349,0.5988296270370483,0.4377209544181824,-1.7532719373703003,-0.3205612003803253,2.2809436321258545,-0.3879742920398712
-1.146465539932251,0.6013458967208862,0.4509257972240448,-1.753777265548706,-0.3307090401649475,2.279358386993408,-0.40660449862480164
-1.157294511795044,0.6039648652076721,0.4640856683254242,-1.7542641162872314,-0.34087175130844116,2.277703046798706,-0.4252346158027649
-1.1680629253387451,0.6066866517066956,0.47720101475715637,-1.754732370376587,-0.35105061531066895,2.2759759426116943,-0.4438647925853729
-1.1787681579589844,0.6095112562179565,0.49026989936828613,-1.7551820278167725,-0.36124563217163086,2.2741780281066895,-0.46249499917030334
-1.1894088983535767,0.612439751625061,0.5032919645309448,-1.7556132078170776,-0.37145793437957764,2.2723071575164795,-0.4811250567436218
-1.199984073638916,0.6154727339744568,0.516266942024231,-1.7560261487960815,-0.38168856501579285,2.2703628540039062,-0.49975526332855225
-1.2104928493499756,0.6186105608940125,0.5291953682899475,-1.7564208507537842,-0.3919389545917511,2.268343687057495,-0.5183854699134827
-1.2209326028823853,0.621854305267334,0.5420751571655273,-1.7567968368530273,-0.40220946073532104,2.266249656677246,-0.5370155572891235
-1.2313029766082764,0.6252044439315796,0.5549070835113525,-1.757154941558838,-0.4125003516674042,2.2640790939331055,-0.555645763874054
-1.241603970527649,0.6286618113517761,0.5676924586296082,-1.757494568824768,-0.42281463742256165,2.2618298530578613,-0.5742759704589844
-1.251833438873291,0.6322278380393982,0.5804297924041748,-1.757815957069397,-0.4331522285938263,2.25950288772583,-0.5929060578346252
-1.2619900703430176,0.635902464389801,0.5931189060211182,-1.7581195831298828,-0.4435139298439026,2.257096290588379,-0.6115362644195557
-1.2720738649368286,0.6396879553794861,0.6057612895965576,-1.7584049701690674,-0.45390239357948303,2.254608392715454,-0.6301664710044861
-1.2820837497711182,0.6435841917991638,0.6183564066886902,-1.7586723566055298,-0.46431684494018555,2.2520382404327393,-0.6487964987754822
-1.292019248008728,0.6475923657417297,0.6309053897857666,-1.7589218616485596,-0.4747597575187683,2.2493839263916016,-0.6674267053604126
-1.3018782138824463,0.6517144441604614,0.6434071660041809,-1.7591536045074463,-0.485231876373291,2.246645212173462,-0.686056911945343
-1.311661720275879,0.655950665473938,0.655863881111145,-1.7593673467636108,-0.49573418498039246,2.24381947517395,-0.7046870589256287
-1.3213679790496826,0.6603034138679504,0.6682754158973694,-1.7595634460449219,-0.5062690377235413,2.240906000137329,-0.7233172059059143
-1.330997109413147,0.6647730469703674,0.6806426048278809,-1.7597417831420898,-0.5168371200561523,2.2379026412963867,-0.7419474124908447
-1.3405487537384033,0.6693621277809143,0.6929670572280884,-1.7599021196365356,-0.5274401903152466,2.2348074913024902,-0.7605775594711304
-1.350021481513977,0.6740714907646179,0.7052485942840576,-1.7600452899932861,-0.5380797386169434,2.2316195964813232,-0.7792077660560608
-1.3594163656234741,0.6789026856422424,0.7174896597862244,-1.760170817375183,-0.5487576127052307,2.2283363342285156,-0.7978379130363464
-1.3687310218811035,0.6838585138320923,0.729689359664917,-1.7602787017822266,-0.559474766254425,2.224956512451172,-0.8164680600166321
-1.3779667615890503,0.6889400482177734,0.741850733757019,-1.7603691816329956,-0.5702328681945801,2.2214772701263428,-0.8350982069969177
-1.3871232271194458,0.6941491365432739,0.753974974155426,-1.7604422569274902,-0.5810346007347107,2.2178966999053955,-0.8537284135818481
-1.3961989879608154,0.6994880437850952,0.7660619616508484,-1.760498046875,-0.5918803811073303,2.2142133712768555,-0.872358500957489
-1.4051951169967651,0.7049591541290283,0.7781152129173279,-1.760536551475525,-0.6027739644050598,2.2104239463806152,-0.8909887075424194
-1.414110541343689,0.7105649709701538,0.7901350259780884,-1.7605578899383545,-0.6137155890464783,2.206526756286621,-0.9096189737319946
-1.4229453802108765,0.7163076996803284,0.8021239638328552,-1.7605623006820679,-0.6247082948684692,2.2025182247161865,-0.928248941898346
-1.4316999912261963,0.7221901416778564,0.8140837550163269,-1.7605490684509277,-0.6357545852661133,2.198396682739258,-0.9468792080879211
-1.4403736591339111,0.7282150983810425,0.8260163068771362,-1.7605191469192505,-0.646856427192688,2.1941585540771484,-0.9655093550682068
-1.4489665031433105,0.73438560962677,0.8379237651824951,-1.7604721784591675,-0.6580157279968262,2.1898012161254883,-0.9841394424438477
-1.4574791193008423,0.7407051920890808,0.849808931350708,-1.7604082822799683,-0.6692357063293457,2.185321092605591,-1.0027697086334229
-1.4659104347229004,0.7471763491630554,0.8616732954978943,-1.7603274583816528,-0.6805187463760376,2.180715560913086,-1.0213998556137085
-1.474260926246643,0.7538034915924072,0.873519778251648,-1.7602298259735107,-0.6918670535087585,2.175980567932129,-1.0400300025939941
-1.4825308322906494,0.7605899572372437,0.8853514790534973,-1.7601155042648315,-0.7032849192619324,2.171112537384033,-1.0586602687835693
-1.4907201528549194,0.7675405740737915,0.8971714973449707,-1.7599844932556152,-0.7147752046585083,2.166107416152954,-1.077290415763855
-1.4988293647766113,0.7746583223342896,0.9089828133583069,-1.7598369121551514,-0.7263408899307251,2.1609609127044678,-1.095920443534851
-1.5068578720092773,0.7819491028785706,0.9207881093025208,-1.7596726417541504,-0.7379857897758484,2.1556689739227295,-1.1145505905151367
-1.5148053169250488,0.7894169092178345,0.9325905442237854,-1.7594918012619019,-0.7497128844261169,2.1502270698547363,-1.133180856704712
-1.5226719379425049,0.7970673441886902,0.9443938136100769,-1.7592947483062744,-0.7615262866020203,2.1446306705474854,-1.1518110036849976
-1.530460000038147,0.8049064874649048,0.9562042951583862,-1.7590811252593994,-0.7734325528144836,2.1388723850250244,-1.1704411506652832
-1.5381646156311035,0.8129367828369141,0.9680195450782776,-1.7588516473770142,-0.785429060459137,2.132950782775879,-1.1890714168548584
-1.5457923412322998,0.8211708664894104,0.9798532128334045,-1.7586053609848022,-0.7975316047668457,2.12685489654541,-1.2077014446258545
-1.5533398389816284,0.8296131491661072,0.991705596446991,-1.7583427429199219,-0.8097394108772278,2.1205804347991943,-1.2263315916061401
-1.5608068704605103,0.8382692933082581,1.0035805702209473,-1.7580641508102417,-0.8220577239990234,2.114121198654175,-1.2449618577957153
-1.5681942701339722,0.8471476435661316,1.015484094619751,-1.7577694654464722,-0.8344929218292236,2.1074700355529785,-1.263592004776001
-1.575501799583435,0.8562586307525635,1.0274231433868408,-1.7574588060379028,-0.847052276134491,2.1006178855895996,-1.2822221517562866
-1.573093295097351,0.8598887324333191,1.0276174545288086,-1.7520136833190918,-0.8488033413887024,2.0976879596710205,-1.3044307231903076
-1.5706976652145386,0.8635460138320923,1.027853012084961,-1.7465479373931885,-0.8505870699882507,2.0947353839874268,-1.326639175415039
-1.5683157444000244,0.8672288060188293,1.0281305313110352,-1.7410621643066406,-0.8524035811424255,2.0917601585388184,-1.34884774684906
-1.5659455060958862,0.8709383606910706,1.0284488201141357,-1.735555648803711,-0.854252278804779,2.088763475418091,-1.371056318283081
-1.5635889768600464,0.8746756315231323,1.028810977935791,-1.7300277948379517,-0.8561362028121948,2.085742712020874,-1.393264889717102
-1.5612447261810303,0.8784398436546326,1.0292155742645264,-1.7244791984558105,-0.8580547571182251,2.0826988220214844,-1.4154733419418335
-1.558913230895996,0.8822327256202698,1.0296648740768433,-1.7189089059829712,-0.8600085973739624,2.0796308517456055,-1.4376819133758545
-1.5565942525863647,0.8860543370246887,1.0301588773727417,-1.7133166790008545,-0.8619997501373291,2.0765380859375,-1.4598904848098755
-1.5542874336242676,0.8899050951004028,1.0306978225708008,-1.7077022790908813,-0.8640277981758118,2.073421001434326,-1.482098937034607
-1.551992654800415,0.8937855362892151,1.0312831401824951,-1.7020654678344727,-0.8660941123962402,2.0702781677246094,-1.504307508468628
-1.5497093200683594,0.8976959586143494,1.031914234161377,-1.6964061260223389,-0.8681991696357727,2.067110538482666,-1.526516079902649
-1.5474392175674438,0.9016377329826355,1.032594919204712,-1.6907236576080322,-0.8703452348709106,2.063915491104126,-1.5487245321273804
-1.5451804399490356,0.9056104421615601,1.0333229303359985,-1.6850179433822632,-0.8725315928459167,2.0606942176818848,-1.5709331035614014
-1.5429328680038452,0.9096155762672424,1.0341002941131592,-1.6792881488800049,-0.8747597336769104,2.057445526123047,-1.5931416749954224
-1.5406970977783203,0.9136528372764587,1.0349278450012207,-1.6735345125198364,-0.8770308494567871,2.054169178009033,-1.6153502464294434
-1.5384725332260132,0.9177237153053284,1.03580641746521,-1.6677566766738892,-0.8793468475341797,2.0508644580841064,-1.6375586986541748
-1.536259651184082,0.9218291640281677,1.0367375612258911,-1.6619534492492676,-0.8817076683044434,2.04753041267395,-1.6597672700881958
-1.5340576171875,0.9259674549102783,1.0377209186553955,-1.6561256647109985,-0.884113609790802,2.0441675186157227,-1.6819758415222168
-1.5318667888641357,0.930142879486084,1.038759469985962,-1.650272011756897,-0.8865684270858765,2.040773391723633,-1.7041842937469482
-1.5296871662139893,0.9343543648719788,1.0398533344268799,-1.644392967224121,-0.8890722393989563,2.037348508834839,-1.7263928651809692
-1.5275171995162964,0.9386014938354492,1.0410020351409912,-1.6384871006011963,-0.8916245102882385,2.03389310836792,-1.7486014366149902
-1.52535879611969,0.9428878426551819,1.0422099828720093,-1.6325548887252808,-0.8942296504974365,2.0304043292999268,-1.7708098888397217
-1.5232110023498535,0.9472122192382812,1.0434765815734863,-1.6265956163406372,-0.8968873023986816,2.0268828868865967,-1.7930184602737427
-1.521073579788208,0.9515763521194458,1.044803261756897,-1.6206085681915283,-0.8995993733406067,2.023327350616455,-1.8152269124984741
-1.5189458131790161,0.9559800624847412,1.0461905002593994,-1.6145939826965332,-0.9023661613464355,2.01973819732666,-1.8374356031417847
-1.5168282985687256,0.9604257941246033,1.0476412773132324,-1.608550786972046,-0.9051911234855652,2.01611328125,-1.8596440553665161
-1.51472008228302,0.9649138450622559,1.0491559505462646,-1.602478265762329,-0.9080747365951538,2.0124521255493164,-1.881852626800537
-1.5126234292984009,0.9694460034370422,1.0507383346557617,-1.596376895904541,-0.9110203385353088,2.0087528228759766,-1.904061198234558
-1.510535717010498,0.9740224480628967,1.0523874759674072,-1.5902459621429443,-0.9140273332595825,2.005016326904297,-1.9262696504592896
-1.5084576606750488,0.9786438941955566,1.0541059970855713,-1.5840845108032227,-0.917099118232727,2.0012407302856445,-1.9484782218933105
-1.5063884258270264,0.9833130240440369,1.0558955669403076,-1.5778920650482178,-0.9202379584312439,1.9974247217178345,-1.9706867933273315
-1.5043290853500366,0.9880304932594299,1.0577588081359863,-1.5716683864593506,-0.9234450459480286,1.993567705154419,-1.992895245552063
-1.5022788047790527,0.9927970170974731,1.059696912765503,-1.565412998199463,-0.9267230033874512,1.9896681308746338,-2.015103816986084
-1.5002379417419434,0.9976140856742859,1.0617121458053589,-1.5591254234313965,-0.9300734400749207,1.9857256412506104,-2.0373122692108154
-1.4982047080993652,1.0024831295013428,1.0638056993484497,-1.5528044700622559,-0.9334989190101624,1.981738567352295,-2.059520959854126
-1.4961813688278198,1.0074074268341064,1.0659832954406738,-1.546449899673462,-0.9370044469833374,1.9777041673660278,-2.0817294120788574
-1.494166612625122,1.0123865604400635,1.068244218826294,-1.5400612354278564,-0.9405893683433533,1.9736230373382568,-2.103937864303589
-1.492159128189087,1.0174221992492676,1.070590615272522,-1.5336380004882812,-0.9442570209503174,1.969494104385376,-2.1261465549468994
-1.490161418914795,1.0225173234939575,1.0730280876159668,-1.52717924118042,-0.9480117559432983,1.96531343460083,-2.148355007171631
-1.4881765842437744,1.0276718139648438,1.0755614042282104,-1.5206847190856934,-0.9518554210662842,1.961081862449646,-2.1705636978149414
-1.4861940145492554,1.03288996219635,1.0781855583190918,-1.514153003692627,-0.9557923078536987,1.9567968845367432,-2.192772150039673
-1.4842201471328735,1.038174033164978,1.0809104442596436,-1.5075838565826416,-0.9598268270492554,1.9524548053741455,-2.2149806022644043
-1.4822535514831543,1.0435231924057007,1.083735466003418,-1.500976800918579,-0.9639592170715332,1.9480571746826172,-2.237189292907715
-1.4802943468093872,1.0489425659179688,1.0866663455963135,-1.494330883026123,-0.9681956768035889,1.9436002969741821,-2.2593977451324463
-1.4783425331115723,1.0544339418411255,1.089707612991333,-1.487645149230957,-0.9725411534309387,1.9390814304351807,-2.2816061973571777
-1.4763981103897095,1.0599985122680664,1.0928614139556885,-1.480919361114502,-0.9769974946975708,1.934499740600586,-2.3038148880004883
-1.4744607210159302,1.0656418800354004,1.0961347818374634,-1.474151849746704,-0.9815732836723328,1.9298510551452637,-2.3260231018066406
-1.4725292921066284,1.0713636875152588,1.099528431892395,-1.4673423767089844,-0.9862677454948425,1.925135612487793,-2.348231792449951
-1.4706045389175415,1.077169418334961,1.1030501127243042,-1.4604902267456055,-0.9910904765129089,1.9203487634658813,-2.3704402446746826
-1.4686858654022217,1.0830602645874023,1.1067034006118774,-1.4535937309265137,-0.9960442781448364,1.9154890775680542,-2.392648935317993
-1.4667742252349854,1.089043140411377,1.110497236251831,-1.4466526508331299,-1.0011394023895264,1.9105504751205444,-2.4148573875427246
-1.4648680686950684,1.095118522644043,1.1144336462020874,-1.4396660327911377,-1.006377935409546,1.9055335521697998,-2.437065839767456
-1.4629673957824707,1.1012921333312988,1.118520975112915,-1.4326324462890625,-1.0117688179016113,1.9004324674606323,-2.4592742919921875
-1.4610719680786133,1.107567548751831,1.122765064239502,-1.425550937652588,-1.0173182487487793,1.8952447175979614,-2.481482982635498
-1.4591823816299438,1.113950490951538,1.1271755695343018,-1.4184207916259766,-1.0230358839035034,1.8899649381637573,-2.5036916732788086
-1.457297444343567,1.1204465627670288,1.1317596435546875,-1.411240577697754,-1.0289297103881836,1.8845889568328857,-2.52590012550354
-1.4554164409637451,1.127058744430542,1.1365234851837158,-1.4040093421936035,-1.0350069999694824,1.8791141510009766,-2.5481085777282715
-1.453540563583374,1.1337954998016357,1.1414798498153687,-1.396726131439209,-1.0412806272506714,1.8735334873199463,-2.570317029953003
-1.4516676664352417,1.1406605243682861,1.1466354131698608,-1.3893887996673584,-1.047757625579834,1.8678431510925293,-2.5925257205963135
