1.7399014234542847,0.2788209617137909,-1.5685251951217651,-2.6008005142211914,0.5079576969146729,2.54013991355896,-2.615032434463501
1.7241607904434204,0.26096445322036743,-1.565302848815918,-2.6002652645111084,0.47915419936180115,2.5476455688476562,-2.587425708770752
1.7072734832763672,0.24359624087810516,-1.5609880685806274,-2.599475145339966,0.45046621561050415,2.5544888973236084,-2.559818744659424
1.6890093088150024,0.2266748994588852,-1.5553351640701294,-2.5984299182891846,0.4218887686729431,2.5607032775878906,-2.532212018966675
1.6690704822540283,0.21016289293766022,-1.548032283782959,-2.5971293449401855,0.39341673254966736,2.5663187503814697,-2.5046050548553467
1.6470826864242554,0.19402946531772614,-1.5386912822723389,-2.5955729484558105,0.3650473356246948,2.5713608264923096,-2.4769983291625977
1.6225415468215942,0.17824670672416687,-1.5267938375473022,-2.5937604904174805,0.3367767035961151,2.5758533477783203,-2.4493916034698486
1.5947741270065308,0.1627938449382782,-1.511654257774353,-2.5916929244995117,0.30860212445259094,2.579817533493042,-2.4217846393585205
1.562851905822754,0.1476568579673767,-1.4923310279846191,-2.589370012283325,0.2805219292640686,2.5832719802856445,-2.3941779136657715
1.5254663228988647,0.1328338384628296,-1.4675028324127197,-2.5867919921875,0.25253409147262573,2.586233139038086,-2.3665711879730225
1.4807239770889282,0.11833392828702927,-1.4352647066116333,-2.5839591026306152,0.22463640570640564,2.5887153148651123,-2.3389642238616943
1.425792932510376,0.10419134795665741,-1.3927724361419678,-2.5808725357055664,0.19682815670967102,2.590731382369995,-2.3113574981689453
1.3563021421432495,0.09047960489988327,-1.3356437683105469,-2.577533006668091,0.1691075712442398,2.592291831970215,-2.2837507724761963
1.2652714252471924,0.07733441144227982,-1.2568867206573486,-2.5739409923553467,0.14147283136844635,2.593407392501831,-2.256143808364868
1.2498188018798828,0.07757244259119034,-1.2415802478790283,-2.572336435317993,0.14109806716442108,2.593027114868164,-2.2338197231292725
1.2344682216644287,0.07782968133687973,-1.226374864578247,-2.5707311630249023,0.1407233625650406,2.5926458835601807,-2.2114953994750977
1.2192295789718628,0.07810670137405396,-1.2112812995910645,-2.569125175476074,0.14034919440746307,2.5922629833221436,-2.189171314239502
1.204108476638794,0.07839872688055038,-1.1963045597076416,-2.567518711090088,0.13997527956962585,2.59187912940979,-2.1668472290039062
1.1891108751296997,0.07870862632989883,-1.1814510822296143,-2.565910816192627,0.13960175216197968,2.5914931297302246,-2.1445231437683105
1.174241065979004,0.0790354311466217,-1.1667249202728271,-2.564303398132324,0.13922807574272156,2.591106653213501,-2.1221988201141357
1.1594982147216797,0.07938119024038315,-1.1521251201629639,-2.5626940727233887,0.1388549953699112,2.5907182693481445,-2.09987473487854
1.144890546798706,0.07974041998386383,-1.1376597881317139,-2.561084747314453,0.1384822130203247,2.590329170227051,-2.0775506496429443
1.130428433418274,0.08011815696954727,-1.1233400106430054,-2.559474468231201,0.13810944557189941,2.589938163757324,-2.0552263259887695
1.1161086559295654,0.08051043003797531,-1.1091618537902832,-2.557863473892212,0.13773708045482635,2.589545965194702,-2.032902240753174
1.1019389629364014,0.08091924339532852,-1.0951333045959473,-2.5562517642974854,0.13736510276794434,2.5891520977020264,-2.010578155517578
1.0879110097885132,0.08134287595748901,-1.0812461376190186,-2.5546393394470215,0.13699300587177277,2.5887577533721924,-1.9882539510726929
1.0740447044372559,0.08178328722715378,-1.067520260810852,-2.553025960922241,0.13662171363830566,2.5883610248565674,-1.9659297466278076
1.0603296756744385,0.08223804831504822,-1.0539448261260986,-2.5514121055603027,0.13625037670135498,2.587963581085205,-1.943605661392212
1.0467761754989624,0.08270762115716934,-1.0405309200286865,-2.549797534942627,0.13587914407253265,2.587564468383789,-1.9212814569473267
1.0333807468414307,0.08319177478551865,-1.027274250984192,-2.5481820106506348,0.13550841808319092,2.5871641635894775,-1.8989572525024414
1.020145297050476,0.08369095623493195,-1.0141773223876953,-2.5465660095214844,0.13513793051242828,2.5867626667022705,-1.8766331672668457
1.0070738792419434,0.08420278131961823,-1.0012439489364624,-2.5449490547180176,0.1347675621509552,2.586359739303589,-1.8543089628219604
0.9941655397415161,0.0847284197807312,-0.988473117351532,-2.5433316230773926,0.13439728319644928,2.5859556198120117,-1.8319848775863647
0.9814282655715942,0.08526762574911118,-0.9758729338645935,-2.541713237762451,0.13402768969535828,2.585549831390381,-1.8096606731414795
0.9688543677330017,0.08582014590501785,-0.9634354710578918,-2.5400941371917725,0.1336582750082016,2.5851426124572754,-1.7873365879058838
0.9564400315284729,0.08638502657413483,-0.9511575102806091,-2.5384740829467773,0.1332886517047882,2.5847346782684326,-1.7650123834609985
0.9441961050033569,0.08696340769529343,-0.939049243927002,-2.536853790283203,0.13291969895362854,2.5843253135681152,-1.7426881790161133
0.932123601436615,0.08755297213792801,-0.9271119832992554,-2.5352323055267334,0.13255105912685394,2.583914041519165,-1.7203640937805176
0.9202060699462891,0.0881548523902893,-0.9153293967247009,-2.5336101055145264,0.13218188285827637,2.5835022926330566,-1.6980398893356323
0.9084662199020386,0.08876881003379822,-0.9037238359451294,-2.531987190246582,0.13181377947330475,2.5830883979797363,-1.6757158041000366
0.896885335445404,0.08939456939697266,-0.8922768235206604,-2.5303635597229004,0.13144582509994507,2.582674026489258,-1.6533915996551514
0.8854708075523376,0.09003191441297531,-0.8809957504272461,-2.5287392139434814,0.1310776323080063,2.5822579860687256,-1.6310673952102661
0.8742235898971558,0.09067795425653458,-0.8698816299438477,-2.527114152908325,0.13070999085903168,2.5818405151367188,-1.6087433099746704
0.8631327152252197,0.09133642166852951,-0.8589232563972473,-2.5254883766174316,0.13034246861934662,2.5814223289489746,-1.5864191055297852
0.8522122502326965,0.09200642257928848,-0.8481350541114807,-2.5238614082336426,0.12997569143772125,2.5810019969940186,-1.5640950202941895
0.8414471745491028,0.09268638491630554,-0.8375017046928406,-2.5222342014312744,0.12960827350616455,2.5805811882019043,-1.5417708158493042
0.8308446407318115,0.09337484836578369,-0.8270303010940552,-2.5206055641174316,0.1292416900396347,2.580158233642578,-1.519446611404419
0.8204022645950317,0.09407415241003036,-0.8167188763618469,-2.5189766883850098,0.12887512147426605,2.5797340869903564,-1.4971225261688232
0.8101127743721008,0.09478217363357544,-0.8065598607063293,-2.5173468589782715,0.12850859761238098,2.5793092250823975,-1.474798321723938
0.7999767065048218,0.09550058096647263,-0.7965536713600159,-2.515716075897217,0.12814247608184814,2.578883171081543,-1.4524741172790527
0.7900018095970154,0.09622790664434433,-0.7867082357406616,-2.514084815979004,0.12777681648731232,2.5784552097320557,-1.430150032043457
0.7801709175109863,0.09696333855390549,-0.7770065069198608,-2.5124526023864746,0.12741078436374664,2.578026533126831,-1.4078258275985718
0.7704991102218628,0.09770731627941132,-0.7674632668495178,-2.510819435119629,0.12704575061798096,2.5775959491729736,-1.3855016231536865
0.7609689235687256,0.0984608381986618,-0.7580612301826477,-2.509185791015625,0.1266803741455078,2.577164649963379,-1.3631776571273804
0.7515895962715149,0.09922250360250473,-0.748809814453125,-2.5075511932373047,0.126315638422966,2.5767319202423096,-1.3408534526824951
0.7423495650291443,0.09999272227287292,-0.7396970987319946,-2.505915641784668,0.1259506642818451,2.5762979984283447,-1.3185292482376099
0.7332579493522644,0.10077008605003357,-0.730732262134552,-2.504279613494873,0.12558619678020477,2.5758626461029053,-1.2962051630020142
0.7243049144744873,0.10155448317527771,-0.7219057679176331,-2.5026426315307617,0.12522198259830475,2.5754261016845703,-1.273880958557129
0.7154926657676697,0.10234744846820831,-0.7132194638252258,-2.501004934310913,0.12485823780298233,2.5749881267547607,-1.2515568733215332
0.7068169713020325,0.10314709693193436,-0.7046694755554199,-2.499366283416748,0.12449417263269424,2.5745487213134766,-1.229232668876648
0.6982719302177429,0.10395494848489761,-0.6962494850158691,-2.4977269172668457,0.12413087487220764,2.574108839035034,-1.2069084644317627
0.6898648142814636,0.10476802289485931,-0.6879671812057495,-2.496086597442627,0.1237676590681076,2.573667049407959,-1.184584379196167
0.6815715432167053,0.10558897256851196,-0.6797986030578613,-2.49444580078125,0.12340130656957626,2.5732247829437256,-1.1622601747512817
0.6734223961830139,0.10641484707593918,-0.6717733144760132,-2.4928038120269775,0.12303831428289413,2.5727803707122803,-1.1399359703063965
0.6653959155082703,0.1072494238615036,-0.6638703346252441,-2.4911611080169678,0.1226750984787941,2.5723352432250977,-1.1176118850708008
0.6574942469596863,0.10808807611465454,-0.6560918092727661,-2.4895176887512207,0.1223117858171463,2.5718886852264404,-1.0952876806259155
0.6497160792350769,0.10893509536981583,-0.6484362483024597,-2.4878733158111572,0.12194925546646118,2.571441173553467,-1.0729635953903198
0.6420587301254272,0.10978703945875168,-0.6409012079238892,-2.4862282276153564,0.12158671766519547,2.5709919929504395,-1.0506393909454346
0.6345180869102478,0.1106448620557785,-0.6334823966026306,-2.48458194732666,0.12122425436973572,2.5705416202545166,-1.0283151865005493
0.6270945072174072,0.11150842905044556,-0.6261802315711975,-2.4829354286193848,0.12086189538240433,2.5700902938842773,-1.0059911012649536
0.6197893023490906,0.11237814277410507,-0.6189959049224854,-2.481287717819214,0.12050040811300278,2.5696372985839844,-0.9836668968200684
0.6125901341438293,0.11325228959321976,-0.6119174361228943,-2.4796392917633057,0.1201382428407669,2.569183588027954,-0.9613427519798279
0.6055048108100891,0.11413231492042542,-0.6049522161483765,-2.477989673614502,0.11977654695510864,2.568727970123291,-0.9390185475349426
0.5985270738601685,0.11501707136631012,-0.5980942249298096,-2.476339817047119,0.11941514164209366,2.5682718753814697,-0.9166944026947021
0.5916566848754883,0.11590748280286789,-0.5913431644439697,-2.4746885299682617,0.11905365437269211,2.5678138732910156,-0.8943702578544617
0.5848901271820068,0.11680236458778381,-0.5846953988075256,-2.473036766052246,0.1186925396323204,2.567355155944824,-0.8720461130142212
0.57822585105896,0.11770165711641312,-0.5781496167182922,-2.471384048461914,0.11833157390356064,2.566895008087158,-0.8497219085693359
0.5716619491577148,0.11860625445842743,-0.5717039108276367,-2.4697303771972656,0.11797066777944565,2.566433906555176,-0.8273977637290955
0.5651995539665222,0.11951503902673721,-0.5653590559959412,-2.468076229095459,0.11761002987623215,2.5659711360931396,-0.805073618888855
0.5588322281837463,0.1204293817281723,-0.559109091758728,-2.4664206504821777,0.11724977195262909,2.565507411956787,-0.7827494740486145
0.5525611042976379,0.12134673446416855,-0.5529546737670898,-2.4647645950317383,0.1168893352150917,2.565042495727539,-0.7604253888130188
0.5463820695877075,0.12226895987987518,-0.5468922257423401,-2.4631075859069824,0.11652874201536179,2.5645763874053955,-0.7381011247634888
0.5402999520301819,0.12319498509168625,-0.5409260988235474,-2.46144962310791,0.11616939306259155,2.5641088485717773,-0.7157770991325378
0.5343024134635925,0.12412569671869278,-0.5350440740585327,-2.4597909450531006,0.11580926924943924,2.5636403560638428,-0.6934528350830078
0.52839595079422,0.12505954504013062,-0.5292529463768005,-2.4581313133239746,0.1154494509100914,2.5631704330444336,-0.6711287498474121
0.5225747227668762,0.1259978860616684,-0.5235465168952942,-2.4564707279205322,0.11508984118700027,2.562699556350708,-0.6488044857978821
0.5168412923812866,0.12693923711776733,-0.517927348613739,-2.4548091888427734,0.11473061144351959,2.562227249145508,-0.6264804601669312
0.511188805103302,0.12788443267345428,-0.5123888850212097,-2.4531471729278564,0.11437112092971802,2.561753988265991,-0.6041561961174011
0.5056219100952148,0.1288343220949173,-0.5069355964660645,-2.451483964920044,0.11401209235191345,2.561279058456421,-0.5818321108818054
0.5001357793807983,0.12978604435920715,-0.5015625357627869,-2.449819803237915,0.11365336179733276,2.560802936553955,-0.5595079064369202
0.4947260618209839,0.13074278831481934,-0.49626556038856506,-2.448154926300049,0.11329467594623566,2.560326337814331,-0.5371838212013245
0.4893939793109894,0.13170213997364044,-0.49104586243629456,-2.446488857269287,0.11293571442365646,2.559847831726074,-0.5148595571517944
0.4841359257698059,0.13266541063785553,-0.48589983582496643,-2.444822311401367,0.11257704347372055,2.559368848800659,-0.4925355017185211
0.4789583683013916,0.13363026082515717,-0.4808337092399597,-2.443154811859131,0.11221882700920105,2.5588879585266113,-0.4702114164829254
0.47385042905807495,0.13459980487823486,-0.4758368730545044,-2.441486358642578,0.111860491335392,2.558406114578247,-0.4478871524333954
0.46881598234176636,0.135572150349617,-0.4709131419658661,-2.43981671333313,0.11150262504816055,2.5579233169555664,-0.42556309700012207
0.46385112404823303,0.1365468055009842,-0.4660586714744568,-2.4381465911865234,0.11114431917667389,2.557439088821411,-0.40323886275291443
0.4589548110961914,0.13752460479736328,-0.46127235889434814,-2.4364752769470215,0.1107860803604126,2.5569536685943604,-0.3809147775173187
0.45412784814834595,0.13850633800029755,-0.4565548896789551,-2.4348032474517822,0.11042840778827667,2.556467056274414,-0.3585905134677887
0.4493694007396698,0.1394897848367691,-0.4519055187702179,-2.4331300258636475,0.11007130891084671,2.555979013442993,-0.3362664580345154
0.4446761906147003,0.14047488570213318,-0.4473210275173187,-2.4314560890197754,0.10971390455961227,2.555490016937256,-0.31394222378730774
0.440045028924942,0.1414637565612793,-0.4427981972694397,-2.429780960083008,0.10935655236244202,2.554999828338623,-0.29161813855171204
0.4354771375656128,0.14245671033859253,-0.43833819031715393,-2.428105354309082,0.10899945348501205,2.554508924484253,-0.269293874502182
0.4309706389904022,0.1434507668018341,-0.43393927812576294,-2.42642879486084,0.1086420789361,2.554016351699829,-0.2469698190689087
0.426524817943573,0.14444796741008759,-0.4296005070209503,-2.424750804901123,0.10828514397144318,2.553522825241089,-0.22464556992053986
0.42214128375053406,0.1454470306634903,-0.4253237545490265,-2.423072338104248,0.10792847722768784,2.553027868270874,-0.20232148468494415
0.41781583428382874,0.1464482843875885,-0.4211045503616333,-2.4213929176330566,0.10757178068161011,2.5525317192077637,-0.17999723553657532
0.4135449230670929,0.14745253324508667,-0.41693955659866333,-2.4197123050689697,0.10721516609191895,2.552034616470337,-0.157673180103302
0.4093336760997772,0.1484593152999878,-0.41283392906188965,-2.4180307388305664,0.1068587377667427,2.5515360832214355,-0.13534896075725555
0.40517479181289673,0.14946776628494263,-0.4087802469730377,-2.416348457336426,0.1065019965171814,2.5510365962982178,-0.11302487552165985
0.40107348561286926,0.15047785639762878,-0.40478357672691345,-2.4146652221679688,0.10614597797393799,2.5505356788635254,-0.09070059657096863
0.39702296257019043,0.1514919251203537,-0.40083742141723633,-2.412980794906616,0.10579003393650055,2.5500340461730957,-0.0683765709400177
0.3930263817310333,0.15250636637210846,-0.3969447910785675,-2.4112956523895264,0.10543384402990341,2.5495307445526123,-0.04605229198932648
0.3890804946422577,0.15352390706539154,-0.3931005299091339,-2.40960955619812,0.10507770627737045,2.5490264892578125,-0.023728206753730774
0.38518384099006653,0.15454331040382385,-0.3893069922924042,-2.4079222679138184,0.10472195595502853,2.5485215187072754,-0.0014039867091923952
0.38133880496025085,0.15556378662586212,-0.3855646252632141,-2.4062342643737793,0.10436619073152542,2.5480146408081055,0.020920099690556526
0.37754181027412415,0.15658795833587646,-0.38186994194984436,-2.404545307159424,0.10401061177253723,2.5475070476531982,0.043244317173957825
0.3737924098968506,0.15761317312717438,-0.37822243571281433,-2.402855157852173,0.1036551296710968,2.5469980239868164,0.06556840240955353
0.3700886070728302,0.1586400866508484,-0.37462013959884644,-2.4011642932891846,0.10329936444759369,2.5464882850646973,0.08789268136024475
0.3664349913597107,0.1596686989068985,-0.371067613363266,-2.399472236633301,0.10294446349143982,2.5459768772125244,0.11021670699119568
0.3628230094909668,0.16070009768009186,-0.3675564229488373,-2.3977794647216797,0.1025891900062561,2.5454647541046143,0.13254079222679138
0.35925689339637756,0.161732017993927,-0.36409059166908264,-2.396085739135742,0.1022338718175888,2.5449512004852295,0.1548650711774826
0.3557359278202057,0.16276589035987854,-0.3606695830821991,-2.39439058303833,0.10187903046607971,2.544435977935791,0.17718909680843353
0.35225358605384827,0.1638021022081375,-0.3572867810726166,-2.3926949501037598,0.10152368247509003,2.5439205169677734,0.19951337575912476
0.3488173186779022,0.16484017670154572,-0.3539496660232544,-2.390997886657715,0.10116919130086899,2.5434036254882812,0.22183746099472046
0.34542202949523926,0.16587941348552704,-0.35065311193466187,-2.3892998695373535,0.10081446170806885,2.5428850650787354,0.2441616803407669
0.3420642912387848,0.16692087054252625,-0.34739378094673157,-2.387601137161255,0.100459523499012,2.5423665046691895,0.2664857804775238
0.3387505114078522,0.16796265542507172,-0.3441779315471649,-2.3859012126922607,0.10010509938001633,2.5418455600738525,0.28880998492240906
0.33547526597976685,0.16900697350502014,-0.3410002887248993,-2.38420033454895,0.09975071251392365,2.5413239002227783,0.31113407015800476
0.3322371244430542,0.1700526624917984,-0.3378593325614929,-2.3824987411499023,0.09939631819725037,2.540801525115967,0.3334583044052124
0.32903823256492615,0.1710997372865677,-0.3347572088241577,-2.38079571723938,0.09904200583696365,2.5402774810791016,0.3557823896408081
0.32587724924087524,0.17214851081371307,-0.3316926062107086,-2.379091739654541,0.09868788719177246,2.5397520065307617,0.37810665369033813
0.32274946570396423,0.1731979101896286,-0.3286609351634979,-2.377387046813965,0.09833314269781113,2.5392260551452637,0.40043067932128906
0.31966039538383484,0.17424999177455902,-0.32566744089126587,-2.375680923461914,0.0979791209101677,2.538698673248291,0.4227549731731415
0.31660595536231995,0.17530333995819092,-0.32270824909210205,-2.373974084854126,0.09762496501207352,2.538170337677002,0.4450790584087372
0.3135872781276703,0.17635761201381683,-0.3197844326496124,-2.3722660541534424,0.09727101773023605,2.5376405715942383,0.46740326285362244
0.31060296297073364,0.17741310596466064,-0.3168945014476776,-2.3705568313598633,0.09691718220710754,2.537109375,0.48972734808921814
0.30765026807785034,0.17847077548503876,-0.31403595209121704,-2.368847131729126,0.0965631902217865,2.5365779399871826,0.5120515823364258
0.30473166704177856,0.17952899634838104,-0.3112110197544098,-2.367136001586914,0.0962093397974968,2.5360450744628906,0.5343756675720215
0.3018467128276825,0.1805887222290039,-0.3084193170070648,-2.365424156188965,0.09585566073656082,2.535510540008545,0.5566999316215515
0.2989932596683502,0.18164990842342377,-0.305658757686615,-2.363710880279541,0.09550213813781738,2.534975051879883,0.5790239572525024
0.29617106914520264,0.1827118843793869,-0.3029290437698364,-2.361996650695801,0.09514843672513962,2.534438371658325,0.6013482213020325
0.2933792769908905,0.18377627432346344,-0.30022937059402466,-2.360281467437744,0.0947948545217514,2.5339009761810303,0.6236723065376282
0.2906194031238556,0.1848401129245758,-0.2975612282752991,-2.358565330505371,0.09444139152765274,2.5333619117736816,0.6459965705871582
0.28788790106773376,0.18590696156024933,-0.29492107033729553,-2.3568477630615234,0.09408795833587646,2.5328221321105957,0.6683206558227539
0.2851870357990265,0.18697327375411987,-0.2923111319541931,-2.3551297187805176,0.09373465925455093,2.532280921936035,0.6906448602676392
0.282514750957489,0.18804249167442322,-0.28972938656806946,-2.353410243988037,0.0933813527226448,2.531738758087158,0.7129689455032349
0.3757764399051666,0.19284750521183014,-0.36462488770484924,-2.3532114028930664,0.11936581879854202,2.53031063079834,0.690223217010498
0.46467268466949463,0.1990746408700943,-0.4352065622806549,-2.352376937866211,0.14537811279296875,2.528334140777588,0.667477548122406
0.5486108064651489,0.2066325694322586,-0.5009095072746277,-2.350907564163208,0.17141412198543549,2.525803565979004,0.6447318196296692
0.6272907853126526,0.21542619168758392,-0.5614668726921082,-2.348803997039795,0.19746991991996765,2.522712230682373,0.6219861507415771
0.7006561756134033,0.2253628522157669,-0.6168525218963623,-2.3460676670074463,0.22354260087013245,2.5190513134002686,0.5992404222488403
0.7688312530517578,0.23635777831077576,-0.6672222018241882,-2.3427000045776367,0.24962955713272095,2.51481294631958,0.5764947533607483
0.8320721387863159,0.2483350932598114,-0.7128626704216003,-2.338703155517578,0.2757302224636078,2.50998592376709,0.5537490248680115
0.8907071948051453,0.26123207807540894,-0.7541338801383972,-2.3340792655944824,0.3018440306186676,2.5045580863952637,0.5310033559799194
0.9451032280921936,0.27499616146087646,-0.791434109210968,-2.3288307189941406,0.32797300815582275,2.498516321182251,0.5082576274871826
0.9956347942352295,0.2895866632461548,-0.8251694440841675,-2.32296085357666,0.3541199266910553,2.4918460845947266,0.4855119287967682
1.0426685810089111,0.3049744665622711,-0.8557384610176086,-2.3164725303649902,0.38028934597969055,2.4845309257507324,0.46276623010635376
1.0865522623062134,0.32114073634147644,-0.8835216164588928,-2.30936861038208,0.40648895502090454,2.4765515327453613,0.44002053141593933
1.1276068687438965,0.3380740284919739,-0.9088726043701172,-2.3016529083251953,0.4327276051044464,2.4678878784179688,0.4172748327255249
1.1661205291748047,0.35577288269996643,-0.932112991809845,-2.293328285217285,0.4590171277523041,2.4585177898406982,0.3945291340351105
1.202358603477478,0.37424343824386597,-0.9535425305366516,-2.2843990325927734,0.4853723645210266,2.4484152793884277,0.37178340554237366
1.236553430557251,0.39349740743637085,-0.9734309911727905,-2.2748677730560303,0.5118094086647034,2.4375534057617188,0.34903770685195923
1.2689155340194702,0.41355642676353455,-0.9920228123664856,-2.264738082885742,0.5383516550064087,2.425899028778076,0.3262920081615448
1.2996273040771484,0.43444743752479553,-1.0095405578613281,-2.2540135383605957,0.565022349357605,2.413418769836426,0.30354633927345276
1.3288531303405762,0.45620420575141907,-1.0261900424957275,-2.24269700050354,0.591852605342865,2.4000728130340576,0.28080064058303833
1.3567352294921875,0.47886890172958374,-1.0421574115753174,-2.2307910919189453,0.6188756823539734,2.385817050933838,0.2580549418926239
1.3833987712860107,0.5024915337562561,-1.0576153993606567,-2.2182984352111816,0.6461323499679565,2.3706021308898926,0.2353091984987259
1.4089546203613281,0.5271300673484802,-1.0727269649505615,-2.205221652984619,0.6736686825752258,2.354372024536133,0.21256351470947266
1.4335001707077026,0.5528541803359985,-1.0876463651657104,-2.1915621757507324,0.7015410661697388,2.3370614051818848,0.18981781601905823
1.44785475730896,0.5759671926498413,-1.0759843587875366,-2.159618854522705,0.7134396433830261,2.3197309970855713,0.21293126046657562
1.4597082138061523,0.6000893712043762,-1.0639874935150146,-2.1248888969421387,0.7247418761253357,2.3014233112335205,0.23604470491409302
1.469237208366394,0.6252418756484985,-1.0519018173217773,-2.087355136871338,0.735508143901825,2.282130002975464,0.2591581344604492
1.4766032695770264,0.6514658331871033,-1.0399608612060547,-2.0469818115234375,0.7458298802375793,2.261824369430542,0.2822715938091278
1.4819504022598267,0.6788262128829956,-1.0283901691436768,-2.0037059783935547,0.7558285593986511,2.2404606342315674,0.305385023355484
1.4854040145874023,0.7074186205863953,-1.01741623878479,-1.957432508468628,0.7656628489494324,2.2179675102233887,0.3284984827041626
1.4870803356170654,0.7373756170272827,-1.0072879791259766,-1.9080281257629395,0.7755405306816101,2.1942410469055176,0.3516119420528412
1.487081527709961,0.7688751816749573,-0.9982892274856567,-1.8553093671798706,0.7857285141944885,2.1691389083862305,0.3747253715991974
1.4855008125305176,0.8021593689918518,-0.990770161151886,-1.7990304231643677,0.7965789437294006,2.1424636840820312,0.397838830947876
1.482422113418579,0.8375542759895325,-0.9851846098899841,-1.7388617992401123,0.8085660338401794,2.1139464378356934,0.4209522604942322
1.4779183864593506,0.8755061030387878,-0.9821521043777466,-1.6743630170822144,0.8223474621772766,2.083216428756714,0.4440656900405884
1.4720507860183716,0.9166405200958252,-0.9825634360313416,-1.6049349308013916,0.8388680815696716,2.0497512817382812,0.46717914938926697
1.4648699760437012,0.9618729948997498,-0.9877827763557434,-1.529747486114502,0.8595704436302185,2.0127816200256348,0.49029257893562317
1.438410997390747,0.8759013414382935,-0.8974342942237854,-1.5840928554534912,0.7583330273628235,2.080002546310425,0.4962303042411804
1.4101519584655762,0.8030171394348145,-0.8188079595565796,-1.6355030536651611,0.6714081168174744,2.1357007026672363,0.5021680593490601
1.3800678253173828,0.739536464214325,-0.7475916743278503,-1.6843329668045044,0.5942826271057129,2.1830825805664062,0.5081058144569397
1.3480286598205566,0.6832678318023682,-0.6811243891716003,-1.7308655977249146,0.5242984890937805,2.2240774631500244,0.5140435099601746
1.3138419389724731,0.6327863931655884,-0.6175792217254639,-1.7753305435180664,0.45974504947662354,2.2599551677703857,0.5199812650680542
1.2690950632095337,0.5798054933547974,-0.5492697358131409,-1.826686143875122,0.3924183249473572,2.296684503555298,0.5486636757850647
1.2205854654312134,0.5317985415458679,-0.4813835322856903,-1.8759111166000366,0.32927605509757996,2.328993320465088,0.5773460865020752
1.167681097984314,0.4880785346031189,-0.4124552607536316,-1.9232100248336792,0.2694458067417145,2.357548475265503,0.6060284376144409
1.109619379043579,0.4481698274612427,-0.3411046266555786,-1.968754529953003,0.21228164434432983,2.382855176925659,0.6347108483314514
1.0455057621002197,0.41175776720046997,-0.2659676671028137,-2.012690305709839,0.157294362783432,2.4053025245666504,0.6633932590484619
0.9743196368217468,0.37865838408470154,-0.18565736711025238,-2.0551419258117676,0.10410488396883011,2.4251961708068848,0.6920756101608276
0.8949479460716248,0.3488057851791382,-0.0987711250782013,-2.0962183475494385,0.0524136982858181,2.4427807331085205,0.7207580208778381
0.8062664866447449,0.32223811745643616,-0.003949942998588085,-2.136014461517334,0.0019811668898910284,2.45824933052063,0.7494404315948486
0.7072993516921997,0.2990972399711609,0.09997434914112091,-2.1746139526367188,-0.04738639295101166,2.4717578887939453,0.7781228423118591
0.5974768400192261,0.2796095013618469,0.2137308269739151,-2.2120914459228516,-0.09584887325763702,2.4834299087524414,0.8068051934242249
0.4769963026046753,0.2640642523765564,0.3372555673122406,-2.24851393699646,-0.14353689551353455,2.4933626651763916,0.8354876041412354
0.34720051288604736,0.2527676224708557,0.469321608543396,-2.2839417457580566,-0.190560445189476,2.50162935256958,0.8641699552536011
0.21081113815307617,0.24597768485546112,0.6073020100593567,-2.318429946899414,-0.23701071739196777,2.5082836151123047,0.8928523659706116
0.25174248218536377,0.2521524429321289,0.5747659802436829,-2.303997278213501,-0.22995033860206604,2.504251003265381,0.8718570470809937
0.29084721207618713,0.2586812973022461,0.5438914895057678,-2.2893784046173096,-0.223048135638237,2.500068187713623,0.8508617281913757
0.32817453145980835,0.2655450403690338,0.5146331191062927,-2.2745723724365234,-0.21630063652992249,2.4957380294799805,0.8298664093017578
0.3637755513191223,0.2727212607860565,0.4869421422481537,-2.259577989578247,-0.2097042053937912,2.491260051727295,0.8088710904121399
0.39771634340286255,0.28019312024116516,0.46075382828712463,-2.244393825531006,-0.2032553255558014,2.4866364002227783,0.787875771522522
0.43006443977355957,0.28794193267822266,0.43600794672966003,-2.229018211364746,-0.19695013761520386,2.4818673133850098,0.766880452632904
0.46089404821395874,0.29595327377319336,0.41263046860694885,-2.213449239730835,-0.1907844990491867,2.476954221725464,0.7458851337432861
0.49027779698371887,0.30421245098114014,0.39055168628692627,-2.1976852416992188,-0.18475602567195892,2.4718973636627197,0.7248898148536682
0.5182892680168152,0.3127065896987915,0.36970096826553345,-2.181723117828369,-0.17886053025722504,2.4666965007781982,0.7038944959640503
0.545001745223999,0.3214244544506073,0.3500075936317444,-2.165560483932495,-0.17309442162513733,2.461352586746216,0.6828991770744324
0.5704858899116516,0.3303554952144623,0.331403523683548,-2.1491947174072266,-0.16745486855506897,2.4558653831481934,0.6619038581848145
0.5948092937469482,0.3394909203052521,0.3138239085674286,-2.132622480392456,-0.16193872690200806,2.450234889984131,0.6409085392951965
0.6180380582809448,0.3488231897354126,0.29720520973205566,-2.115839958190918,-0.15654200315475464,2.444459915161133,0.6199132204055786
0.6402356624603271,0.3583458662033081,0.2814864218235016,-2.098843574523926,-0.15126243233680725,2.438541889190674,0.5989179015159607
0.6614598631858826,0.3680519759654999,0.2666120231151581,-2.0816292762756348,-0.14609630405902863,2.4324779510498047,0.5779225826263428
0.6817676424980164,0.37793782353401184,0.25252750515937805,-2.064192295074463,-0.14104005694389343,2.4262685775756836,0.5569272637367249
0.7012107372283936,0.3879986107349396,0.23918335139751434,-2.0465281009674072,-0.13609185814857483,2.4199118614196777,0.5359319448471069
0.7198390960693359,0.3982321619987488,0.22653238475322723,-2.0286307334899902,-0.131247878074646,2.41340708732605,0.514936625957489
0.7376995086669922,0.40863561630249023,0.214528888463974,-2.0104947090148926,-0.12650564312934875,2.406751871109009,0.4939412772655487
0.7548343539237976,0.41920751333236694,0.20313288271427155,-1.9921140670776367,-0.12186235189437866,2.399944543838501,0.4729459881782532
0.7712863087654114,0.4299473166465759,0.19230380654335022,-1.97348153591156,-0.11731424182653427,2.392983913421631,0.45195063948631287
0.7870914936065674,0.44085466861724854,0.1820075809955597,-1.9545902013778687,-0.11285920441150665,2.385866641998291,0.43095535039901733
0.8022863268852234,0.4519301652908325,0.17220936715602875,-1.9354323148727417,-0.10849432647228241,2.3785901069641113,0.409960001707077
0.81690514087677,0.46317559480667114,0.16287676990032196,-1.9159990549087524,-0.10421676188707352,2.371151924133301,0.3889646828174591
0.8309765458106995,0.4745927155017853,0.1539827287197113,-1.8962814807891846,-0.10002393275499344,2.3635478019714355,0.3679693639278412
0.8445300459861755,0.4861837923526764,0.14549951255321503,-1.8762691020965576,-0.0959133431315422,2.355774402618408,0.34697404503822327
0.8575945496559143,0.4979531168937683,0.13739950954914093,-1.8559514284133911,-0.09188179671764374,2.347827911376953,0.32597872614860535
0.870193600654602,0.5099040865898132,0.12966062128543854,-1.8353168964385986,-0.08792726695537567,2.3397035598754883,0.3049834072589874
0.8823518753051758,0.5220423340797424,0.12225943058729172,-1.8143528699874878,-0.0840458944439888,2.3313965797424316,0.2839880883693695
0.8940902948379517,0.5343722105026245,0.11517632007598877,-1.793045163154602,-0.0802360251545906,2.3229007720947266,0.2629927694797516
0.9054310917854309,0.5469018816947937,0.10839005559682846,-1.7713788747787476,-0.0764942541718483,2.3142104148864746,0.24199743568897247
0.900148868560791,0.5514035820960999,0.113884337246418,-1.7642230987548828,-0.08072753995656967,2.3111062049865723,0.22073949873447418
0.8949149250984192,0.5559381246566772,0.1193622425198555,-1.7570297718048096,-0.08498242497444153,2.3079721927642822,0.1994815468788147
0.8897282481193542,0.560505211353302,0.12482527643442154,-1.7497978210449219,-0.08925933390855789,2.304807186126709,0.1782236099243164
0.8845886588096619,0.5651064515113831,0.13027407228946686,-1.7425267696380615,-0.09355903416872025,2.3016128540039062,0.15696565806865692
0.8794949054718018,0.5697413682937622,0.1357107162475586,-1.7352166175842285,-0.09788228571414948,2.298386812210083,0.13570772111415863
0.8744461536407471,0.5744112133979797,0.1411367505788803,-1.72786545753479,-0.10222956538200378,2.2951290607452393,0.11444977670907974
0.869441568851471,0.5791153311729431,0.14655357599258423,-1.7204740047454834,-0.10660281777381897,2.291839599609375,0.09319183230400085
0.8644807934761047,0.5838561058044434,0.15196241438388824,-1.7130401134490967,-0.1110013797879219,2.288517475128174,0.07193389534950256
0.8595626950263977,0.5886318683624268,0.1573651283979416,-1.7055641412734985,-0.11542725563049316,2.2851624488830566,0.05067594349384308
0.854686975479126,0.5934451222419739,0.1627628058195114,-1.6980448961257935,-0.11988062411546707,2.2817740440368652,0.029418015852570534
0.8498526811599731,0.5982961058616638,0.16815726459026337,-1.690481185913086,-0.12436231225728989,2.278351068496704,0.008160069584846497
0.8450590968132019,0.6031834483146667,0.1735500544309616,-1.682873249053955,-0.1288740634918213,2.2748937606811523,-0.013097877614200115
0.8403053283691406,0.6081104874610901,0.17894278466701508,-1.6752194166183472,-0.13341674208641052,2.2714009284973145,-0.034355826675891876
0.8355919122695923,0.6130762100219727,0.18433628976345062,-1.6675193309783936,-0.13799035549163818,2.2678728103637695,-0.055613771080970764
0.8309168815612793,0.6180821061134338,0.18973304331302643,-1.6597716808319092,-0.1425969898700714,2.264307975769043,-0.07687170058488846
0.8262801170349121,0.6231284737586975,0.1951344609260559,-1.6519757509231567,-0.14723773300647736,2.2607061862945557,-0.09812964498996735
0.8216806650161743,0.628216028213501,0.20054247975349426,-1.6441305875778198,-0.15191306173801422,2.257066249847412,-0.11938759684562683
0.8171185255050659,0.6333459615707397,0.20595824718475342,-1.636235237121582,-0.15662527084350586,2.253387689590454,-0.14064554870128632
0.8125932812690735,0.6385191679000854,0.21138311922550201,-1.6282885074615479,-0.16137394309043884,2.2496707439422607,-0.1619034856557846
0.8081035614013672,0.6437357068061829,0.21681992709636688,-1.6202895641326904,-0.16616173088550568,2.245913505554199,-0.1831614077091217
0.8036488890647888,0.6489973664283752,0.2222704291343689,-1.6122374534606934,-0.17099004983901978,2.2421154975891113,-0.2044193595647812
0.799229621887207,0.6543040871620178,0.22773520648479462,-1.6041309833526611,-0.17585952579975128,2.238276243209839,-0.22567729651927948
0.7948439717292786,0.6596572995185852,0.23321782052516937,-1.5959687232971191,-0.18077148497104645,2.234394073486328,-0.24693524837493896
0.7904928922653198,0.6650582551956177,0.2387184351682663,-1.58774995803833,-0.18572862446308136,2.2304697036743164,-0.26819318532943726
0.7861741781234741,0.670508086681366,0.24424126744270325,-1.579472541809082,-0.19073250889778137,2.2264997959136963,-0.28945109248161316
0.7818894386291504,0.6760075688362122,0.24978558719158173,-1.571136236190796,-0.19578273594379425,2.2224864959716797,-0.3107090890407562
0.7776365280151367,0.681557834148407,0.2553557753562927,-1.5627388954162598,-0.20088374614715576,2.218425989151001,-0.33196699619293213
0.7734158635139465,0.6871601343154907,0.26095283031463623,-1.5542798042297363,-0.20603549480438232,2.2143187522888184,-0.3532249927520752
0.7692257165908813,0.6928156614303589,0.26658058166503906,-1.5457568168640137,-0.21124053001403809,2.210163116455078,-0.3744828701019287
0.7650677561759949,0.6985258460044861,0.2722387909889221,-1.5371687412261963,-0.21650049090385437,2.205958366394043,-0.3957408368587494
0.7609394192695618,0.704291582107544,0.27793246507644653,-1.5285148620605469,-0.22181856632232666,2.2017037868499756,-0.4169987440109253
0.7568420171737671,0.7101143002510071,0.2836620807647705,-1.5197923183441162,-0.22719541192054749,2.197397232055664,-0.43825674057006836
0.7527741193771362,0.7159963846206665,0.28943175077438354,-1.5109994411468506,-0.23263534903526306,2.193037748336792,-0.45951464772224426
0.7487355470657349,0.7219383120536804,0.2952434718608856,-1.5021355152130127,-0.2381390631198883,2.188624382019043,-0.48077261447906494
0.74472576379776,0.727942705154419,0.30110061168670654,-1.4931979179382324,-0.24370993673801422,2.184154748916626,-0.5020305514335632
0.7407448887825012,0.7340102195739746,0.30700555443763733,-1.484184741973877,-0.24935051798820496,2.179628849029541,-0.5232885479927063
0.7367919683456421,0.740142822265625,0.3129619359970093,-1.4750943183898926,-0.25506359338760376,2.175044298171997,-0.5445464253425598
0.7328674793243408,0.7463430762290955,0.3189724087715149,-1.4659240245819092,-0.2608524560928345,2.1703996658325195,-0.5658044219017029
0.7289703488349915,0.7526129484176636,0.3250407576560974,-1.456672191619873,-0.26671990752220154,2.1656932830810547,-0.5870622992515564
0.7251002192497253,0.7589532732963562,0.3311710059642792,-1.447336196899414,-0.27267029881477356,2.1609225273132324,-0.6083202362060547
0.7212573289871216,0.7653679847717285,0.33736634254455566,-1.4379138946533203,-0.27870607376098633,2.1560871601104736,-0.6295782327651978
0.7174410223960876,0.771857738494873,0.34363073110580444,-1.4284024238586426,-0.28483107686042786,2.151184320449829,-0.650836169719696
0.7136511206626892,0.7784258127212524,0.34996849298477173,-1.418799638748169,-0.29104986786842346,2.146212100982666,-0.6720941066741943
0.709886908531189,0.7850743532180786,0.35638442635536194,-1.409102439880371,-0.2973668873310089,2.1411681175231934,-0.6933520436286926
0.7061493396759033,0.7918064594268799,0.36288216710090637,-1.3993077278137207,-0.30378642678260803,2.1360511779785156,-0.7146099209785461
0.7024363875389099,0.7986250519752502,0.36946865916252136,-1.3894124031066895,-0.31031334400177,2.13085675239563,-0.7358679175376892
0.6987491250038147,0.8055322170257568,0.37614715099334717,-1.3794136047363281,-0.31695249676704407,2.125584125518799,-0.7571259140968323
0.6950870156288147,0.8125326037406921,0.38292452692985535,-1.369307518005371,-0.3237107992172241,2.120229482650757,-0.7783837914466858
0.6914497017860413,0.8196286559104919,0.3898063898086548,-1.359090805053711,-0.33059215545654297,2.114790678024292,-0.7996417284011841
0.687837541103363,0.8268240690231323,0.3967984616756439,-1.348759412765503,-0.33760398626327515,2.109264850616455,-0.8208996653556824
0.6842494606971741,0.8341227769851685,0.40390869975090027,-1.3383090496063232,-0.34475359320640564,2.1036481857299805,-0.8421576619148254
0.6806855201721191,0.8415293097496033,0.4111444354057312,-1.3277361392974854,-0.35204777121543884,2.0979366302490234,-0.8634155988693237
0.677145779132843,0.8490467667579651,0.41851288080215454,-1.317035436630249,-0.359494686126709,2.092127799987793,-0.884673535823822
0.6736301779747009,0.856681764125824,0.4260231554508209,-1.3062026500701904,-0.3671019375324249,2.086216449737549,-0.9059314131736755
0.6701387763023376,0.8644378781318665,0.4336834251880646,-1.2952320575714111,-0.37487998604774475,2.080199718475342,-0.9271893501281738
0.6666706204414368,0.8723217248916626,0.44150540232658386,-1.2841181755065918,-0.3828393816947937,2.0740716457366943,-0.9484474062919617
0.6632262468338013,0.8803380131721497,0.4494985044002533,-1.272855520248413,-0.3909895718097687,2.0678279399871826,-0.9697052836418152
0.6598053574562073,0.8884925842285156,0.45767462253570557,-1.2614376544952393,-0.3993432819843292,2.0614638328552246,-0.9909631609916687
0.6564081311225891,0.8967945575714111,0.4660473167896271,-1.2498574256896973,-0.40791329741477966,2.054971933364868,-1.012221097946167
0.653033971786499,0.9052486419677734,0.47463011741638184,-1.238107681274414,-0.4167138338088989,2.0483479499816895,-1.03347909450531
0.6496842503547668,0.9138643741607666,0.48343682289123535,-1.2261810302734375,-0.42575958371162415,2.0415844917297363,-1.0547370910644531
0.6463576555252075,0.922650158405304,0.49248650670051575,-1.2140679359436035,-0.4350690245628357,2.0346736907958984,-1.0759949684143066
0.6430546045303345,0.9316155314445496,0.5017968416213989,-1.2017607688903809,-0.44466084241867065,2.0276079177856445,-1.0972529649734497
0.6397748589515686,0.9407715797424316,0.5113891959190369,-1.1892478466033936,-0.4545566141605377,2.0203776359558105,-1.1185108423233032
0.6365166902542114,0.9501237273216248,0.5212855935096741,-1.1765198707580566,-0.4647771120071411,2.0129752159118652,-1.1397688388824463
0.6332855224609375,0.9596953392028809,0.531510591506958,-1.1635642051696777,-0.4753515124320984,2.005387783050537,-1.1610267162322998
0.630081295967102,0.9694938659667969,0.5420884490013123,-1.1503682136535645,-0.4863022267818451,1.9976059198379517,-1.1822847127914429
