0.19002185761928558,0.7764113545417786,-0.23248697817325592,-1.392702579498291,0.19372014701366425,2.1468265056610107,-2.4399664402008057
0.17942391335964203,0.7773711681365967,-0.218551367521286,-1.388319492340088,0.1822497844696045,2.1460092067718506,-2.414869785308838
0.1688331961631775,0.7784478664398193,-0.20458129048347473,-1.3838939666748047,0.17073982954025269,2.1451070308685303,-2.389772891998291
0.15825155377388,0.7796429991722107,-0.19057680666446686,-1.3794240951538086,0.15918880701065063,2.1441197395324707,-2.3646762371063232
0.1476803570985794,0.7809557318687439,-0.17653687298297882,-1.3749103546142578,0.14759428799152374,2.143047332763672,-2.3395795822143555
0.13712045550346375,0.7823876738548279,-0.1624600738286972,-1.370351791381836,0.13595347106456757,2.1418886184692383,-2.3144826889038086
0.12657396495342255,0.7839399576187134,-0.14834652841091156,-1.3657472133636475,0.12426505237817764,2.140643358230591,-2.289386034011841
0.11604209244251251,0.7856125235557556,-0.13419489562511444,-1.361095905303955,0.1125260442495346,2.139310359954834,-2.264289379119873
0.10552581399679184,0.7874060273170471,-0.12000351399183273,-1.3563976287841797,0.1007334515452385,2.1378893852233887,-2.239192485809326
0.09502725303173065,0.7893218398094177,-0.10577233135700226,-1.351651668548584,0.08888579159975052,2.1363799571990967,-2.2140958309173584
0.0845474898815155,0.7913599610328674,-0.09149958938360214,-1.3468577861785889,0.07697975635528564,2.1347811222076416,-2.1889991760253906
0.07408738881349564,0.79352205991745,-0.07718340307474136,-1.3420138359069824,0.06501231342554092,2.1330909729003906,-2.1639022827148438
0.06364904344081879,0.7958097457885742,-0.06282323598861694,-1.3371193408966064,0.05298144742846489,2.1313095092773438,-2.138805627822876
0.053233563899993896,0.7982226014137268,-0.04841718450188637,-1.332174301147461,0.040883734822273254,2.1294355392456055,-2.113708972930908
0.04284164682030678,0.8007628321647644,-0.03396270051598549,-1.3271777629852295,0.02871560864150524,2.127467393875122,-2.0886120796203613
0.03247543424367905,0.803431510925293,-0.019459115341305733,-1.3221280574798584,0.016474761068820953,2.1254043579101562,-2.0635154247283936
0.022135799750685692,0.8062297105789185,-0.004903813358396292,-1.3170249462127686,0.004157442599534988,2.1232452392578125,-2.038418769836426
0.011823942884802818,0.809160053730011,0.0097054373472929,-1.3118667602539062,-0.008239884860813618,2.120988130569458,-2.013322114944458
0.0015405052108690143,0.8122214674949646,0.024371813982725143,-1.3066539764404297,-0.02072153612971306,2.1186323165893555,-1.9882252216339111
-0.00871224608272314,0.8154187202453613,0.0390964075922966,-1.3013842105865479,-0.03329009190201759,2.116175889968872,-1.9631285667419434
-0.018934093415737152,0.8187515735626221,0.05388329178094864,-1.2960562705993652,-0.04595061019062996,2.1136159896850586,-1.938031792640686
-0.029123054817318916,0.8222228288650513,0.06873428821563721,-1.2906708717346191,-0.0587063729763031,2.1109538078308105,-1.9129350185394287
-0.03927857056260109,0.8258333802223206,0.08365334570407867,-1.285224437713623,-0.07156229764223099,2.108184576034546,-1.887838363647461
-0.049400053918361664,0.8295857310295105,0.09864459931850433,-1.2797179222106934,-0.08452360332012177,2.1053075790405273,-1.8627415895462036
-0.05948504060506821,0.8334831595420837,0.11370990425348282,-1.2741491794586182,-0.09759370237588882,2.102321147918701,-1.8376448154449463
-0.06953371316194534,0.8375271558761597,0.1288549154996872,-1.2685167789459229,-0.11077887564897537,2.099221706390381,-1.8125481605529785
-0.07954488694667816,0.8417204022407532,0.1440836787223816,-1.2628200054168701,-0.12408465147018433,2.09600830078125,-1.7874513864517212
-0.08951714634895325,0.8460655808448792,0.15940017998218536,-1.257056713104248,-0.1375158429145813,2.092677593231201,-1.7623546123504639
-0.09944965690374374,0.8505659103393555,0.17480961978435516,-1.2512266635894775,-0.15107901394367218,2.0892269611358643,-1.737257957458496
-0.10934211313724518,0.8552232384681702,0.1903180032968521,-1.2453277111053467,-0.16478079557418823,2.085653305053711,-1.7121611833572388
-0.1191924437880516,0.8600428700447083,0.2059297412633896,-1.2393574714660645,-0.17862717807292938,2.0819544792175293,-1.6870644092559814
-0.12900081276893616,0.8650271892547607,0.2216523140668869,-1.2333159446716309,-0.1926262378692627,2.078126907348633,-1.6619677543640137
-0.13876594603061676,0.8701798319816589,0.23749174177646637,-1.2272005081176758,-0.20678527653217316,2.074167013168335,-1.6368709802627563
-0.14848710596561432,0.8755047917366028,0.253455251455307,-1.2210102081298828,-0.22111231088638306,2.070071220397949,-1.611774206161499
-0.15816302597522736,0.881007194519043,0.269550085067749,-1.2147419452667236,-0.23561565577983856,2.0658349990844727,-1.5866775512695312
-0.16779309511184692,0.8866904377937317,0.28578442335128784,-1.20839524269104,-0.25030481815338135,2.061455726623535,-1.5615808963775635
-0.177377387881279,0.8925608992576599,0.30216893553733826,-1.2019670009613037,-0.265190988779068,2.05692720413208,-1.5364841222763062
-0.18691454827785492,0.8986229300498962,0.3187120258808136,-1.19545578956604,-0.2802838087081909,2.052245855331421,-1.5113872289657593
-0.19640260934829712,0.90488201379776,0.335422158241272,-1.188859462738037,-0.2955928146839142,2.0474071502685547,-1.4862905740737915
-0.20584256947040558,0.9113451838493347,0.3523135781288147,-1.1821749210357666,-0.31113308668136597,2.042402982711792,-1.4611939191818237
-0.21523521840572357,0.9180139899253845,0.3693985044956207,-1.175400733947754,-0.32691651582717896,2.0372302532196045,-1.4360971450805664
-0.22457531094551086,0.9249048233032227,0.38668742775917053,-1.168534278869629,-0.34295761585235596,2.0318808555603027,-1.4110004901885986
-0.2338646799325943,0.9320215582847595,0.40419673919677734,-1.1615724563598633,-0.3592720627784729,2.0263493061065674,-1.3859037160873413
-0.24310261011123657,0.9393708109855652,0.42194145917892456,-1.154512882232666,-0.3758760392665863,2.02062726020813,-1.360806941986084
-0.25228744745254517,0.9469633102416992,0.4399380087852478,-1.1473517417907715,-0.39278748631477356,2.014707088470459,-1.3357102870941162
-0.26141977310180664,0.9548088908195496,0.4582066833972931,-1.1400866508483887,-0.41002729535102844,2.008579730987549,-1.3106135129928589
-0.2704983055591583,0.9629181027412415,0.4767674207687378,-1.1327142715454102,-0.42761722207069397,2.0022361278533936,-1.2855167388916016
-0.279522567987442,0.9713029265403748,0.4956430494785309,-1.1252307891845703,-0.4455806612968445,1.9956650733947754,-1.2604199647903442
-0.28849080204963684,0.9799752235412598,0.5148562788963318,-1.11763334274292,-0.4639420509338379,1.9888571500778198,-1.2353233098983765
-0.29740411043167114,0.9889513254165649,0.5344381928443909,-1.1099162101745605,-0.48273369669914246,1.9817969799041748,-1.2102265357971191
-0.3062596321105957,0.9982458353042603,0.5544159412384033,-1.1020772457122803,-0.501984715461731,1.9744738340377808,-1.1851298809051514
-0.3150617480278015,1.0078784227371216,0.5748323202133179,-1.0941102504730225,-0.5217385292053223,1.9668688774108887,-1.160033106803894
-0.3238047659397125,1.0178637504577637,0.595714807510376,-1.0860114097595215,-0.5420225262641907,1.9589695930480957,-1.1349364519119263
-0.33248621225357056,1.0282304286956787,0.6171087026596069,-1.0777740478515625,-0.5628889799118042,1.9507532119750977,-1.1098395586013794
-0.34110701084136963,1.0389983654022217,0.6390613317489624,-1.0693950653076172,-0.5843852162361145,1.9422016143798828,-1.0847429037094116
-0.3496652841567993,1.0501985549926758,0.6616290211677551,-1.0608670711517334,-0.606569766998291,1.9332897663116455,-1.0596461296081543
-0.35816192626953125,1.061860203742981,0.6848750710487366,-1.0521841049194336,-0.6295080184936523,1.9239895343780518,-1.0345494747161865
-0.36659473180770874,1.0740207433700562,0.708871066570282,-1.0433390140533447,-0.6532751321792603,1.9142704010009766,-1.0094527006149292
-0.30674052238464355,1.0378402471542358,0.5957251191139221,-1.047154188156128,-0.5453811883926392,1.9426636695861816,-1.0415303707122803
-0.24565260112285614,1.0097839832305908,0.48800888657569885,-1.0495057106018066,-0.44436487555503845,1.9644752740859985,-1.0736080408096313
-0.1835542917251587,0.988633394241333,0.3838023543357849,-1.050398349761963,-0.3480132818222046,1.9807782173156738,-1.1056857109069824
-0.12066646665334702,0.9736381769180298,0.28180357813835144,-1.0498285293579102,-0.2547611892223358,1.9922442436218262,-1.1377633810043335
-0.05722296983003616,0.9643324017524719,0.18105898797512054,-1.0477864742279053,-0.16339197754859924,1.9992938041687012,-1.169840931892395
0.006538566201925278,0.9604543447494507,0.08079681545495987,-1.0442509651184082,-0.07287132740020752,2.0021653175354004,-1.201918601989746
0.07036438584327698,0.9619042873382568,-0.019655106589198112,-1.0391950607299805,0.01773858815431595,2.0009546279907227,-1.2339962720870972
0.13401077687740326,0.9687236547470093,-0.12099271267652512,-1.032578468322754,0.10939805209636688,1.9956226348876953,-1.2660739421844482
0.19723263382911682,0.9811092615127563,-0.2239946573972702,-1.0243501663208008,0.20314911007881165,1.9859933853149414,-1.2981514930725098
0.2597922682762146,0.9994381070137024,-0.32963573932647705,-1.0144472122192383,0.3002285659313202,1.9717307090759277,-1.3302291631698608
0.3214648365974426,1.0243356227874756,-0.4392456114292145,-1.0027871131896973,0.40222498774528503,1.952275276184082,-1.362306833267212
0.38202524185180664,1.056815266609192,-0.5547552108764648,-0.9892659187316895,0.5113452672958374,1.9267373085021973,-1.394384503364563
0.44125601649284363,1.0985381603240967,-0.6792230606079102,-0.9737539291381836,0.6309491395950317,1.8936681747436523,-1.426462173461914
0.40438374876976013,1.069392204284668,-0.5829483270645142,-0.9784822463989258,0.5388134717941284,1.916689395904541,-1.3949084281921387
0.36673542857170105,1.046015739440918,-0.49129101634025574,-0.9818658828735352,0.4521995186805725,1.9350241422653198,-1.3633546829223633
0.3284308612346649,1.0276319980621338,-0.4028351604938507,-0.9839258193969727,0.3695306181907654,1.9493491649627686,-1.3318010568618774
0.28958678245544434,1.0137288570404053,-0.316568523645401,-0.9846696853637695,0.28964683413505554,1.9601171016693115,-1.300247311592102
0.25032249093055725,1.0039682388305664,-0.2317207157611847,-0.9841008186340332,0.21163788437843323,1.9676282405853271,-1.2686935663223267
0.2107629030942917,0.9981363415718079,-0.14767055213451385,-0.9822087287902832,0.13473977148532867,1.9720735549926758,-1.2371398210525513
0.17103269696235657,0.996116042137146,-0.06387095898389816,-0.9789791107177734,0.05826770141720772,1.9735578298568726,-1.2055861949920654
0.13125446438789368,0.9978755116462708,0.020202770829200745,-0.9743843078613281,-0.01844204030930996,1.9721136093139648,-1.17403244972229
0.09156178683042526,1.0034635066986084,0.10507208108901978,-0.9683876037597656,-0.09605155885219574,1.9676997661590576,-1.1424787044525146
0.052078232169151306,1.0130068063735962,0.19133605062961578,-0.9609405994415283,-0.17529913783073425,1.9602007865905762,-1.1109249591827393
0.012929582968354225,1.0267462730407715,0.2797086834907532,-0.9519782066345215,-0.25704121589660645,1.94940984249115,-1.0793712139129639
-0.025760242715477943,1.0450419187545776,0.3711012899875641,-0.9414224624633789,-0.3423326313495636,1.9350107908248901,-1.047817587852478
-0.063872329890728,1.0684434175491333,0.4667585790157318,-0.9291684627532959,-0.43256649374961853,1.916520357131958,-1.0162638425827026
-0.09949515014886856,1.010514497756958,0.49248167872428894,-1.0500218868255615,-0.4484856128692627,1.963921308517456,-0.9866136312484741
-0.13548389077186584,0.9655187726020813,0.5250077843666077,-1.1495354175567627,-0.470599889755249,2.000626564025879,-0.9569634199142456
-0.17182351648807526,0.9286535382270813,0.5605497360229492,-1.2360317707061768,-0.49509599804878235,2.030672550201416,-0.9273132085800171
-0.20847925543785095,0.8976274132728577,0.5977100729942322,-1.3135063648223877,-0.5205909609794617,2.0559849739074707,-0.8976629972457886
-0.24539165198802948,0.8711487650871277,0.6358378529548645,-1.3842434883117676,-0.5464727878570557,2.077662229537964,-0.8680127859115601
-0.2824927568435669,0.8484011888504028,0.6745807528495789,-1.4496936798095703,-0.5724384784698486,2.0963988304138184,-0.8383626341819763
-0.3197039067745209,0.8288295269012451,0.7137153148651123,-1.5108485221862793,-0.5983238816261292,2.1126723289489746,-0.808712363243103
-0.3569386303424835,0.8120394349098206,0.7530829310417175,-1.568418025970459,-0.6240372061729431,2.1268222332000732,-0.7790621519088745
-0.39410150051116943,0.7977349162101746,0.792553186416626,-1.6229339838027954,-0.6495222449302673,2.1391029357910156,-0.7494120001792908
-0.4310925006866455,0.7856899499893188,0.8320133090019226,-1.6748051643371582,-0.6747446060180664,2.1497087478637695,-0.7197617888450623
-0.46780532598495483,0.7757250070571899,0.8713569641113281,-1.7243545055389404,-0.69968181848526,2.158792495727539,-0.6901115775108337
-0.5041280388832092,0.7676936984062195,0.9104794859886169,-1.7718415260314941,-0.7243152260780334,2.1664769649505615,-0.6604613661766052
-0.5399473905563354,0.761475145816803,0.9492805004119873,-1.8174785375595093,-0.7486321330070496,2.1728603839874268,-0.6308111548423767
-0.48724931478500366,0.720584511756897,0.8878682851791382,-1.8222935199737549,-0.6868492364883423,2.202211856842041,-0.6622791290283203
-0.43200182914733887,0.6843882203102112,0.8259473443031311,-1.826513409614563,-0.6272116303443909,2.227597236633301,-0.6937471032142639
-0.37415167689323425,0.652333676815033,0.7630709409713745,-1.8301331996917725,-0.5692871809005737,2.249563694000244,-0.7252150774002075
-0.31366458535194397,0.6240195035934448,0.698900043964386,-1.8331499099731445,-0.5127462148666382,2.268528938293457,-0.7566831111907959
-0.25054246187210083,0.5991541147232056,0.6331921219825745,-1.8355592489242554,-0.45732927322387695,2.284816265106201,-0.7881510853767395
-0.18483032286167145,0.5775265097618103,0.5657904744148254,-1.8373565673828125,-0.4028269648551941,2.2986795902252197,-0.8196190595626831
-0.11662904918193817,0.5589858293533325,0.49662554264068604,-1.8385391235351562,-0.34906473755836487,2.3103201389312744,-0.8510870337486267
-0.04610440135002136,0.5434274077415466,0.42571479082107544,-1.8391029834747314,-0.29589518904685974,2.3198978900909424,-0.8825550079345703
0.026505453512072563,0.5307815670967102,0.35316500067710876,-1.8390446901321411,-0.24319177865982056,2.3275370597839355,-0.9140230417251587
0.10089053958654404,0.5210019946098328,0.279167115688324,-1.8383607864379883,-0.19083979725837708,2.33333420753479,-0.9454909563064575
0.176672101020813,0.5140600204467773,0.20398877561092377,-1.8370490074157715,-0.13873553276062012,2.337362051010132,-0.9769589900970459
0.25341156125068665,0.5099399089813232,0.12796422839164734,-1.8351056575775146,-0.08678288757801056,2.3396708965301514,-1.0084269046783447
0.33062854409217834,0.5086308717727661,0.051472317427396774,-1.8325287103652954,-0.03488985449075699,2.340291738510132,-1.039894938468933
0.32034942507743835,0.5208722352981567,0.07269991189241409,-1.8129029273986816,-0.04994649067521095,2.3320109844207764,-1.0110876560211182
0.3102191686630249,0.5335897207260132,0.09396263211965561,-1.7927684783935547,-0.06542381644248962,2.3233554363250732,-0.9822803735733032
0.30023717880249023,0.5468035340309143,0.11528952419757843,-1.7721080780029297,-0.08134672790765762,2.31430721282959,-0.9534730911254883
0.2903994619846344,0.5605365633964539,0.13671652972698212,-1.7508995532989502,-0.09774599969387054,2.304842948913574,-0.9246658086776733
0.2807044982910156,0.5748134255409241,0.15828052163124084,-1.7291207313537598,-0.11465289443731308,2.294938564300537,-0.8958585262298584
0.2711479365825653,0.5896615982055664,0.1800258606672287,-1.7067461013793945,-0.1321062445640564,2.2845678329467773,-0.8670512437820435
0.26172810792922974,0.6051139235496521,0.20199894905090332,-1.6837480068206787,-0.15014849603176117,2.2737009525299072,-0.8382439613342285
0.25244003534317017,0.6212045550346375,0.22425605356693268,-1.6600946187973022,-0.16882841289043427,2.2623038291931152,-0.8094366788864136
0.24328219890594482,0.6379741430282593,0.24685679376125336,-1.6357511281967163,-0.18820132315158844,2.250340461730957,-0.7806294560432434
0.23425008356571198,0.655468761920929,0.26987284421920776,-1.6106784343719482,-0.20833441615104675,2.2377688884735107,-0.7518221139907837
0.22534111142158508,0.673740565776825,0.2933838665485382,-1.584831714630127,-0.22930175065994263,2.224541187286377,-0.7230148911476135
0.21655254065990448,0.69284987449646,0.3174833357334137,-1.558161735534668,-0.2511936128139496,2.210604667663574,-0.6942076086997986
0.20788155496120453,0.7128666043281555,0.3422800898551941,-1.5306107997894287,-0.27411434054374695,2.1958961486816406,-0.6654003262519836
0.19932621717453003,0.7338722944259644,0.36790239810943604,-1.5021135807037354,-0.2981908917427063,2.1803438663482666,-0.6365930438041687
0.17153865098953247,0.7228478193283081,0.4054569900035858,-1.5337138175964355,-0.325959175825119,2.1891167163848877,-0.6058628559112549
0.143657848238945,0.7130420804023743,0.4426285922527313,-1.5641729831695557,-0.35307934880256653,2.197002410888672,-0.5751326680183411
0.11573304980993271,0.7043967843055725,0.4794401526451111,-1.5935826301574707,-0.37961873412132263,2.204054594039917,-0.5444024801254272
0.08781274408102036,0.6968621015548706,0.5159043073654175,-1.6220190525054932,-0.4056340754032135,2.210317611694336,-0.5136722326278687
0.05994854494929314,0.690394937992096,0.5520232319831848,-1.6495511531829834,-0.4311754107475281,2.2158288955688477,-0.4829420745372772
0.03219519555568695,0.6849591135978699,0.5877887606620789,-1.6762371063232422,-0.4562840461730957,2.2206215858459473,-0.452211856842041
0.0046062590554356575,0.6805212497711182,0.6231887936592102,-1.7021297216415405,-0.4809979498386383,2.224722385406494,-0.4214816689491272
-0.022762225940823555,0.6770517230033875,0.6582036018371582,-1.7272759675979614,-0.5053475499153137,2.228156089782715,-0.390751451253891
-0.04985368624329567,0.6745256185531616,0.6928095817565918,-1.7517164945602417,-0.5293601751327515,2.2309412956237793,-0.3600212633609772
-0.07661248743534088,0.6729193329811096,0.7269807457923889,-1.7754888534545898,-0.5530609488487244,2.233095645904541,-0.32929107546806335
-0.10298287123441696,0.6722121834754944,0.7606882452964783,-1.7986259460449219,-0.5764709115028381,2.234632968902588,-0.29856088757514954
-0.12891137599945068,0.672385573387146,0.7939035892486572,-1.8211588859558105,-0.5996105074882507,2.2355644702911377,-0.2678306996822357
-0.1543460190296173,0.6734224557876587,0.826597273349762,-1.8431140184402466,-0.6224965453147888,2.235898494720459,-0.2371004968881607
-0.14286188781261444,0.6749039888381958,0.8216203451156616,-1.8372948169708252,-0.619803786277771,2.2346081733703613,-0.21324726939201355
-0.1314210295677185,0.6764954328536987,0.8166947960853577,-1.831358551979065,-0.617179274559021,2.233238458633423,-0.1893940418958664
-0.12002767622470856,0.6781976819038391,0.8118250370025635,-1.825303554534912,-0.6146250367164612,2.231788158416748,-0.16554082930088043
-0.10868260264396667,0.6800103187561035,0.8070122003555298,-1.8191301822662354,-0.612140417098999,2.2302584648132324,-0.14168760180473328
-0.09738855808973312,0.681933581829071,0.8022594451904297,-1.8128373622894287,-0.6097270250320435,2.2286479473114014,-0.11783437430858612
-0.08614734560251236,0.6839678883552551,0.7975688576698303,-1.8064239025115967,-0.6073856353759766,2.226956844329834,-0.09398114681243896
-0.07496191561222076,0.6861132979393005,0.7929439544677734,-1.799889326095581,-0.6051175594329834,2.225184440612793,-0.070127934217453
-0.06383160501718521,0.6883697509765625,0.7883844971656799,-1.7932323217391968,-0.6029226779937744,2.2233314514160156,-0.04627469927072525
-0.05276164039969444,0.6907378435134888,0.7838960886001587,-1.7864525318145752,-0.6008031964302063,2.2213966846466064,-0.022421492263674736
-0.04175173491239548,0.6932176351547241,0.7794793248176575,-1.7795484066009521,-0.5987592935562134,2.2193799018859863,0.0014317450113594532
-0.03080398589372635,0.6958094239234924,0.7751369476318359,-1.7725192308425903,-0.5967918634414673,2.2172811031341553,0.025284960865974426
-0.0199205931276083,0.6985138058662415,0.7708719968795776,-1.7653636932373047,-0.5949033498764038,2.2150988578796387,0.04913819953799248
-0.009102865122258663,0.7013312578201294,0.7666869163513184,-1.7580809593200684,-0.5930941700935364,2.2128331661224365,0.07299140095710754
0.0016472613206133246,0.7042620182037354,0.7625841498374939,-1.7506688833236694,-0.5913653373718262,2.2104833126068115,0.0968446359038353
0.012329017743468285,0.7073063850402832,0.7585656046867371,-1.743127465248108,-0.5897179841995239,2.2080492973327637,0.12069784849882126
0.02294043079018593,0.7104653716087341,0.7546342611312866,-1.7354543209075928,-0.5881540179252625,2.2055299282073975,0.1445510983467102
0.03348027169704437,0.7137395739555359,0.7507928609848022,-1.727648377418518,-0.586674690246582,2.2029242515563965,0.16840431094169617
0.0439472571015358,0.7171294093132019,0.7470437288284302,-1.7197080850601196,-0.5852816104888916,2.2002320289611816,0.19225750863552094
0.05433990806341171,0.7206355333328247,0.7433897852897644,-1.7116318941116333,-0.5839766263961792,2.1974520683288574,0.2161107361316681
0.06465709209442139,0.7242593169212341,0.7398337125778198,-1.7034181356430054,-0.5827618837356567,2.1945834159851074,0.23996399343013763
0.07489842176437378,0.7280009984970093,0.7363775372505188,-1.6950647830963135,-0.5816370248794556,2.1916258335113525,0.2638172209262848
0.08506203442811966,0.7318615913391113,0.7330247163772583,-1.686570167541504,-0.5806061625480652,2.188577175140381,0.28767040371894836
0.09514688700437546,0.7358421683311462,0.7297782301902771,-1.6779322624206543,-0.5796709060668945,2.185436725616455,0.3115236759185791
0.10515272617340088,0.739944338798523,0.7266404032707214,-1.6691492795944214,-0.5788323879241943,2.182204008102417,0.33537688851356506
0.11507763713598251,0.7441691160202026,0.723615288734436,-1.6602182388305664,-0.5780943632125854,2.1788763999938965,0.359230101108551
0.12492270022630692,0.7485174536705017,0.7207039594650269,-1.6511374711990356,-0.5774577260017395,2.1754541397094727,0.3830832839012146
0.13468532264232635,0.7529910802841187,0.7179116606712341,-1.6419039964675903,-0.5769262909889221,2.1719346046447754,0.40693655610084534
0.14436540007591248,0.7575915455818176,0.715241014957428,-1.632515788078308,-0.5765023231506348,2.16831636428833,0.4307897686958313
0.1454157829284668,0.7535802125930786,0.7134193778038025,-1.637893557548523,-0.5737301707267761,2.1713664531707764,0.4089125096797943
0.1464734971523285,0.7495908737182617,0.7116225361824036,-1.6432445049285889,-0.5709812641143799,2.174396276473999,0.38703522086143494
0.14753620326519012,0.7456231713294983,0.7098528146743774,-1.6485698223114014,-0.5682567358016968,2.1774048805236816,0.36515796184539795
0.14860546588897705,0.7416773438453674,0.7081076502799988,-1.6538691520690918,-0.5655550956726074,2.180393934249878,0.3432806730270386
0.14968042075634003,0.7377524971961975,0.7063875794410706,-1.6591429710388184,-0.5628757476806641,2.1833624839782715,0.3214034140110016
0.1507624238729477,0.7338484525680542,0.7046907544136047,-1.6643915176391602,-0.5602179169654846,2.186311721801758,0.2995261549949646
0.15185052156448364,0.7299649715423584,0.7030174732208252,-1.6696152687072754,-0.5575816035270691,2.189241647720337,0.2776488661766052
0.15294505655765533,0.7261015176773071,0.7013669013977051,-1.674814224243164,-0.554965615272522,2.192152500152588,0.25577160716056824
0.15404538810253143,0.7222575545310974,0.6997390985488892,-1.6799893379211426,-0.5523693561553955,2.19504451751709,0.23389433324337006
0.1551528424024582,0.7184332013130188,0.6981325149536133,-1.6851401329040527,-0.5497925281524658,2.19791841506958,0.21201705932617188
0.15626585483551025,0.7146280407905579,0.6965482831001282,-1.6902673244476318,-0.5472354888916016,2.2007734775543213,0.1901397854089737
0.15738609433174133,0.7108413577079773,0.6949837803840637,-1.6953710317611694,-0.5446962118148804,2.203610897064209,0.1682625263929367
0.15851226449012756,0.7070735692977905,0.6934404373168945,-1.700451374053955,-0.5421753525733948,2.206430435180664,0.14638525247573853
0.15964458882808685,0.7033236026763916,0.6919173002243042,-1.705509066581726,-0.5396721959114075,2.2092323303222656,0.12450797110795975
0.1607835739850998,0.6995923519134521,0.6904138326644897,-1.7105438709259033,-0.5371862053871155,2.2120168209075928,0.10263071209192276
0.1619292050600052,0.6958778500556946,0.68892902135849,-1.715556263923645,-0.5347162485122681,2.214784622192383,0.08075342327356339
0.16308139264583588,0.6921812891960144,0.6874632835388184,-1.7205463647842407,-0.5322629809379578,2.2175350189208984,0.0588761568069458
0.16424010694026947,0.6885018348693848,0.6860159635543823,-1.72551429271698,-0.5298256278038025,2.220268964767456,0.03699890151619911
0.16540507972240448,0.6848389506340027,0.6845868229866028,-1.7304608821868896,-0.5274031758308411,2.2229866981506348,0.015121609903872013
0.16657757759094238,0.6811927556991577,0.6831741333007812,-1.7353856563568115,-0.5249956846237183,2.2256884574890137,-0.006755652837455273
0.16775543987751007,0.6775632500648499,0.6817801594734192,-1.740289330482483,-0.5226032137870789,2.2283735275268555,-0.02863294444978237
0.168941468000412,0.6739498376846313,0.6804017424583435,-1.7451719045639038,-0.5202250480651855,2.2310433387756348,-0.050510209053754807
0.17013287544250488,0.6703523397445679,0.6790411472320557,-1.7500334978103638,-0.517861008644104,2.233696937561035,-0.0723874568939209
0.17133212089538574,0.6667702794075012,0.6776953935623169,-1.754874587059021,-0.5155094861984253,2.2363357543945312,-0.09426472336053848
0.17253725230693817,0.6632041931152344,0.6763665676116943,-1.7596949338912964,-0.5131719708442688,2.2389585971832275,-0.11614201217889786
0.17374947667121887,0.6596531867980957,0.6750531792640686,-1.7644951343536377,-0.5108469128608704,2.2415664196014404,-0.13801927864551544
0.17496831715106964,0.6561169028282166,0.673754870891571,-1.769275426864624,-0.5085347294807434,2.244159460067749,-0.15989656746387482
0.17619411647319794,0.6525958776473999,0.6724715232849121,-1.7740355730056763,-0.5062342882156372,2.246737480163574,-0.1817738264799118
0.17742745578289032,0.6490893959999084,0.6712020635604858,-1.7787762880325317,-0.503945529460907,2.2493014335632324,-0.2036510854959488
0.1786673218011856,0.6455976366996765,0.6699474453926086,-1.7834970951080322,-0.5016688108444214,2.2518506050109863,-0.22552834451198578
0.17991428077220917,0.6421198844909668,0.6687067747116089,-1.7881988286972046,-0.4994029700756073,2.254385471343994,-0.24740563333034515
0.181167870759964,0.6386566162109375,0.6674801707267761,-1.7928812503814697,-0.4971485435962677,2.2569055557250977,-0.2692829370498657
0.18242907524108887,0.6352071166038513,0.6662663817405701,-1.7975447177886963,-0.4949043095111847,2.2594125270843506,-0.2911601662635803
0.1836974173784256,0.6317711472511292,0.6650658249855042,-1.8021893501281738,-0.4926707446575165,2.2619051933288574,-0.3130374550819397
0.18497216701507568,0.6283488273620605,0.663878858089447,-1.806815266609192,-0.4904474914073944,2.2643840312957764,-0.3349147439002991
0.18625465035438538,0.6249402165412903,0.6627041697502136,-1.81142258644104,-0.4882337749004364,2.2668492794036865,-0.35679197311401367
0.1875441074371338,0.621544361114502,0.6615419387817383,-1.816011667251587,-0.4860289394855499,2.269301176071167,-0.37866926193237305
0.18884168565273285,0.6181615591049194,0.6603907346725464,-1.8205825090408325,-0.4838334918022156,2.271739959716797,-0.4005465507507324
0.19014602899551392,0.6147921085357666,0.6592523455619812,-1.8251352310180664,-0.4816473126411438,2.274165153503418,-0.422423779964447
0.19145746529102325,0.6114349961280823,0.6581256985664368,-1.8296703100204468,-0.4794699549674988,2.2765774726867676,-0.4443010687828064
0.1927761435508728,0.6080905199050903,0.6570107340812683,-1.8341875076293945,-0.47730183601379395,2.2789764404296875,-0.46617835760116577
0.19410301744937897,0.6047586798667908,0.6559060215950012,-1.8386870622634888,-0.4751409888267517,2.281363010406494,-0.48805564641952515
0.1954372078180313,0.6014391779899597,0.6548124551773071,-1.843169093132019,-0.47298842668533325,2.2837367057800293,-0.5099328756332397
0.19677869975566864,0.5981320142745972,0.6537300944328308,-1.847633957862854,-0.4708442986011505,2.286097764968872,-0.5318101644515991
0.19812846183776855,0.5948364734649658,0.6526570916175842,-1.852081537246704,-0.4687066078186035,2.2884469032287598,-0.5536873936653137
0.19948482513427734,0.5915527939796448,0.6515955924987793,-1.8565119504928589,-0.46657752990722656,2.2907824516296387,-0.5755646824836731
0.20084983110427856,0.5882811546325684,0.6505433917045593,-1.8609254360198975,-0.4644547700881958,2.2931065559387207,-0.5974419116973877
0.20222219824790955,0.5850209593772888,0.6495011448860168,-1.865322232246399,-0.4623388946056366,2.2954182624816895,-0.6193192005157471
0.20360253751277924,0.5817723274230957,0.6484684944152832,-1.8697023391723633,-0.4602304697036743,2.297717809677124,-0.6411964893341064
0.20499025285243988,0.5785350203514099,0.6474457383155823,-1.8740657567977905,-0.4581284523010254,2.3000051975250244,-0.6630737781524658
0.20638681948184967,0.5753087401390076,0.6464310884475708,-1.8784128427505493,-0.4560319185256958,2.302281379699707,-0.6849510073661804
0.2077905684709549,0.5720941424369812,0.6454263925552368,-1.8827435970306396,-0.4539424479007721,2.3045451641082764,-0.7068282961845398
0.2092023342847824,0.5688900351524353,0.6444304585456848,-1.887058138847351,-0.4518588185310364,2.3067972660064697,-0.7287055850028992
0.2106228768825531,0.5656965970993042,0.6434423923492432,-1.8913565874099731,-0.4497798681259155,2.3090381622314453,-0.7505828738212585
0.21205103397369385,0.5625144839286804,0.6424633264541626,-1.8956389427185059,-0.4477073848247528,2.3112668991088867,-0.7724602222442627
0.21348750591278076,0.5593425631523132,0.6414923071861267,-1.8999056816101074,-0.4456404447555542,2.3134846687316895,-0.7943374514579773
0.2149328887462616,0.5561814904212952,0.640528678894043,-1.9041564464569092,-0.4435782730579376,2.3156914710998535,-0.8162147402763367
0.21638590097427368,0.5530308485031128,0.6395735740661621,-1.9083913564682007,-0.44152185320854187,2.3178863525390625,-0.8380919098854065
0.21784785389900208,0.5498904585838318,0.6386257410049438,-1.9126110076904297,-0.43946921825408936,2.320070266723633,-0.8599691390991211
0.21931828558444977,0.5467605590820312,0.6376851797103882,-1.9168150424957275,-0.4374217987060547,2.3222434520721436,-0.8818464279174805
0.22079719603061676,0.5436405539512634,0.6367520093917847,-1.9210036993026733,-0.4353785514831543,2.3244051933288574,-0.9037237167358398
0.22228418290615082,0.5405303835868835,0.635826587677002,-1.9251772165298462,-0.4333401024341583,2.3265557289123535,-0.925601065158844
0.2237807810306549,0.5374302864074707,0.6349069476127625,-1.9293354749679565,-0.4313057065010071,2.3286962509155273,-0.9474782943725586
0.22528529167175293,0.5343400239944458,0.6339949369430542,-1.9334787130355835,-0.4292750954627991,2.330825090408325,-0.9693556427955627
0.22679926455020905,0.5312592387199402,0.6330887675285339,-1.937606930732727,-0.4272482991218567,2.332943916320801,-0.9912328720092773
0.22832068800926208,0.5281888842582703,0.6321905255317688,-1.9417202472686768,-0.4252259135246277,2.3350510597229004,-1.0131100416183472
0.22985298931598663,0.5251272320747375,0.6312965750694275,-1.9458186626434326,-0.4232062101364136,2.337148666381836,-1.034987449645996
0.2313932180404663,0.5220754146575928,0.6304097175598145,-1.9499025344848633,-0.4211902916431427,2.339235305786133,-1.056864619255066
0.23294368386268616,0.5190327167510986,0.6295276880264282,-1.9539716243743896,-0.4191773533821106,2.341311454772949,-1.0787420272827148
0.23450280725955963,0.515999436378479,0.6286516785621643,-1.9580262899398804,-0.4171678423881531,2.3433775901794434,-1.1006193161010742
0.23607094585895538,0.5129758715629578,0.627781867980957,-1.9620661735534668,-0.4151613414287567,2.345432758331299,-1.122496485710144
0.23764871060848236,0.5099607110023499,0.6269167065620422,-1.9660918712615967,-0.4131571352481842,2.3474783897399902,-1.1443736553192139
0.2392359972000122,0.5069550275802612,0.626056969165802,-1.9701035022735596,-0.41115614771842957,2.349513530731201,-1.1662509441375732
0.240836039185524,0.50395667552948,0.6251985430717468,-1.9741005897521973,-0.4091547727584839,2.351539134979248,-1.1881282329559326
0.2424420267343521,0.5009688138961792,0.6243489384651184,-1.9780837297439575,-0.4071590006351471,2.3535542488098145,-1.210005521774292
0.24405774474143982,0.497989684343338,0.623504102230072,-1.9820525646209717,-0.40516525506973267,2.3555588722229004,-1.2318828105926514
0.2456827461719513,0.49501946568489075,0.622664213180542,-1.986007571220398,-0.40317416191101074,2.357553482055664,-1.2537600994110107
