1.7502998113632202,0.7045591473579407,-0.8677547574043274,-1.8292185068130493,0.6654234528541565,2.2137537002563477,-1.7779706716537476
1.7310503721237183,0.6883813738822937,-0.84440016746521,-1.8345718383789062,0.6417470574378967,2.2252230644226074,-1.7510850429534912
1.711395263671875,0.6728696823120117,-0.8210040330886841,-1.8398314714431763,0.618423342704773,2.236118793487549,-1.7241992950439453
1.6913245916366577,0.6579902768135071,-0.7975300550460815,-1.8449982404708862,0.595424473285675,2.2464749813079834,-1.697313666343689
1.6708320379257202,0.6437137722969055,-0.7739488482475281,-1.8500721454620361,0.5727259516716003,2.256319284439087,-1.6704280376434326
1.649906039237976,0.6300128698348999,-0.7502268552780151,-1.855053186416626,0.5503024458885193,2.2656803131103516,-1.6435424089431763
1.6285396814346313,0.616864800453186,-0.7263381481170654,-1.8599417209625244,0.5281342267990112,2.274580955505371,-1.6166566610336304
1.606723666191101,0.6042487621307373,-0.7022556662559509,-1.8647382259368896,0.5062024593353271,2.28304386138916,-1.589771032333374
1.5844488143920898,0.5921457409858704,-0.677953839302063,-1.8694431781768799,0.4844878613948822,2.2910895347595215,-1.5628854036331177
1.561710000038147,0.5805407166481018,-0.653412938117981,-1.8740559816360474,0.46297687292099,2.298734188079834,-1.5359997749328613
1.5384975671768188,0.5694187879562378,-0.628609299659729,-1.8785773515701294,0.44165316224098206,2.3059964179992676,-1.5091140270233154
1.514807105064392,0.5587681531906128,-0.6035259962081909,-1.8830076456069946,0.4205045998096466,2.31289005279541,-1.482228398323059
1.4906322956085205,0.5485777854919434,-0.5781448483467102,-1.887346625328064,0.3995187282562256,2.319429636001587,-1.4553427696228027
1.465968132019043,0.5388383269309998,-0.5524498224258423,-1.8915950059890747,0.3786821663379669,2.3256280422210693,-1.4284571409225464
1.4408137798309326,0.5295411944389343,-0.5264297127723694,-1.8957526683807373,0.35798683762550354,2.331495523452759,-1.40157151222229
1.4151636362075806,0.5206809639930725,-0.5000694394111633,-1.8998197317123413,0.33742091059684753,2.3370447158813477,-1.3746857643127441
1.3890199661254883,0.5122509002685547,-0.4733623266220093,-1.9037965536117554,0.3169758915901184,2.342284679412842,-1.3478001356124878
1.3623846769332886,0.504246711730957,-0.4463012218475342,-1.907683253288269,0.2966439723968506,2.3472237586975098,-1.3209145069122314
1.3352596759796143,0.49666455388069153,-0.4188803434371948,-1.911480188369751,0.2764156460762024,2.3518707752227783,-1.294028878211975
1.3076492547988892,0.48950162529945374,-0.391096293926239,-1.915187120437622,0.2562839090824127,2.356233596801758,-1.2671431303024292
1.2795634269714355,0.4827556312084198,-0.36295193433761597,-1.9188047647476196,0.23624202609062195,2.360318660736084,-1.2402575016021729
1.2510098218917847,0.4764247536659241,-0.33444759249687195,-1.922333002090454,0.2162821888923645,2.3641326427459717,-1.2133718729019165
1.2220020294189453,0.4705084264278412,-0.3055903911590576,-1.9257718324661255,0.19639882445335388,2.3676810264587402,-1.1864861249923706
1.1925500631332397,0.46500521898269653,-0.27638354897499084,-1.9291220903396606,0.17658230662345886,2.370969533920288,-1.1596004962921143
1.1626787185668945,0.45991650223731995,-0.24684664607048035,-1.9323831796646118,0.15683220326900482,2.374001979827881,-1.132714867591858
1.1324052810668945,0.4552417993545532,-0.21699059009552002,-1.9355558156967163,0.1371413916349411,2.3767833709716797,-1.1058292388916016
1.1017520427703857,0.45098215341567993,-0.18683162331581116,-1.938639760017395,0.11750330775976181,2.37931752204895,-1.0789436101913452
1.0707451105117798,0.44713813066482544,-0.15639109909534454,-1.9416354894638062,0.0979134812951088,2.3816075325012207,-1.0520578622817993
1.0394130945205688,0.4437103569507599,-0.1256917417049408,-1.9445432424545288,0.07836738973855972,2.3836562633514404,-1.025172233581543
1.007785677909851,0.4407004117965698,-0.0947582870721817,-1.947363018989563,0.058859698474407196,2.3854660987854004,-0.9982865452766418
0.9758966565132141,0.4381095767021179,-0.06361934542655945,-1.9500949382781982,0.039385706186294556,2.38703989982605,-0.9714009165763855
0.9437814950942993,0.43593916296958923,-0.032305438071489334,-1.9527395963668823,0.01994169130921364,2.3883795738220215,-0.9445152878761292
0.9114767909049988,0.4341893792152405,-0.0008482157718390226,-1.9552968740463257,0.0005220227176323533,2.3894858360290527,-0.917629599571228
0.8790231943130493,0.4328615367412567,0.030716288834810257,-1.9577668905258179,-0.018875442445278168,2.39035964012146,-0.8907439708709717
0.8464592099189758,0.43195661902427673,0.062354281544685364,-1.9601502418518066,-0.03825702145695686,2.391002655029297,-0.8638582229614258
0.8138272762298584,0.43147602677345276,0.09402824938297272,-1.9624465703964233,-0.05762571096420288,2.3914146423339844,-0.8369725942611694
0.7811699509620667,0.43141958117485046,0.12569992244243622,-1.9646567106246948,-0.07698570936918259,2.3915958404541016,-0.8100869655609131
0.7485283017158508,0.4317876100540161,0.1573328971862793,-1.966780185699463,-0.09634094685316086,2.391545057296753,-0.783201277256012
0.7159455418586731,0.4325803816318512,0.18888860940933228,-1.968818187713623,-0.1156955435872078,2.391263008117676,-0.7563156485557556
0.6834636330604553,0.4337981343269348,0.22032970190048218,-1.9707698822021484,-0.13505366444587708,2.390747308731079,-0.7294299602508545
0.6511227488517761,0.43544086813926697,0.2516201138496399,-1.9726362228393555,-0.1544184684753418,2.389997959136963,-0.7025443315505981
0.6189637184143066,0.43750855326652527,0.2827240228652954,-1.9744173288345337,-0.1737949699163437,2.389012336730957,-0.6756587028503418
0.5870228409767151,0.43999987840652466,0.313609778881073,-1.9761130809783936,-0.1931869387626648,2.387787342071533,-0.6487730741500854
0.5553380846977234,0.4429156482219696,0.34424400329589844,-1.977724313735962,-0.21259811520576477,2.386322021484375,-0.6218872666358948
0.5239430665969849,0.44625481963157654,0.3745972216129303,-1.9792507886886597,-0.23203270137310028,2.384613037109375,-0.5950016379356384
0.4928700625896454,0.45001736283302307,0.4046425521373749,-1.9806931018829346,-0.2514955699443817,2.3826568126678467,-0.5681160092353821
0.4621480405330658,0.4542030692100525,0.43435558676719666,-1.9820512533187866,-0.27098968625068665,2.3804492950439453,-0.5412303805351257
0.43180400133132935,0.45881161093711853,0.4637143611907959,-1.9833258390426636,-0.29052120447158813,2.377986431121826,-0.5143447518348694
0.4018624424934387,0.4638447165489197,0.49269944429397583,-1.9845167398452759,-0.31009361147880554,2.3752639293670654,-0.4874589741230011
0.37234386801719666,0.4693010151386261,0.5212978720664978,-1.9856246709823608,-0.3297119736671448,2.3722758293151855,-0.46057337522506714
0.3432677984237671,0.475182443857193,0.5494912266731262,-1.9866498708724976,-0.34938135743141174,2.369016647338867,-0.4336877465248108
0.31465017795562744,0.4814910888671875,0.5772711634635925,-1.9875922203063965,-0.36910751461982727,2.3654801845550537,-0.40680208802223206
0.2865028381347656,0.4882282614707947,0.604631245136261,-1.9884523153305054,-0.38889533281326294,2.361658811569214,-0.3799164593219757
0.2588393986225128,0.4953964054584503,0.6315640211105347,-1.9892306327819824,-0.4087497293949127,2.357546329498291,-0.3530307114124298
0.23166687786579132,0.5030001997947693,0.6580687165260315,-1.9899272918701172,-0.428678035736084,2.3531334400177,-0.3261450529098511
0.20499184727668762,0.5110428929328918,0.6841450333595276,-1.9905428886413574,-0.44868549704551697,2.3484110832214355,-0.2992594540119171
0.17881858348846436,0.5195298194885254,0.7097954154014587,-1.9910776615142822,-0.4687801003456116,2.3433704376220703,-0.27237382531166077
0.15314850211143494,0.5284677743911743,0.735025942325592,-1.9915316104888916,-0.48896798491477966,2.3379993438720703,-0.24548818171024323
0.1279824674129486,0.5378636717796326,0.7598427534103394,-1.9919055700302124,-0.5092577934265137,2.332286834716797,-0.21860240399837494
0.10332003235816956,0.5477268099784851,0.784254789352417,-1.9921996593475342,-0.5296573638916016,2.3262205123901367,-0.1917167603969574
0.07915894687175751,0.5580667853355408,0.8082724213600159,-1.9924142360687256,-0.5501744151115417,2.319786548614502,-0.16483113169670105
0.05549358204007149,0.5688953995704651,0.8319104909896851,-1.9925497770309448,-0.5708205103874207,2.3129689693450928,-0.1379455029964447
0.03232061117887497,0.5802255272865295,0.8551817536354065,-1.99260675907135,-0.5916041731834412,2.3057522773742676,-0.11105985939502716
0.009633898735046387,0.5920730829238892,0.8781028389930725,-1.9925854206085205,-0.6125380396842957,2.2981181144714355,-0.08417411893606186
-0.012573965825140476,0.6044548153877258,0.900692343711853,-1.9924862384796143,-0.6336339116096497,2.290046215057373,-0.057288482785224915
-0.034308381378650665,0.6173905730247498,0.9229680895805359,-1.9923095703125,-0.6549053192138672,2.2815158367156982,-0.03040284663438797
-0.05557816103100777,0.6309024691581726,0.9449517130851746,-1.9920557737350464,-0.6763654351234436,2.2725024223327637,-0.003517210716381669
-0.07639218121767044,0.6450153589248657,0.9666666388511658,-1.9917255640029907,-0.6980330944061279,2.2629799842834473,0.02336842566728592
-0.09675750881433487,0.6597583889961243,0.9881357550621033,-1.9913190603256226,-0.7199244499206543,2.2529191970825195,0.05025419592857361
-0.11668296158313751,0.6751629710197449,1.009385585784912,-1.9908368587493896,-0.7420604825019836,2.242288112640381,0.07713980227708817
-0.13617832958698273,0.6912660598754883,1.0304454565048218,-1.9902793169021606,-0.7644635438919067,2.2310495376586914,0.10402543842792511
-0.1552489846944809,0.7081081867218018,1.0513420104980469,-1.9896470308303833,-0.7871575951576233,2.219165563583374,0.13091106712818146
-0.17390528321266174,0.7257373332977295,1.0721105337142944,-1.9889402389526367,-0.8101726770401001,2.2065889835357666,0.157796710729599
-0.19215460121631622,0.744206428527832,1.092785358428955,-1.9881597757339478,-0.8335397243499756,2.193270206451416,0.18468248844146729
-0.2100026160478592,0.7635770440101624,1.1134040355682373,-1.9873056411743164,-0.8572964072227478,2.1791510581970215,0.21156811714172363
-0.22745740413665771,0.7839213013648987,1.134010672569275,-1.986378788948059,-0.881485641002655,2.1641650199890137,0.23845374584197998
-0.24452510476112366,0.8053216338157654,1.154653549194336,-1.9853792190551758,-0.906157374382019,2.148235321044922,0.26533937454223633
-0.2612086832523346,0.8278736472129822,1.1753840446472168,-1.984307885169983,-0.9313690662384033,2.131274938583374,0.29222503304481506
-0.27751269936561584,0.851691722869873,1.1962647438049316,-1.98316490650177,-0.9571909308433533,2.1131794452667236,0.31911078095436096
-0.29343846440315247,0.876911461353302,1.2173662185668945,-1.9819512367248535,-0.9837050437927246,2.0938260555267334,0.3459964096546173
-0.30898594856262207,0.9036973118782043,1.2387731075286865,-1.9806668758392334,-1.0110135078430176,2.073066234588623,0.37288203835487366
-0.2719089984893799,0.8437474370002747,1.1848344802856445,-1.9772241115570068,-0.945855975151062,2.1189494132995605,0.33900633454322815
-0.23230044543743134,0.7917086482048035,1.13130784034729,-1.9734212160110474,-0.8841731548309326,2.1577839851379395,0.30513066053390503
-0.1901269406080246,0.7460252642631531,1.0774177312850952,-1.9692449569702148,-0.8250617980957031,2.1910014152526855,0.2712549567222595
-0.14532627165317535,0.705642819404602,1.022596836090088,-1.964682698249817,-0.7679104804992676,2.2195944786071777,0.2373792678117752
-0.09782733768224716,0.669818639755249,0.9664105772972107,-1.9597214460372925,-0.7122868895530701,2.24428129196167,0.2035035789012909
-0.047565750777721405,0.6380178332328796,0.9085210561752319,-1.9543486833572388,-0.6578706502914429,2.265599250793457,0.16962788999080658
0.0055071208626031876,0.6098505258560181,0.848665177822113,-1.9485517740249634,-0.6044136881828308,2.283961534500122,0.13575221598148346
0.061406683176755905,0.5850310921669006,0.786652684211731,-1.9423189163208008,-0.5517202019691467,2.2996904850006104,0.10187651216983795
0.12010820209980011,0.5633543133735657,0.7223635315895081,-1.9356375932693481,-0.4996308386325836,2.313040018081665,0.06800083070993423
0.18153133988380432,0.5446737408638,0.6557522416114807,-1.9284961223602295,-0.4480118751525879,2.3242130279541016,0.034125130623579025
0.2455301433801651,0.5288894772529602,0.5868544578552246,-1.920883297920227,-0.39674776792526245,2.3333706855773926,0.0002494497748557478
0.28276267647743225,0.5307148098945618,0.5431161522865295,-1.900361180305481,-0.36931121349334717,2.3310577869415283,-0.031493861228227615
0.3201780319213867,0.5335836410522461,0.49901312589645386,-1.879349708557129,-0.34155699610710144,2.3281118869781494,-0.06323716789484024
0.35766687989234924,0.53751140832901,0.4546239376068115,-1.8578283786773682,-0.31345808506011963,2.324521780014038,-0.09498047828674316
0.39511987566947937,0.5425153374671936,0.41002240777015686,-1.8357735872268677,-0.28498539328575134,2.3202714920043945,-0.12672379612922668
0.43243294954299927,0.5486123561859131,0.3652794659137726,-1.813161015510559,-0.25610679388046265,2.3153440952301025,-0.158467099070549
0.46950843930244446,0.5558227300643921,0.32044944167137146,-1.7899624109268188,-0.22678345441818237,2.3097164630889893,-0.19021040201187134
0.5062536597251892,0.564167320728302,0.2755783796310425,-1.766148567199707,-0.1969742774963379,2.3033642768859863,-0.22195373475551605
0.5425875782966614,0.5736717581748962,0.23069578409194946,-1.7416861057281494,-0.16663075983524323,2.296257972717285,-0.2536970376968384
0.5784345865249634,0.5843649506568909,0.1858186572790146,-1.7165385484695435,-0.13569708168506622,2.288362979888916,-0.2854403555393219
0.6137292385101318,0.596280038356781,0.14094576239585876,-1.690665364265442,-0.10411040484905243,2.2796390056610107,-0.31718364357948303
0.6484162211418152,0.6094573140144348,0.09605610370635986,-1.6640214920043945,-0.07179614156484604,2.270040988922119,-0.34892693161964417
0.6824483275413513,0.6239455342292786,0.05110814794898033,-1.6365561485290527,-0.03866800665855408,2.2595152854919434,-0.3806702494621277
0.7157886028289795,0.6398009061813354,0.0060357991605997086,-1.6082117557525635,-0.004624289460480213,2.2479987144470215,-0.4124135673046112
0.7035539746284485,0.619148313999176,0.009182642214000225,-1.6438109874725342,-0.006921932566910982,2.262927770614624,-0.4379020035266876
0.6906558871269226,0.5991398692131042,0.012788208201527596,-1.6781773567199707,-0.009480616077780724,2.277256727218628,-0.4633904695510864
0.6770573258399963,0.5797284245491028,0.01687910221517086,-1.7114012241363525,-0.01230113860219717,2.2910265922546387,-0.48887890577316284
0.6627151966094971,0.5608750581741333,0.021489180624485016,-1.7435593605041504,-0.015387015417218208,2.304271697998047,-0.5143673419952393
0.647586464881897,0.5425471663475037,0.026651956140995026,-1.7747185230255127,-0.018740039318799973,2.317020893096924,-0.5398557782173157
0.6316222548484802,0.5247169733047485,0.03240765258669853,-1.8049355745315552,-0.022364746779203415,2.3292999267578125,-0.5653442144393921
0.6147710084915161,0.5073617100715637,0.03879926726222038,-1.8342607021331787,-0.026263881474733353,2.341130256652832,-0.5908327102661133
0.5969763994216919,0.4904633164405823,0.04587496444582939,-1.862736463546753,-0.030442029237747192,2.3525307178497314,-0.6163211464881897
0.5781770944595337,0.4740064740180969,0.053687915205955505,-1.8904006481170654,-0.034903962165117264,2.3635172843933105,-0.6418096423149109
0.5583069324493408,0.45797982811927795,0.06229688227176666,-1.9172865152359009,-0.0396542102098465,2.374103546142578,-0.6672980189323425
0.5372963547706604,0.4423756003379822,0.07176356017589569,-1.9434224367141724,-0.04469746723771095,2.384302854537964,-0.6927865147590637
0.5150668025016785,0.4271877706050873,0.0821598693728447,-1.9688329696655273,-0.05003932863473892,2.3941235542297363,-0.7182748913764954
0.4915381371974945,0.41241455078125,0.09355858713388443,-1.9935407638549805,-0.05568361282348633,2.403575897216797,-0.7437633872032166
0.36953070759773254,0.37669602036476135,0.17377163469791412,-2.0571155548095703,-0.09713000804185867,2.4263112545013428,-0.744708776473999
0.22969409823417664,0.34730881452560425,0.2681676149368286,-2.11409330368042,-0.14103083312511444,2.44500994682312,-0.7456541657447815
0.07203228771686554,0.3250811696052551,0.3769524097442627,-2.164616107940674,-0.18761621415615082,2.459650993347168,-0.7465996146202087
-0.10086847096681595,0.3109292984008789,0.4978022873401642,-2.2087230682373047,-0.23703370988368988,2.4701435565948486,-0.7475450038909912
-0.2832053601741791,0.30564191937446594,0.6252564191818237,-2.2463815212249756,-0.28934717178344727,2.4763343334198,-0.7484903931617737
-0.4666885733604431,0.3096531927585602,0.7514692544937134,-2.277512550354004,-0.3445371091365814,2.4780092239379883,-0.7494357824325562
-0.6427505612373352,0.3229403495788574,0.8684354424476624,-2.3020145893096924,-0.4025093913078308,2.4748904705047607,-0.7503812313079834
-0.8049526214599609,0.34512457251548767,0.9704057574272156,-2.3197832107543945,-0.463107705116272,2.466630220413208,-0.7513265609741211
-0.9501007795333862,0.3757173717021942,1.0550060272216797,-2.3307301998138428,-0.5261409282684326,2.4527971744537354,-0.7522720098495483
-1.0910122394561768,0.3360685110092163,1.1540992259979248,-2.4071619510650635,-0.5143870711326599,2.481837272644043,-0.7542731761932373
-1.2628530263900757,0.3059503734111786,1.2824103832244873,-2.479902982711792,-0.5082756280899048,2.5063915252685547,-0.7562743425369263
-1.463322639465332,0.2871323227882385,1.4367121458053589,-2.5490589141845703,-0.5079352855682373,2.5264835357666016,-0.7582754492759705
-1.485122561454773,0.2970045804977417,1.4615609645843506,-2.5569279193878174,-0.5259507298469543,2.5235185623168945,-0.7274974584579468
-1.5050764083862305,0.3071424067020416,1.4846051931381226,-2.5646793842315674,-0.5438867807388306,2.520291805267334,-0.6967194676399231
-1.5233129262924194,0.31753620505332947,1.5059771537780762,-2.5723142623901367,-0.5617445707321167,2.5167980194091797,-0.6659414768218994
-1.539948582649231,0.328178346157074,1.5257964134216309,-2.579834222793579,-0.5795242786407471,2.5130343437194824,-0.6351634860038757
-1.5550931692123413,0.3390628695487976,1.5441763401031494,-2.587239980697632,-0.5972263813018799,2.5089950561523438,-0.604385495185852
-1.5688457489013672,0.35018593072891235,1.5612190961837769,-2.5945324897766113,-0.614851176738739,2.5046753883361816,-0.5736075043678284
-1.581294059753418,0.36154353618621826,1.577015995979309,-2.601713180541992,-0.6323981881141663,2.5000715255737305,-0.5428295135498047
-1.5925263166427612,0.37313705682754517,1.5916578769683838,-2.6087827682495117,-0.6498690843582153,2.495176076889038,-0.512051522731781
-1.6026159524917603,0.38496580719947815,1.6052216291427612,-2.6157424449920654,-0.6672631502151489,2.489983558654785,-0.4812735319137573
-1.6116318702697754,0.3970312178134918,1.6177791357040405,-2.6225929260253906,-0.6845808029174805,2.484488010406494,-0.45049554109573364
-1.619639277458191,0.4093371033668518,1.6293985843658447,-2.629335403442383,-0.7018234729766846,2.4786815643310547,-0.41971755027770996
-1.6266950368881226,0.42188799381256104,1.6401398181915283,-2.6359705924987793,-0.718990683555603,2.4725565910339355,-0.3889395594596863
-1.63285231590271,0.4346875250339508,1.6500592231750488,-2.6424994468688965,-0.7360829710960388,2.4661061763763428,-0.3581615686416626
-1.6749755144119263,0.4202653169631958,1.671810507774353,-2.653742551803589,-0.718432605266571,2.477034330368042,-0.3584864139556885
-1.7176504135131836,0.406869500875473,1.6941453218460083,-2.6643927097320557,-0.7012858390808105,2.4871795177459717,-0.35881125926971436
-1.7607524394989014,0.3944127857685089,1.7169275283813477,-2.674447774887085,-0.6846035122871399,2.4966063499450684,-0.35913610458374023
-1.8041439056396484,0.38281160593032837,1.7400124073028564,-2.683905601501465,-0.6683492660522461,2.50537371635437,-0.3594609200954437
-1.847692608833313,0.37198394536972046,1.7632620334625244,-2.6927647590637207,-0.6524866819381714,2.5135364532470703,-0.3597857654094696
-1.8912606239318848,0.3618529140949249,1.7865374088287354,-2.7010233402252197,-0.6369824409484863,2.5211431980133057,-0.3601106107234955
-1.9347138404846191,0.35234206914901733,1.8097058534622192,-2.7086801528930664,-0.6218017339706421,2.5282387733459473,-0.36043545603752136
-1.9779200553894043,0.34337809681892395,1.8326404094696045,-2.715733051300049,-0.6069130301475525,2.534864902496338,-0.36076030135154724
-2.020753860473633,0.334890216588974,1.855217456817627,-2.7221810817718506,-0.5922829508781433,2.5410590171813965,-0.3610851466655731
-2.0630955696105957,0.3268093466758728,1.8773276805877686,-2.7280232906341553,-0.5778800845146179,2.5468556880950928,-0.3614099621772766
-2.104835033416748,0.3190689980983734,1.8988702297210693,-2.733259439468384,-0.5636728405952454,2.552286148071289,-0.3617348074913025
-2.1458704471588135,0.311606764793396,1.9197546243667603,-2.737888813018799,-0.5496292114257812,2.5573792457580566,-0.36205965280532837
-2.186105966567993,0.3043614625930786,1.9398969411849976,-2.7419116497039795,-0.5357186794281006,2.5621612071990967,-0.36238449811935425
-2.1948561668395996,0.3073558509349823,1.9108235836029053,-2.732990026473999,-0.5442119836807251,2.5581679344177246,-0.3903874158859253
-2.199373483657837,0.3099023103713989,1.878610610961914,-2.7223639488220215,-0.5518579483032227,2.5540056228637695,-0.41839030385017395
-2.1997604370117188,0.3120671808719635,1.8434557914733887,-2.710078716278076,-0.5585500001907349,2.5496909618377686,-0.446393221616745
-2.196120023727417,0.31392666697502136,1.8055377006530762,-2.6961829662323,-0.5641996264457703,2.5452358722686768,-0.47439613938331604
-2.1885621547698975,0.3155653774738312,1.7650223970413208,-2.680725336074829,-0.5687348246574402,2.5406460762023926,-0.5023990273475647
-2.1772048473358154,0.31707239151000977,1.7220654487609863,-2.6637558937072754,-0.5721017718315125,2.535923480987549,-0.5304019451141357
-2.1621782779693604,0.3185434341430664,1.6768172979354858,-2.645322322845459,-0.5742611289024353,2.531064987182617,-0.5584048628807068
-2.1436376571655273,0.3200749456882477,1.6294376850128174,-2.625471353530884,-0.5751877427101135,2.526061534881592,-0.5864077806472778
-2.1217548847198486,0.32176628708839417,1.5800893306732178,-2.6042466163635254,-0.5748695731163025,2.520902156829834,-0.6144106984138489
-2.0967254638671875,0.3237158954143524,1.5289463996887207,-2.581688404083252,-0.5733054876327515,2.515571117401123,-0.6424135565757751
-2.0687711238861084,0.3260204493999481,1.4761993885040283,-2.557832956314087,-0.5705029368400574,2.5100502967834473,-0.6704164743423462
-2.0381407737731934,0.3287743926048279,1.4220577478408813,-2.53271222114563,-0.5664764642715454,2.5043177604675293,-0.6984193921089172
-2.0050978660583496,0.33206817507743835,1.3667383193969727,-2.5063529014587402,-0.5612474083900452,2.4983510971069336,-0.7264223098754883
-1.9699381589889526,0.33598750829696655,1.3104851245880127,-2.4787774085998535,-0.5548398494720459,2.4921231269836426,-0.7544252276420593
-1.9329609870910645,0.34061387181282043,1.253539800643921,-2.4500012397766113,-0.5472826957702637,2.4856064319610596,-0.7824282050132751
-1.8944836854934692,0.3460197150707245,1.1961642503738403,-2.4200353622436523,-0.5386038422584534,2.478771209716797,-0.8104310631752014
-1.8548171520233154,0.3522743880748749,1.1386061906814575,-2.3888840675354004,-0.5288359522819519,2.4715864658355713,-0.8384339213371277
-1.8142764568328857,0.35943785309791565,1.081117868423462,-2.3565454483032227,-0.5180068016052246,2.464017629623413,-0.8664368987083435
-1.7731577157974243,0.36756643652915955,1.0239315032958984,-2.3230109214782715,-0.5061469674110413,2.4560296535491943,-0.8944397568702698
-1.7317394018173218,0.3767092823982239,0.9672598838806152,-2.2882637977600098,-0.4932818114757538,2.447585105895996,-0.922442615032196
-1.6902767419815063,0.3869127929210663,0.9112919569015503,-2.2522809505462646,-0.4794361889362335,2.43864369392395,-0.9504455924034119
-1.6489983797073364,0.3982188105583191,0.8561909794807434,-2.215029716491699,-0.4646313488483429,2.4291610717773438,-0.9784484505653381
-1.6080973148345947,0.41066789627075195,0.8020778894424438,-2.176469326019287,-0.4488827884197235,2.4190919399261475,-1.0064514875411987
-1.567742109298706,0.4243007004261017,0.7490530014038086,-2.136547565460205,-0.4322037398815155,2.408383846282959,-1.034454345703125
-1.5280611515045166,0.439161479473114,0.6971719264984131,-2.095200538635254,-0.4145999848842621,2.396982431411743,-1.0624572038650513
-1.489160418510437,0.4552956223487854,0.6464651226997375,-2.052351951599121,-0.396070271730423,2.384824275970459,-1.090460181236267
-1.451115369796753,0.47275787591934204,0.5969285368919373,-2.007908344268799,-0.3766070604324341,2.371840715408325,-1.1184630393981934
-1.4423903226852417,0.47713497281074524,0.5940500497817993,-2.0004289150238037,-0.3770722448825836,2.3688371181488037,-1.1381429433822632
-1.4337913990020752,0.4815833270549774,0.5912907123565674,-1.9928616285324097,-0.3776013255119324,2.3657803535461426,-1.1578227281570435
-1.4253177642822266,0.4861043393611908,0.5886507034301758,-1.9852056503295898,-0.3781958520412445,2.3626694679260254,-1.1775026321411133
-1.4169672727584839,0.49069663882255554,0.5861289501190186,-1.9774607419967651,-0.37885576486587524,2.359503746032715,-1.197182536125183
-1.4087435007095337,0.49536290764808655,0.583730161190033,-1.96962571144104,-0.37958526611328125,2.3562827110290527,-1.2168623208999634
-1.4006431102752686,0.5001022219657898,0.5814517140388489,-1.9617000818252563,-0.38038283586502075,2.3530056476593018,-1.2365422248840332
-1.3926658630371094,0.5049146413803101,0.5792950391769409,-1.9536832571029663,-0.3812498450279236,2.3496716022491455,-1.2562220096588135
-1.384810209274292,0.5098013281822205,0.5772590637207031,-1.9455740451812744,-0.3821873664855957,2.346280097961426,-1.2759019136428833
-1.3770747184753418,0.5147615671157837,0.5753437280654907,-1.937372088432312,-0.3831954300403595,2.3428311347961426,-1.2955816984176636
-1.3694578409194946,0.5197972059249878,0.5735490322113037,-1.9290761947631836,-0.38427507877349854,2.3393232822418213,-1.3152616024017334
-1.3619613647460938,0.5249075889587402,0.5718778371810913,-1.9206855297088623,-0.38542845845222473,2.3357551097869873,-1.3349415063858032
-1.3545799255371094,0.5300943851470947,0.5703262686729431,-1.9121993780136108,-0.3866558372974396,2.3321280479431152,-1.3546212911605835
-1.3473156690597534,0.5353569388389587,0.5688977837562561,-1.903616189956665,-0.3879580497741699,2.3284387588500977,-1.3743011951446533
-1.3401668071746826,0.5406972169876099,0.5675921440124512,-1.8949352502822876,-0.389337956905365,2.3246874809265137,-1.3939810991287231
-1.333132028579712,0.5461153984069824,0.5664097666740417,-1.886155366897583,-0.3907952606678009,2.3208730220794678,-1.4136608839035034
-1.3262087106704712,0.5516121983528137,0.5653490424156189,-1.8772754669189453,-0.39233097434043884,2.316995143890381,-1.4333407878875732
-1.319398045539856,0.5571886301040649,0.5644137859344482,-1.868294358253479,-0.39394837617874146,2.31305193901062,-1.4530205726623535
-1.3126972913742065,0.5628459453582764,0.5636023879051208,-1.8592102527618408,-0.39564746618270874,2.3090429306030273,-1.4727004766464233
-1.3061063289642334,0.568584144115448,0.5629167556762695,-1.8500224351882935,-0.3974301517009735,2.3049662113189697,-1.4923803806304932
-1.2996222972869873,0.5744053721427917,0.5623560547828674,-1.8407292366027832,-0.3992981016635895,2.3008217811584473,-1.5120601654052734
-1.293245792388916,0.5803103446960449,0.5619229078292847,-1.8313289880752563,-0.4012533128261566,2.296607255935669,-1.5317400693893433
-1.286973476409912,0.5863000154495239,0.5616159439086914,-1.8218204975128174,-0.4032976031303406,2.2923223972320557,-1.551419973373413
-1.2808059453964233,0.5923755764961243,0.5614379644393921,-1.8122022151947021,-0.40543150901794434,2.287965774536133,-1.5710997581481934
-1.2747410535812378,0.5985393524169922,0.561389684677124,-1.8024717569351196,-0.4076593518257141,2.2835350036621094,-1.5907796621322632
-1.2687780857086182,0.6047913432121277,0.5614723563194275,-1.7926278114318848,-0.4099820852279663,2.279029369354248,-1.610459566116333
-1.262915015220642,0.6111348271369934,0.5616869926452637,-1.7826683521270752,-0.4124022424221039,2.274446964263916,-1.6301393508911133
-1.2571511268615723,0.6175699830055237,0.5620351433753967,-1.772591233253479,-0.4149220287799835,2.269786834716797,-1.649819254875183
-1.2514853477478027,0.6240994930267334,0.5625191926956177,-1.762394905090332,-0.4175446331501007,2.2650461196899414,-1.6694990396499634
-1.2459144592285156,0.6307244300842285,0.5631383061408997,-1.7520768642425537,-0.4202709197998047,2.2602248191833496,-1.6891789436340332
-1.240440011024475,0.6374473571777344,0.5638976693153381,-1.741634488105774,-0.42310598492622375,2.255319595336914,-1.708858847618103
-1.2350592613220215,0.6442704796791077,0.5647981762886047,-1.7310656309127808,-0.4260528087615967,2.250328540802002,-1.7285386323928833
-1.2297700643539429,0.6511956453323364,0.5658405423164368,-1.7203675508499146,-0.4291124939918518,2.2452504634857178,-1.7482185363769531
-1.2245732545852661,0.6582249402999878,0.5670297741889954,-1.7095379829406738,-0.43229052424430847,2.240082263946533,-1.767898440361023
-1.2194660902023315,0.6653616428375244,0.5683675408363342,-1.6985737085342407,-0.4355902373790741,2.2348217964172363,-1.7875782251358032
-1.2144477367401123,0.6726077198982239,0.5698568224906921,-1.687471866607666,-0.43901482224464417,2.2294669151306152,-1.807258129119873
-1.209517478942871,0.6799668669700623,0.5715015530586243,-1.6762293577194214,-0.44256922602653503,2.2240142822265625,-1.8269379138946533
-1.20467209815979,0.6874414086341858,0.5733030438423157,-1.6648428440093994,-0.4462578594684601,2.2184629440307617,-1.8466178178787231
-1.199912667274475,0.6950352191925049,0.5752683281898499,-1.6533085107803345,-0.45008593797683716,2.2128078937530518,-1.8662976026535034
-1.1952362060546875,0.7027509808540344,0.5773988366127014,-1.6416229009628296,-0.4540572166442871,2.2070469856262207,-1.8859776258468628
-1.190643072128296,0.7105928063392639,0.5797016024589539,-1.6297825574874878,-0.4581792652606964,2.201176643371582,-1.905657410621643
-1.1861302852630615,0.7185648679733276,0.5821797251701355,-1.6177825927734375,-0.4624563157558441,2.1951937675476074,-1.925337314605713
-1.1816977262496948,0.7266713976860046,0.5848395824432373,-1.6056184768676758,-0.4668956995010376,2.1890947818756104,-1.9450170993804932
-1.1773436069488525,0.7349162697792053,0.5876864194869995,-1.5932862758636475,-0.4715039134025574,2.182875394821167,-1.964697003364563
-1.1730668544769287,0.7433043718338013,0.5907272696495056,-1.5807807445526123,-0.47628864645957947,2.1765313148498535,-1.9843769073486328
-1.1688663959503174,0.7518420219421387,0.5939695835113525,-1.5680961608886719,-0.48125791549682617,2.170057773590088,-2.004056692123413
-1.1647411584854126,0.7605336308479309,0.5974211096763611,-1.5552277565002441,-0.48642128705978394,2.163450241088867,-2.0237364768981934
-1.1606889963150024,0.769385576248169,0.6010892391204834,-1.5421686172485352,-0.4917869567871094,2.1567037105560303,-2.0434165000915527
-1.1567093133926392,0.7784044742584229,0.6049840450286865,-1.5289127826690674,-0.4973665177822113,2.1498122215270996,-2.063096284866333
-1.152801275253296,0.7875970005989075,0.60911625623703,-1.5154533386230469,-0.5031704902648926,2.1427698135375977,-2.0827760696411133
-1.1489626169204712,0.7969701886177063,0.6134958863258362,-1.501783847808838,-0.5092111229896545,2.135570526123047,-2.1024560928344727
-1.1451928615570068,0.806533694267273,0.6181364059448242,-1.4878947734832764,-0.5155026316642761,2.128206253051758,-2.122135877609253
-1.1414899826049805,0.8162959218025208,0.6230505108833313,-1.473778486251831,-0.5220588445663452,2.1206703186035156,-2.141815662384033
-1.1378531455993652,0.8262652158737183,0.6282534003257751,-1.4594266414642334,-0.5288960933685303,2.112954616546631,-2.1614956855773926
-1.1342809200286865,0.8364535570144653,0.6337623596191406,-1.4448280334472656,-0.5360331535339355,2.1050491333007812,-2.181175470352173
-1.130772590637207,0.8468717932701111,0.6395963430404663,-1.4299736022949219,-0.5434900522232056,2.096944570541382,-2.200855255126953
-1.1273252964019775,0.8575329780578613,0.6457743644714355,-1.4148507118225098,-0.5512877702713013,2.088630199432373,-2.2205350399017334
-1.1239397525787354,0.868450403213501,0.6523218154907227,-1.3994481563568115,-0.5594518184661865,2.0800933837890625,-2.2402150630950928
-1.1206119060516357,0.8796403408050537,0.6592616438865662,-1.383751392364502,-0.5680081844329834,2.0713231563568115,-2.259894847869873
-1.1173434257507324,0.891118586063385,0.6666269898414612,-1.367746114730835,-0.5769907832145691,2.0623021125793457,-2.2795746326446533
-1.1141293048858643,0.902905285358429,0.6744464635848999,-1.3514163494110107,-0.5864306092262268,2.0530166625976562,-2.2992546558380127
-1.110971212387085,0.9150217771530151,0.6827620267868042,-1.3347437381744385,-0.5963703393936157,2.0434470176696777,-2.318934202194214
-1.1078641414642334,0.9274912476539612,0.6916122436523438,-1.3177094459533691,-0.6068522930145264,2.033574342727661,-2.3386142253875732
-1.104809284210205,0.9403394460678101,0.7010483145713806,-1.3002924919128418,-0.6179284453392029,2.0233757495880127,-2.3582942485809326
-1.1018033027648926,0.9535990953445435,0.7111274003982544,-1.2824673652648926,-0.6296594142913818,2.012824058532715,-2.377974033355713
-1.09884512424469,0.9673044681549072,0.7219152450561523,-1.2642087936401367,-0.6421128511428833,2.0018904209136963,-2.397653818130493
-1.0959314107894897,0.9814934134483337,0.7334855794906616,-1.2454867362976074,-0.6553659439086914,1.9905428886413574,-2.4173338413238525
-1.0930601358413696,0.996216356754303,0.7459330558776855,-1.2262663841247559,-0.6695184111595154,1.9787390232086182,-2.437013626098633
-1.0902289152145386,1.0115245580673218,0.7593622803688049,-1.2065114974975586,-0.6846766471862793,1.9664353132247925,-2.456693410873413
-1.0874385833740234,1.027482032775879,0.7739076018333435,-1.1861767768859863,-0.7009773254394531,1.9535762071609497,-2.4763734340667725
-1.0846829414367676,1.0441648960113525,0.789720892906189,-1.1652145385742188,-0.7185818552970886,1.9400978088378906,-2.4960532188415527
-1.08195161819458,1.0616720914840698,0.8069930672645569,-1.1435647010803223,-0.7376912236213684,1.9259217977523804,-2.515733003616333
-1.079247236251831,1.0801135301589966,0.8259700536727905,-1.121161937713623,-0.7585542798042297,1.9109511375427246,-2.5354127883911133
-1.0765620470046997,1.0996317863464355,0.8469555974006653,-1.0979247093200684,-0.7814861536026001,1.8950672149658203,-2.5550925731658936
-1.073889970779419,1.1204077005386353,0.870346188545227,-1.0737597942352295,-0.8068965673446655,1.8781170845031738,-2.574772596359253
-1.0712224245071411,1.1426795721054077,0.8966693878173828,-1.048551321029663,-0.8353284001350403,1.8599013090133667,-2.5944526195526123
-1.0685489177703857,1.1667683124542236,0.9266481399536133,-1.0221586227416992,-0.867527961730957,1.840149998664856,-2.6141321659088135
-1.0658541917800903,1.193121075630188,0.961306095123291,-0.9944038391113281,-0.9045488834381104,1.8184869289398193,-2.633812189102173
